Reporter Identifier	VALUE
637798406	0.20497954
637798407	0.353616039
637798408	0.050966246
637798409	-1.036619007
637798410	0.450704194
637798411	-0.141506477
637798412	0.089159249
637798413	-0.202111731
637798414	-0.242684909
637798415	0.044660609
637798416	-0.960011456
637798417	-0.403739984
637798418	0.245629431
637798419	-0.335277066
637798420	0.02275206
637798421	-0.110884153
637798422	0.061434713
637798423	-0.008244395
637798424	0.47483265
637798425	-0.038862509
637798426	-0.289826422
637798427	-0.358613455
637798428	-0.630405952
637798429	-0.170313129
637798430	0.052777686
637798431	0.179823859
637798432	0.06152736
637798433	0.068166107
637798434	0.058212736
637798435	-0.086301204
637798436	0.057758132
637798437	0.51905511
637798438	0.168355579
637798439	0.004253287
637798440	0.222699165
637798441	-0.143114458
637798442	-0.074315858
637798443	-0.295375505
637798444	1.029671868
637798445	0.250692347
637798446	-0.36867394
637798448	-0.527281455
637798449	0.138309688
637798450	-0.106652328
637798451	0.258844177
637798452	-0.479551251
637798453	-0.306396197
637798454	-0.601807064
637798455	-0.856280291
637798456	-0.229765497
637798457	-0.035710474
637798458	-0.220179064
637798459	-0.291667129
637798460	-0.076854608
637798461	-0.040298842
637798462	-0.193371486
637798463	-0.232062138
637798464	-0.086857586
637798465	-0.204908681
637798466	0.071566997
637798467	0.048071864
637798468	-0.315338013
637798469	-0.001967013
637798470	-0.091226492
637798471	-0.410932583
637798472	0.110783163
637798473	-0.096319102
637798474	-0.201799308
637798475	0.346308188
637798476	0.05010133
637798477	-0.251101181
637798478	-0.027782013
637798479	-0.409580618
637798480	-0.192036276
637798481	0.116417909
637798482	-0.0260948
637798483	-0.076670152
637798484	-0.08811543
637798485	0.050141849
637798486	-0.248841139
637798487	-0.496191706
637798488	-0.22958921
637798489	0.022511119
637798490	-0.180890421
637798491	0.194965587
637798492	0.29405845
637798493	0.09036504
637798494	-0.181472726
637798495	0.191886713
637798496	-0.215517402
637798497	-0.015791206
637798498	-0.847386636
637798499	-0.048090531
637798500	-0.09529348
637798501	-0.681604658
637798502	-0.606457197
637798503	-0.043759901
637798504	-0.229874713
637798505	-0.324395403
637798506	0.082204615
637798507	-0.160957347
637798508	0.188779505
637798509	-0.139352291
637798510	0.029935542
637798511	-0.085189053
637798512	-0.070950267
637798513	-0.147271481
637798514	0.011396088
637798515	0.034584672
637798516	0.425403157
637798517	0.12199793
637798518	-0.05593904
637798519	-0.033754915
637798520	-0.298663884
637798521	-0.163708456
637798522	0.018819144
637798523	0.064215147
637798524	-0.072309435
637798525	-0.190506513
637798526	-0.281521047
637798527	-0.038720706
637798528	-0.059658985
637798529	-0.024008833
637798530	0.274728297
637798531	-0.013038516
637798532	-0.001837036
637798533	0.187198793
637798534	-0.378467375
637798535	0.04584147
637798536	-0.039725243
637798537	0.162408111
637798538	0.180022804
637798539	0.201201871
637798540	0.181926044
637798541	0.046522313
637798542	-0.031117672
637798543	-0.111793014
637798544	-0.641403582
637798545	-0.30333995
637798546	-0.084248255
637798547	-0.040401614
637798548	0.171417976
637798549	-0.256857346
637798550	0.088965205
637798551	0.003409242
637798552	-0.189700397
637798553	-0.089447616
637798554	0.333493555
637798555	0.037144226
637798556	-0.303119437
637798557	-0.055799393
637798558	-0.10368936
637798559	-0.049233322
637798560	0.032696791
637798561	0.239400285
637798562	-0.698098203
637798563	0.073051182
637798564	0.03378651
637798565	0.008603632
637798566	0.328257547
637798567	-0.091083549
637798568	-0.002501937
637798569	-0.113898076
637798570	-0.17131105
637798571	0.127839133
637798572	0.398139277
637798573	-0.11585019
637798574	-0.273457986
637798575	0.386068245
637798576	-0.070273566
637798577	0.079025165
637798578	-0.140433637
637798579	-0.179244304
637798580	-0.060272767
637798581	-0.097560448
637798582	-0.070249133
637798583	-0.114250297
637798584	0.175338315
637798585	-0.32761926
637798586	0.327507508
637798587	0.139063531
637798588	-0.251604427
637798589	-0.097429066
637798590	0.070536559
637798591	0.041294197
637798592	0.061672915
637798593	-0.003490396
637798594	-0.034415714
637798595	-0.142897691
637798596	-0.201548443
637798597	-0.067567965
637798598	0.034319678
637798599	-0.709876972
637798600	-0.015162867
637798601	-0.081902002
637798602	-0.126941682
637798603	-0.145266744
637798604	0.315794506
637798605	0.029128682
637798606	0.150886485
637798607	0.185059586
637798608	0.496802596
637798609	0.224759139
637798610	0.304982174
637798611	0.191933489
637798612	-0.08410751
637798613	0.131008902
637798614	-0.143782006
637798615	-0.16040403
637798616	-0.051680979
637798617	-0.150368625
637798618	-0.001711282
637798619	0.100607119
637798620	-0.136646562
637798621	-0.444938428
637798622	0.22073662
637798623	-0.049427838
637798624	-0.190260746
637798625	-0.145908493
637798626	-0.167780353
637798627	0.062614694
637798628	0.054863915
637798629	-0.175877414
637798630	-0.055631868
637798631	0.224370825
637798632	-0.046591936
637798633	0.281587679
637798634	-0.436859615
637798635	-0.463693818
637798636	-0.208354387
637798637	0.297116599
637798638	0.034054049
637798639	-0.058863695
637798640	-0.00729494
637798641	-0.618111275
637798642	-1.066579431
637798643	-0.135701499
637798644	0.017254782
637798645	0.034831682
637798646	-0.576533553
637798647	0.178392427
637798648	-0.111706301
637798649	0.348006179
637798650	0.463220028
637798651	0.378660027
637798652	-0.384729425
637798653	-0.168314919
637798654	-0.025184404
637798655	-0.504362603
637798656	0.071948309
637798657	-0.0787505
637798658	-0.081145255
637798659	-0.65590976
637798660	0.168185502
637798661	0.297315775
637798662	0.138777868
637798663	0.02032618
637798664	-0.397643794
637798665	-0.917436746
637798666	0.420236157
637798667	0.053049209
637798668	0.009283217
637798669	-0.106918409
637798670	-0.060084249
637798671	-0.182648633
637798672	-0.202936015
637798673	0.052439953
637798674	-0.150555439
637798675	-1.056094578
637798676	-0.155413257
637798677	0.060057516
637798678	-0.029606093
637798679	-0.012075438
637798680	-0.055613347
637798681	-0.263646037
637798682	-0.17600511
637798683	0.10107256
637798684	0.425123615
637798685	0.409800074
637798686	-0.008691104
637798687	0.072661547
637798688	-0.072453173
637798689	0.102926973
637798690	-0.025866214
637798691	-0.510633951
637798692	-0.102147018
637798693	-0.213005823
637798694	0.065916712
637798695	-0.257813035
637798696	0.014350573
637798697	0.372061982
637798698	0.142227994
637798699	-0.3806817
637798700	-0.255643278
637798701	-0.327561382
637798702	0.207303178
637798703	-0.123586278
637798704	-0.063349187
637798705	-0.040239767
637798706	-0.151075532
637798707	0.202836722
637798708	0.437794973
637798709	0.154826028
637798710	0.73573581
637798711	0.322464546
637798712	-0.003481872
637798713	-0.066979584
637798714	-0.290182206
637798715	-0.352579496
637798716	0.106283006
637798717	0.181426322
637798718	0.38276378
637798719	-0.103761977
637798720	0.038658685
637798721	-0.09022352
637798722	0.300931907
637798723	-0.263587438
637798724	-0.317397534
637798725	0.118086854
637798726	0.00529953
637798727	-0.11670991
637798728	0.000919124
637798729	-0.065361459
637798730	-0.052798303
637798731	0.329756199
637798732	-0.256822261
637798733	0.133606486
637798734	0.121927684
637798735	0.006148017
637798736	-0.100070107
637798737	-0.006221065
637798738	0.16197859
637798739	0.25971721
637798740	0.301870108
637798741	-0.390250467
637798742	-0.046586502
637798743	0.007123687
637798744	-0.047119489
637798745	0.145244777
637798746	0.110237087
637798747	-0.084302269
637798748	0.453730174
637798749	-0.300917642
637798750	-0.995733853
637798751	0.012803859
637798752	0.03933726
637798753	-0.283749561
637798754	0.295431598
637798755	0.199029441
637798756	-0.382853394
637798757	-0.620591633
637798758	0.049784
637798759	-0.302055341
637798760	0.242719463
637798761	0.182654981
637798762	0.249725679
637798763	-0.053926048
637798764	-0.161799156
637798765	-0.106193769
637798766	0.004900213
637798767	-0.428699944
637798768	-0.211198853
637798769	0.157541439
637798770	0.056951598
637798771	-0.145655733
637798772	-0.040011838
637798773	-0.084392143
637798774	0.197996355
637798775	0.429481327
637798776	0.401526939
637798777	0.31796825
637798778	-0.182847087
637798779	-0.210571356
637798780	-0.079681774
637798781	-0.417012082
637798782	-0.434000598
637798783	-0.658120237
637798784	-0.345875763
637798785	-0.415042455
637798786	-0.259961864
637798787	-0.407782854
637798788	-0.207364321
637798789	-0.041556445
637798790	0.162644895
637798791	-0.230766815
637798792	0.194163087
637798793	-0.028217917
637798794	-0.418968034
637798795	-0.272935849
637798796	0.206902618
637798797	-0.060494655
637798798	-0.117597557
637798799	-0.31150559
637798800	0.360320091
637798801	-0.2447233
637798802	-0.089563545
637798803	0.06110128
637798804	-0.657414527
637798805	-0.366822901
637798806	-0.049896625
637798807	0.047737404
637798808	0.002360541
637798809	-0.249185558
637798810	-0.282315202
637798811	0.029979476
637798812	-0.137248868
637798813	-0.772526451
637798814	-0.010271225
637798815	-0.297720878
637798816	-0.16302049
637798817	-0.08158694
637798818	0.225314242
637798819	-0.023081595
637798820	-0.098085552
637798821	-0.248311725
637798822	-0.399369092
637798823	-0.141183918
637798824	-0.424653526
637798825	-0.448046964
637798826	-0.095833985
637798827	-0.695029327
637798828	-0.04078674
637798829	0.185414207
637798830	-0.154094272
637798831	-0.423972948
637798832	-0.118359578
637798833	-0.046858155
637798834	0.22505535
637798835	-0.672644323
637798836	-0.165936477
637798837	-0.084972857
637798838	0.088109807
637798839	-0.173859714
637798840	-0.221635567
637798841	-0.050153895
637798842	-0.049348164
637798843	-0.164073388
637798844	-0.051737734
637798845	-0.247760424
637798846	0.108334155
637798847	-0.095186864
637798848	-0.000744205
637798849	-0.238793127
637798850	-0.531689679
637798851	0.160607471
637798852	0.374448524
637798853	0.301384258
637798854	0.108131127
637798855	-0.275272314
637798856	-0.490399633
637798857	-0.001947693
637798858	-0.011276058
637798860	0.04157117
637798861	0.021566703
637798862	0.005922084
637798863	0.316100853
637798864	0.232822915
637798865	0.139383288
637798866	-0.250509961
637798867	0.121071228
637798868	-0.184516964
637798869	-0.176399005
637798870	-0.016967767
637798871	-0.495587423
637798872	-1.570433266
637798873	-0.439461523
637798874	0.194346526
637798875	0.151066904
637798876	-0.469496791
637798877	0.006507527
637798878	-0.387558054
637798879	-0.083090174
637798880	-0.57872164
637798881	-0.152933801
637798882	0.16538827
637798883	0.387259694
637798884	0.156106427
637798885	-0.009923481
637798886	-0.10629471
637798887	-0.227714608
637798888	-0.328698804
637798889	-0.884317243
637798890	-1.137198202
637798891	0.015650033
637798892	-0.052734541
637798893	-0.029221715
637798894	-0.709265683
637798895	0.475176619
637798896	-0.15582595
637798897	0.052005254
637798898	-0.013212202
637798899	0.085621093
637798900	0.418182829
637798901	-0.039391728
637798902	-0.48748557
637798903	-0.031195359
637798904	0.019982775
637798905	0.175288413
637798906	0.616626926
637798907	-0.081454017
637798908	0.181024054
637798909	0.017914523
637798910	-0.019807688
637798911	-0.167928798
637798912	-0.685092987
637798913	-0.23360985
637798914	-0.452501526
637798915	-0.021521347
637798916	-0.301791536
637798917	-0.015925791
637798918	-0.188639699
637798919	-0.223254804
637798920	0.157215829
637798921	-0.248685946
637798922	0.02912745
637798923	-0.293338876
637798924	-0.022876932
637798926	0.060388572
637798927	0.047203187
637798928	-0.016100082
637798929	0.131806606
637798930	0.169336353
637798931	-0.115818598
637798932	-0.40923905
637798933	-0.079649239
637798934	-0.296530773
637798935	0.158953226
637798936	0.267813248
637798937	0.36716107
637798938	0.126164338
637798939	-0.013933359
637798940	0.059461205
637798941	0.003214672
637798942	-0.194033314
637798943	-0.521463153
637798944	-0.06712097
637798945	0.282624028
637798946	0.034657078
637798947	0.080289773
637798948	-0.401420963
637798949	-0.109686636
637798950	0.046442211
637798951	0.15933897
637798952	-0.171692367
637798953	-0.044326208
637798954	-0.024073355
637798955	-0.228188119
637798956	-0.355208873
637798957	-0.356903818
637798958	0.225683622
637798959	-1.082089448
637798960	-0.031827099
637798961	-0.343111146
637798962	0.083717008
637798963	0.005562262
637798964	0.36854092
637798965	0.096238045
637798966	-0.252145949
637798967	-0.12587458
637798968	-0.100053731
637798969	-0.00627698
637798970	-0.032034402
637798971	-0.049291745
637798972	-0.091106738
637798973	-0.190344503
637798974	-0.058933055
637798975	0.134193562
637798976	-0.462910037
637798977	-0.932945004
637798978	-0.165891888
637798979	0.234376985
637798980	-0.0331684
637798981	0.114138606
637798982	0.107860904
637798983	-0.165311354
637798984	0.138585992
637798985	-0.44136255
637798986	-0.417742799
637798987	0.018028076
637798988	0.013815931
637798989	0.439086479
637798990	0.065950037
637798991	0.349195822
637798992	-0.111100914
637798993	-0.24137777
637798994	-0.115161367
637798998	-0.049066683
637798999	-0.066719306
637799000	-0.062789597
637799001	0.344153701
637799002	0.587780643
637799003	-0.093968818
637799004	-0.273773762
637799005	-0.133683104
637799006	-0.824424031
637799007	0.186537514
637799008	-0.306449051
637799009	-0.42770851
637799010	0.580936808
637799011	-0.084403463
637799012	0.025668395
637799013	-0.391736621
637799014	-0.746602843
637799015	-0.31230778
637799016	-0.097052036
637799017	-0.125664992
637799018	-0.268393018
637799019	-0.153502878
637799020	0.058305923
637799021	-0.020204269
637799022	-0.024985999
637799023	-0.227775712
637799024	0.024576273
637799025	0.156281865
637799026	-0.132207161
637799027	0.147572776
637799028	0.097999191
637799029	0.097863654
637799030	-0.110406832
637799031	-0.032807971
637799032	0.110430624
637799033	0.011915059
637799035	-0.31336188
637799036	0.0633309
637799037	-0.024033901
637799038	-0.107192669
637799039	0.097230021
637799040	-0.188682787
637799041	0.338068863
637799042	-0.643692065
637799043	0.460612184
637799044	0.40676988
637799045	-0.217844831
637799046	0.151972151
637799047	0.080975943
637799048	0.004097393
637799049	0.170403868
637799050	0.064850888
637799051	0.18578247
637799052	0.189388656
637799053	-0.004674611
637799054	0.132057445
637799055	0.066469514
637799056	0.297724473
637799057	-0.081562774
637799058	0.141247059
637799059	0.639979491
637799060	0.503598179
637799061	-0.230683742
637799062	-0.004232848
637799063	0.113284777
637799064	0.44756969
637799065	-0.229868407
637799066	-0.355998966
637799067	-0.075001028
637799068	-0.159360247
637799069	-0.524122455
637799070	-0.262234041
637799071	-0.111553485
637799072	0.31464895
637799073	0.065516561
637799074	0.035511401
637799075	-0.014698783
637799076	-0.103236065
637799077	0.077575948
637799078	0.077586239
637799079	-0.805373239
637799080	-0.191636222
637799081	0.014915575
637799082	0.130225787
637799083	0.151308904
637799084	0.244332436
637799085	0.071664455
637799086	-0.698361439
637799087	0.161150593
637799088	-0.152340289
637799089	0.054569341
637799090	-0.183334503
637799091	-0.142698152
637799092	0.051360265
637799093	0.171876955
637799094	-0.262460498
637799095	0.031344052
637799096	-0.296168428
637799097	0.100521452
637799098	0.030626409
637799099	0.226447823
637799100	-0.004337745
637799101	-0.003967947
637799102	-0.437429125
637799103	-0.09563473
637799104	-0.122463779
637799105	0.000376766
637799106	0.100573864
637799107	-0.430990055
637799108	0.003748799
637799109	0.33942709
637799110	0.083456889
637799111	-0.581516718
637799112	-0.01294951
637799113	-0.055062117
637799114	0.020358929
637799115	0.480350743
637799116	0.538424803
637799117	0.433980191
637799118	-0.659793493
637799119	0.031084927
637799121	0.101143665
637799122	-0.352381163
637799123	0.280321182
637799124	-0.037438575
637799125	-0.138875316
637799126	-0.022088529
637799127	-0.407507728
637799128	-0.930655668
637799129	-0.070861214
637799130	-0.026879982
637799131	-0.126224897
637799132	-0.033931552
637799133	-0.301646375
637799134	-0.056854126
637799135	-0.033455638
637799136	-0.339320375
637799137	0.071379132
637799138	0.01633124
637799139	-0.040670607
637799140	-0.10046637
637799141	-0.028968097
637799142	-0.111767949
637799143	0.048338764
637799144	0.056101906
637799146	0.117410901
637799147	-0.143410126
637799148	-0.146087105
637799149	0.259418186
637799150	0.163356135
637799151	-0.122316846
637799152	0.089818559
637799153	-0.035218303
637799154	-0.156996074
637799155	0.005173314
637799157	0.210963974
637799158	-0.114687219
637799159	0.124042453
637799160	-0.241208989
637799161	0.191233375
637799162	0.057732826
637799163	0.141545498
637799164	0.182719845
637799165	0.136555724
637799166	-0.144016458
637799167	0.117533521
637799168	-0.00114738
637799169	-0.01097979
637799170	-0.187893824
637799171	-0.04351546
637799172	-0.059680938
637799173	-0.174224089
637799174	-0.350675553
637799175	-0.109964018
637799176	-0.454706694
637799177	-0.691041954
637799178	-0.069493441
637799179	-0.231182409
637799180	-0.107195989
637799181	-0.119477582
637799182	0.042250649
637799184	0.20661928
637799185	0.212898559
637799186	0.248531833
637799187	-0.055237578
637799188	-0.175333552
637799189	-0.183151022
637799190	-0.191489827
637799191	-0.068772316
637799192	-0.071354629
637799193	0.145523903
637799194	0.004591159
637799195	-0.202184168
637799196	0.125611699
637799197	0.273055066
637799198	0.001380144
637799199	0.216126855
637799200	0.044109883
637799201	0.111535577
637799202	-0.163412065
637799203	-0.054052708
637799204	-0.71106361
637799205	-0.362556616
637799206	-0.389514561
637799207	-0.000205708
637799208	0.135322412
637799209	-0.301624753
637799210	0.109211438
637799211	-0.160168357
637799212	0.23737731
637799213	0.781550169
637799214	0.081068354
637799215	0.225634032
637799216	-0.59456276
637799217	-0.084347847
637799218	-0.029425824
637799220	-0.083877334
637799221	0.102638311
637799222	0.224348527
637799223	0.044576985
637799224	-0.048795171
637799225	-0.187932943
637799226	0.050606491
637799227	0.021550917
637799228	-0.03425242
637799229	-0.197564039
637799230	-0.061067683
637799231	0.413461303
637799232	0.206624823
637799233	-0.122189438
637799234	0.116608544
637799235	0.06896996
637799236	0.077462896
637799237	0.061869228
637799238	0.011603725
637799239	-0.075665969
637799240	0.013889151
637799241	-0.080585152
637799242	-0.061084186
637799243	-0.246308824
637799244	0.299744713
637799245	0.300404306
637799246	0.170371518
637799247	0.204574063
637799248	-0.143800216
637799249	0.00439752
637799250	0.522571778
637799251	-0.145344189
637799252	0.152213002
637799253	-0.058449768
637799254	-0.04098724
637799255	-0.13345952
637799256	0.16265504
637799257	0.058773933
637799258	0.088242584
637799259	-0.184883988
637799260	-0.341653376
637799261	-0.087056788
637799262	-0.045994288
637799263	-0.959367795
637799264	-0.285412666
637799265	0.005069282
637799266	-0.130158242
637799267	-0.153787529
637799268	-0.026624408
637799270	-0.009171299
637799271	-2.035166494
637799272	-1.821773055
637799273	-1.861245301
637799274	-1.319540337
637799275	-1.231339362
637799276	-0.870895182
637799277	0.166157167
637799278	0.320204673
637799279	0.03042049
637799280	0.042881925
637799281	-0.018963281
637799282	-0.937851884
637799283	0.07190214
637799284	-0.160593951
637799285	-0.182212002
637799286	-0.077006538
637799287	-0.362835613
637799288	-0.050641728
637799289	-0.072734129
637799290	-0.15309829
637799291	-0.132068908
637799292	0.205313244
637799293	0.086162547
637799294	-0.28521589
637799295	-0.175655247
637799296	-0.130041357
637799297	0.022842393
637799298	0.162880066
637799299	-0.039160989
637799300	0.358490642
637799301	-0.577679488
637799302	-0.033201615
637799303	-0.079135365
637799304	0.052879942
637799305	-0.023275217
637799307	0.040179047
637799308	0.25081342
637799309	-0.258484736
637799310	-0.062773841
637799311	0.025596771
637799312	0.008177861
637799313	0.234628583
637799314	0.03292864
637799315	0.130698178
637799316	-0.0269928
637799317	-0.555917947
637799318	-0.127994838
637799319	-0.004309715
637799320	0.033086117
637799321	0.103711267
637799322	-2.849712825
637799323	-2.311743821
637799324	-0.681909422
637799325	-0.695235186
637799326	-0.069416951
637799327	-0.062261672
637799328	-0.335067061
637799329	-0.224967337
637799330	0.003375943
637799331	-0.184895836
637799332	-0.071723244
637799333	-0.093298604
637799334	-0.140690141
637799335	-0.198458865
637799336	-0.131930722
637799337	-0.33076638
637799338	-0.088926311
637799339	-0.095828546
637799340	0.076688626
637799341	0.041832927
637799343	0.057559789
637799344	-0.056661178
637799345	-0.039178956
637799346	-0.169554697
637799347	0.007761084
637799348	0.019298897
637799349	-0.025116861
637799350	-0.041966742
637799351	0.059744077
637799352	0.016185387
637799353	0.051308995
637799354	-0.149788869
637799355	-0.167709973
637799356	0.071791699
637799357	0.109475581
637799358	-0.689319853
637799359	-0.485596602
637799360	0.206632688
637799361	0.164030346
637799362	-0.086375239
637799363	-0.047168997
637799364	-0.308272727
637799366	0.006920449
637799367	0.212662106
637799368	0.494522211
637799369	0.431165725
637799370	-0.206405199
637799371	-0.323240097
637799372	-0.202943738
637799373	0.01836644
637799374	-0.159390414
637799375	-0.02025543
637799376	0.233024341
637799377	0.008876451
637799378	0.019019903
637799379	0.221878871
637799380	-0.134311346
637799381	0.243597651
637799382	0.113658508
637799383	-0.746456
637799384	-0.095647486
637799385	0.205571365
637799386	0.117829435
637799387	-0.690087517
637799388	0.198902137
637799389	-0.17734909
637799390	-0.318631921
637799391	0.163512906
637799392	0.074370416
637799393	-0.325174286
637799394	-0.190206715
637799395	-0.095084719
637799396	-0.071674202
637799397	-0.209658822
637799398	-0.185145843
637799399	-0.102835715
637799400	-0.254341917
637799401	-0.123501888
637799402	-0.024844539
637799403	-0.162780979
637799404	-0.068893175
637799405	-0.204746862
637799406	-0.218329972
637799407	-0.19583663
637799408	0.233953133
637799409	0.021185074
637799410	0.052244711
637799411	0.046846239
637799412	0.187501702
637799413	-0.139360597
637799414	-0.097149266
637799415	0.028697338
637799416	-0.072872004
637799417	-0.020500413
637799418	0.082282175
637799419	-0.056464591
637799420	0.020649227
637799422	-0.366932491
637799423	0.152246575
637799424	-0.127289885
637799425	0.066630457
637799426	-0.416860815
637799427	-0.114638115
637799428	-0.018278583
637799429	0.066391833
637799430	0.17956006
637799431	-0.027540201
637799432	-0.102025082
637799433	-0.249211793
637799434	-0.795004016
637799435	-0.482350605
637799436	-0.674759714
637799437	0.111117307
637799438	-0.00194973
637799439	0.203226685
637799440	0.077122296
637799441	0.114586282
637799442	-0.019885366
637799443	-0.049477709
637799444	0.100452872
637799445	-0.124452838
637799448	-0.404566468
637799449	-0.338574108
637799450	0.158998235
637799451	-0.362815665
637799452	0.155359409
637799453	-0.406328305
637799454	0.746325089
637799455	0.428341594
637799456	0.029565403
637799457	-0.121595523
637799458	0.132565777
637799459	0.082224925
637799460	0.084183032
637799461	-0.03011247
637799462	0.088165956
637799463	0.134661124
637799464	-1.075634369
637799465	-0.068830099
637799466	0.365228402
637799467	0.115851153
637799468	0.080408501
637799469	0
637799470	0
637799471	0.196021002
637799472	0.343746805
637799473	-0.049230833
637799474	0.407896295
637799475	-0.245207388
637799476	-0.165612135
637799477	-0.099533763
637799478	0.079241237
637799479	0.243222334
637799480	0.034582412
637799481	-0.020657987
637799482	0.103638159
637799483	-0.222712881
637799484	-0.470006465
637799485	-0.393754978
637799486	0.197571415
637799489	-0.043962829
637799490	-0.191791129
637799491	0.028069949
637799492	-0.128396488
637799493	-0.119979124
637799494	0.099493894
637799495	0.294747101
637799497	0.114238053
637799498	-0.081883444
637799499	0.275201178
637799500	0.035170608
637799501	-0.042621982
637799502	0.15175386
637799503	-0.180631572
637799504	0.158650929
637799505	-0.173631504
637799506	-0.288304634
637799508	-0.028180325
637799509	0.163793964
637799510	0.096647005
637799511	0.076223919
637799512	-0.31781563
637799513	0.171285343
637799514	-0.016150613
637799515	0.0056858
637799516	0.002398894
637799517	-1.083247497
637799518	0.186241715
637799519	0.254778968
637799520	0.505805892
637799521	0.285983641
637799522	0.290598594
637799523	0.017042278
637799524	0.029652275
637799525	0.098830846
637799526	-0.068387113
637799527	-0.041208125
637799528	-0.008854078
637799529	-0.077230858
637799530	-0.204345786
637799531	0.053572032
637799532	0.002683885
637799533	-0.197631246
637799534	-0.1440096
637799535	-0.041618435
637799536	-0.204243604
637799537	0.187645761
637799538	0.191046728
637799539	0.041999721
637799540	0.063171247
637799541	0.264328488
637799542	0.282002631
637799543	-0.798713462
637799544	-0.047546678
637799545	-0.15373667
637799546	0.139329063
637799547	-0.228224021
637799548	-0.100546968
637799549	-0.167366836
637799550	0.070391997
637799551	-0.758905759
637799552	-0.038370119
637799553	0.020743366
637799554	-0.009610603
637799555	-0.255387779
637799556	-0.289545978
637799557	0.116674955
637799558	-0.013994717
637799559	-0.190474855
637799560	-0.165696445
637799561	-0.913739206
637799562	0.211387565
637799563	0.231867537
637799564	-0.069918486
637799565	0.016120381
637799566	-0.047261576
637799567	-0.301266722
637799568	-0.226139449
637799569	-0.198054476
637799570	-0.257721796
637799571	-0.332270337
637799572	-0.23605802
637799573	0.13295416
637799574	-0.133582364
637799575	-0.557158888
637799576	0.336738732
637799577	0.075738369
637799578	-0.394829353
637799579	-0.282076479
637799580	0.015604454
637799581	-0.055671953
637799582	0.576493594
637799583	0.642589328
637799584	-0.363900229
637799585	0.058846627
637799586	0.175547004
637799587	-0.085969665
637799588	0.111711505
637799589	0.300380546
637799590	0.818708377
637799591	-0.096826749
637799592	0.147578685
637799594	-0.054066433
637799595	-0.027921394
637799596	-0.017445638
637799597	-0.045480954
637799598	0.114068416
637799599	0.080010558
637799600	-0.157137778
637799601	0.141623933
637799602	-0.434616125
637799603	-0.043142795
637799604	-0.166636471
637799605	0.182786018
637799606	0.13447356
637799607	-0.358741664
637799608	-0.399316868
637799609	-0.097515505
637799610	0.18899225
637799611	-0.109584006
637799612	-0.279990441
637799613	0.09086126
637799614	-0.177277869
637799615	-0.313356521
637799616	-0.069011971
637799617	0.287745851
637799618	-0.129422036
637799619	-0.107387423
637799620	-0.034862317
637799621	0.051334015
637799622	0.304282071
637799623	-0.183025149
637799624	0.175828989
637799625	-0.039580137
637799626	0.053765929
637799627	-0.005395494
637799628	-0.126181091
637799629	-0.037330701
637799630	-0.192775143
637799631	-0.135919712
637799632	-0.023720035
637799634	-0.124492301
637799635	-0.020844773
637799636	-0.335630784
637799637	0.050834594
637799638	0.204938657
637799639	0.241707838
637799640	0.059259505
637799641	-0.100034435
637799643	0.169248399
637799644	0.122613403
637799645	0.608256407
637799646	0.712342744
637799647	-0.137346791
637799648	0.206661316
637799649	0.156584784
637799650	-0.257632721
637799651	0.105437544
637799652	-0.160147691
637799653	0.05323116
637799654	-0.400816427
637799655	0.270201151
637799656	0.569024574
637799657	-0.33226933
637799658	0.105929819
637799659	0.140380224
637799660	-0.332637627
637799661	-0.115963735
637799662	0.180546707
637799663	0.225520431
637799664	0.073709962
637799665	0.055063949
637799666	-0.211961366
637799667	-0.795822949
637799668	-0.052736004
637799669	0.206248897
637799670	-0.037891283
637799671	-0.051470873
637799672	-0.294759088
637799673	-0.220557095
637799674	-0.279997064
637799675	-0.007867196
637799676	0.117313216
637799677	-0.251642473
637799678	-0.310919323
637799679	-0.236678808
637799680	-0.045009783
637799681	-0.032221468
637799682	0.176091147
637799683	-0.331436201
637799684	-0.056273411
637799685	0.246511448
637799687	-0.105479121
637799688	0.088301437
637799689	-0.12630966
637799690	-0.078285875
637799691	0.07590257
637799692	0.019982746
637799693	0.082497738
637799694	0.025958757
637799695	0.065991151
637799696	-0.177777019
637799697	-0.366703238
637799698	0.067400619
637799699	-0.199967828
637799700	-0.747110478
637799701	-0.202073153
637799702	-0.220960723
637799703	-0.19836857
637799704	-0.167586309
637799705	-0.658627547
637799706	0.014485789
637799707	0.267215652
637799708	-0.271800085
637799709	-0.177766474
637799710	0.299008622
637799711	-0.124175281
637799712	0.058093846
637799713	-0.216704196
637799714	-0.226566768
637799715	-0.022002375
637799716	-0.015779366
637799717	-0.291140865
637799718	-0.214152054
637799719	-0.055824846
637799720	0.625404844
637799721	0.227863535
637799722	0.040643838
637799723	-0.044996838
637799724	-0.280551693
637799725	0.179441647
637799726	0.103948304
637799727	0.087307993
637799728	-0.065776888
637799729	0.120655753
637799730	0.052718077
637799731	0.199456505
637799732	-0.018181679
637799733	-0.285388773
637799734	-0.644571516
637799735	-0.034114258
637799737	0.085046524
637799738	-0.091130744
637799739	-0.156274828
637799740	0.141914
637799741	-0.194470386
637799742	-0.22082905
637799743	-0.387210291
637799744	0.070890637
637799745	-0.292002399
637799746	0.147563237
637799747	-0.165498328
637799748	-0.095543089
637799749	-0.093083624
637799750	-0.004119837
637799751	-0.140904241
637799752	0.03155033
637799753	-0.159464996
637799754	-0.032291697
637799755	-0.03294004
637799756	0.039145024
637799757	0.201625989
637799758	0.017050089
637799759	-0.028906505
637799760	0.1802982
637799761	-0.068457359
637799762	-0.027658409
637799763	0.118513928
637799764	0.300130595
637799765	0.111499966
637799766	-0.100655068
637799767	0.281891489
637799768	0.071386447
637799769	-0.565708606
637799770	-0.330814282
637799771	-0.171395162
637799772	-0.300104341
637799773	-0.027042208
637799774	-0.350204185
637799775	-0.284488477
637799776	-0.271310301
637799777	-0.328887918
637799778	0.113505318
637799779	-0.171087677
637799780	-0.115331987
637799781	-0.060415362
637799782	-0.352368591
637799783	-0.154058231
637799784	-0.071490032
637799785	0.477864252
637799786	-0.203983658
637799787	-0.226457709
637799788	-0.25711644
637799789	0.291144808
637799790	0.049166735
637799791	-0.438218498
637799793	-0.460113162
637799794	-0.300386317
637799795	-0.352580207
637799796	0.0579961
637799797	-0.169313058
637799798	-0.071633031
637799799	-0.181951272
637799800	-0.349265574
637799801	-0.146738556
637799802	-0.387065404
637799803	-0.214529528
637799804	-0.082709353
637799805	-0.430472737
637799806	0.108255376
637799807	-0.114991605
637799808	-0.33778027
637799809	-0.248252563
637799810	-0.184614977
637799811	0.027568074
637799812	-0.009603914
637799813	-0.368399736
637799814	0.262263026
637799815	0.196816493
637799816	0.057000315
637799817	-0.015375525
637799818	-0.2730796
637799819	0.092651943
637799820	0.101033018
637799821	0.082363569
637799822	-0.125996801
637799823	0.173757914
637799824	0.039141401
637799825	0.09154787
637799826	-0.028292509
637799827	0.091530289
637799828	0.142545414
637799829	0.089138175
637799830	-0.104339622
637799831	-0.009343154
637799832	0.027990928
637799833	0.243336821
637799834	0.268626555
637799835	-0.057489259
637799836	-0.091509166
637799837	-0.317166015
637799838	-0.211167097
637799839	-0.725977743
637799840	-0.324144767
637799841	0.019120481
637799842	-0.260929619
637799843	0.264947994
637799844	-0.019522811
637799845	-0.080426275
637799846	-0.312462009
637799847	-0.266375493
637799848	-0.0254621
637799849	0.154642012
637799850	0.10435462
637799851	0.370454691
637799852	0.477364239
637799853	-0.622812448
637799854	-0.660467455
637799855	-0.296060313
637799856	-0.681550964
637799857	-0.195820097
637799858	-0.448257928
637799859	-0.675972671
637799860	0.018845128
637799861	-0.377810117
637799862	-0.214027694
637799863	0.265682157
637799864	-0.33223581
637799865	-0.109947598
637799866	-0.122407478
637799867	-0.169130797
637799868	-0.100057526
637799869	-0.128566749
637799870	0.257480733
637799871	-0.977595655
637799872	0.075493773
637799873	0.003624824
637799874	-0.055275239
637799875	0.104704871
637799876	-0.101675791
637799877	0.2251852
637799878	-0.138082968
637799879	-0.253822871
637799880	-0.038520956
637799881	0.065074842
637799882	-0.333989428
637799883	-0.095963927
637799884	0.103758613
637799885	0.053225153
637799886	0.009174062
637799887	0.156024439
637799888	0.013000969
637799889	0.031371697
637799890	-0.118370043
637799891	0.07395615
637799892	-0.067790342
637799893	-0.143348974
637799894	-0.239159337
637799895	-0.512205021
637799896	-0.060675843
637799897	0.103382761
637799898	-0.123026281
637799899	-0.118458569
637799900	-0.083573001
637799901	-0.10537859
637799902	-0.119044203
637799903	-0.017003035
637799904	-0.1017063
637799905	-0.233195706
637799906	-0.190003395
637799907	-0.792174068
637799908	-0.176581667
637799909	-0.013775733
637799910	0.057846225
637799911	-0.008757635
637799912	-0.051385415
637799913	-0.019889136
637799914	0.043757685
637799915	-0.148061683
637799916	-0.108422819
637799917	-0.258612133
637799918	-0.366522391
637799919	0.102327677
637799921	-0.001696366
637799922	-0.276674985
637799923	-0.000971941
637799924	-0.177494231
637799925	-0.156327064
637799926	-0.090265977
637799927	0.036424206
637799928	-0.074079956
637799929	0.36372554
637799930	0.275533774
637799931	0.046101862
637799932	0.763889703
637799933	0.316244678
637799934	0.12077238
637799935	-0.071930331
637799936	-0.110432708
637799937	0.115888211
637799938	0.197094754
637799939	-0.192109098
637799940	-0.176337689
637799941	-0.343113867
637799942	0.0131098
637799943	0.026092864
637799944	-0.09631803
637799945	-0.047450446
637799946	-0.332162159
637799947	-0.042740414
637799948	-0.221398105
637799949	0.143381637
637799950	0.013127428
637799951	-0.084502708
637799952	-0.071611341
637799953	0.011834824
637799954	0.035931244
637799955	0.106729384
637799956	0.006221531
637799957	-0.024599428
637799958	-0.26571685
637799959	0.15835365
637799960	0.044105031
637799961	0.090336434
637799962	-0.023316305
637799963	0.060745324
637799964	0.107722631
637799965	-0.161248634
637799966	-0.125636782
637799967	-0.388770415
637799968	-0.253002405
637799969	-0.183425918
637799970	0.044721443
637799971	-0.013910715
637799972	-0.662969159
637799973	-0.961805333
637799974	-0.587287785
637799975	-0.370166337
637799976	-0.148355357
637799977	-0.057853719
637799978	0.102071633
637799979	0.045023826
637799980	0.014283848
637799981	-0.643839096
637799982	-0.201785741
637799983	0.128496875
637799984	-0.178877909
637799985	0.017392004
637799986	0.037677176
637799987	-0.557547279
637799988	-0.146007015
637799989	0.707187144
637799990	-0.14478484
637799991	0.029701418
637799992	0.127294745
637799993	0.125439572
637799994	0.050139962
637799995	0.107234645
637799996	-0.219072839
637799997	-0.22976894
637799998	-0.125509772
637799999	0.149317592
637800000	0.143108714
637800001	0.91066565
637800002	-0.381477437
637800003	-0.37342403
637800004	0.101374808
637800005	0.353000067
637800006	0.40374929
637800007	0.395405215
637800008	0.225986404
637800009	-0.132472479
637800010	0.052394807
637800011	0.037854595
637800012	0.19523468
637800013	0.198142038
637800014	-0.064173177
637800015	-0.097259205
637800016	-0.164823996
637800017	-0.064231075
637800018	-0.040195684
637800019	-0.178322674
637800020	-0.743716621
637800021	-0.052480621
637800022	0.054451168
637800023	0.255353435
637800024	0.23284473
637800025	0.115210709
637800026	-0.01469985
637800027	-0.177402488
637800028	0.162968499
637800029	0.199974904
637800030	-0.084105564
637800031	-0.249253003
637800032	-0.418749694
637800033	-0.010517667
637800034	-0.041268859
637800035	0.248660107
637800037	-0.589881499
637800038	-0.16404274
637800039	0.172506841
637800040	-0.259434426
637800041	0.097460765
637800042	-0.051500569
637800043	-0.024042759
637800044	0.640762019
637800045	1.143833112
637800046	1.036559813
637800047	-0.18705598
637800048	0.236182297
637800049	0.288691816
637800052	-0.137506502
637800053	-0.095973155
637800054	0.224153762
637800055	-0.082629008
637800056	0.244860897
637800057	-1.063548862
637800058	0.217801711
637800059	-0.010558362
637800060	0.05131267
637800061	-0.015949875
637800062	-0.462932042
637800063	-0.268804478
637800064	-0.548935807
637800065	-0.037721221
637800066	-0.839505931
637800067	-0.042515348
637800068	0.00530967
637800070	-0.493295334
637800071	-0.683764035
637800072	-0.18068083
637800073	0.269494665
637800074	0.020747659
637800075	0.093493703
637800076	0.423040604
637800077	0.074059893
637800078	-0.307490686
637800079	-0.105763495
637800080	-0.268611929
637800081	0.024551484
637800082	0.017055607
637800083	0.018675648
637800084	-0.019838578
637800085	0.090943817
637800086	0.146870971
637800087	-0.078348262
637800088	0.115922933
637800089	-0.082657211
637800090	0.279396552
637800091	0.419505572
637800092	0.27283028
637800093	0.098037303
637800094	-0.300319351
637800095	-0.258865447
637800096	-0.066038797
637800097	-0.1208461
637800098	0.277384572
637800099	-0.119790468
637800101	-0.190809226
637800102	-0.161001705
637800103	0.107991479
637800104	-0.298671353
637800105	0.113075608
637800106	0.144074715
637800107	0.292779419
637800108	0.126680671
637800109	-0.032812929
637800110	0.068178206
637800111	0.019013229
637800112	-0.352708389
637800113	-0.037043906
637800114	-0.207840445
637800115	0.344878231
637800116	-0.252959989
637800117	-0.526430494
637800118	0.119159442
637800119	0.240697323
637800120	-0.031398027
637800121	-0.164460034
637800122	-0.231078202
637800123	-0.375382158
637800124	-0.093830905
637800125	-0.028816582
637800126	0.027035083
637800127	-0.179039864
637800128	-0.286170963
637800129	-0.0791888
637800130	0.064961511
637800131	-0.167363279
637800132	-0.047202071
637800133	-0.483681558
637800134	0.586780633
637800135	0.069979766
637800136	-0.100771469
637800137	-0.097552597
637800138	-0.145075904
637800139	0.053010857
637800140	0.015854992
637800141	-0.3976623
637800142	-0.088550529
637800143	0.320584552
637800144	-0.376024548
637800145	-0.015705655
637800146	-0.021463022
637800147	0.07501083
637800148	-0.278719701
637800149	0.148130567
637800150	0.059611061
637800151	0.034195362
637800152	-0.116174567
637800153	0.117495932
637800154	-0.031887553
637800156	-0.004020637
637800157	-0.1626643
637800158	0.138046942
637800159	-0.160642487
637800160	-0.218125596
637800161	-0.044925308
637800162	0.126760513
637800163	-0.227190399
637800164	-0.074819096
637800165	-0.060750684
637800166	0.157848842
637800167	-0.000714243
637800168	-0.031081354
637800169	0.034270843
637800170	0.0490714
637800171	-0.080545171
637800172	-0.365516138
637800173	-0.166253151
637800174	-0.517198077
637800175	-0.211846272
637800176	-0.406495978
637800177	-0.210310119
637800178	-0.352698935
637800179	-0.050288668
637800180	-0.330937003
637800181	-0.52164796
637800182	-0.014669419
637800183	0.181044316
637800184	-0.294427447
637800185	-0.503827386
637800186	0.010297784
637800187	0.21900146
637800188	-0.111935245
637800189	0.002421748
637800190	0.038544984
637800191	-0.109514272
637800192	0.184153157
637800194	0.196947587
637800195	0.295234574
637800197	0.219236848
637800198	0.844620325
637800199	0.165577579
637800200	-0.011572691
637800201	-0.045203059
637800202	-0.569776485
637800203	-0.320508426
637800204	-0.140725222
637800205	-0.053395452
637800206	0.026070438
637800207	-0.227251495
637800208	-0.028503963
637800209	0.292697297
637800210	0.161420696
637800211	-0.163134094
637800212	0.043604592
637800213	-0.355061657
637800214	-0.17513618
637800215	0.297283061
637800216	0.00842329
637800217	0.267595281
637800218	0.360228623
637800219	0.000971515
637800220	0.066450156
637800221	-0.268152479
637800222	0.219190448
637800223	-0.055407639
637800224	0.129770462
637800225	0.578573252
637800226	0.01457677
637800227	0.15190694
637800228	0.169045802
637800229	-0.298985557
637800230	0.038205987
637800231	0.11452675
637800232	-0.067729086
637800233	-0.331506568
637800234	-0.463071319
637800235	-0.032178618
637800236	-0.187509681
637800237	-0.008762591
637800238	-0.152732362
637800239	-0.05454379
637800240	0.042527902
637800241	-0.714393706
637800242	0.189882657
637800243	-0.079735887
637800244	-0.148078889
637800245	0.199775607
637800246	0.046836935
637800247	-0.064126479
637800248	0.075808446
637800249	0.068634191
637800250	-0.015318019
637800251	0.180308832
637800252	-0.421338132
637800253	-0.28879217
637800254	-0.133994022
637800255	0.2725388
637800256	0.003954116
637800257	-0.16896326
637800258	-0.445712104
637800259	-0.638278414
637800260	0.10914413
637800261	-0.135358993
637800262	-0.394022756
637800263	-0.345484384
637800264	0.091927985
637800265	-0.113170543
637800266	0.041614696
637800267	-0.298905425
637800268	-0.576989762
637800269	0.074253679
637800270	0.193615306
637800271	-0.010016463
637800272	0.188285547
637800273	-0.785236966
637800274	-0.070932344
637800275	-0.205536896
637800276	-0.016388248
637800277	-0.464632439
637800278	-0.302712796
637800279	0.624837693
637800280	-0.006749148
637800281	0.133233303
637800282	-0.093587435
637800283	0.14017312
637800284	0.05881969
637800285	0.126866687
637800286	-0.299640895
637800287	-0.069124395
637800288	0.152493133
637800289	-0.057760448
637800290	0.822038772
637800291	-0.34953876
637800292	-0.269528626
637800293	-0.29868843
637800294	-0.176358166
637800295	-0.219004439
637800296	0.010379843
637800297	0.128158866
637800298	0.010819541
637800299	-0.18542384
637800300	0.053500165
637800301	-0.01547635
637800302	-0.128113054
637800303	-0.781068795
637800304	-0.061231992
637800305	-0.190044735
637800306	0.224677779
637800307	-0.288126612
637800308	0.01963248
637800309	-0.030252073
637800310	-0.010240728
637800311	0.104628287
637800312	0.419710625
637800313	-0.001267302
637800314	0.036661018
637800315	-0.075887526
637800316	-0.069611463
637800317	-0.855554841
637800318	-0.041980848
637800319	-0.045764797
637800320	-0.093917539
637800321	-0.453689988
637800322	-0.025604594
637800323	-1.29109886
637800324	0.071320855
637800325	0.018087041
637800326	-0.627487969
637800327	0.066806493
637800328	0.019355863
637800329	-0.209377198
637800330	-0.810066167
637800331	-0.863435097
637800332	-0.348805439
637800333	-0.329200565
637800334	0.189162528
637800335	-0.262504239
637800336	-0.551898881
637800337	0.157242377
637800338	0.048383463
637800339	0.23803022
637800340	-0.006562972
637800341	-0.137883441
637800342	0.034529128
637800343	0.005036139
637800344	-0.185254449
637800345	-0.663713531
637800346	-0.24152795
637800347	-0.295174425
637800348	-0.7051685
637800349	-0.6275393
637800350	-0.135962983
637800351	-0.0219204
637800352	-0.071334585
637800353	-0.099772656
637800354	-0.164875045
637800355	-0.522097634
637800356	0.117535746
637800357	-0.247762749
637800358	-0.349409697
637800359	0.016355167
637800360	-0.0578583
637800361	-0.168762112
637800362	-0.073726906
637800363	-0.132011658
637800364	-0.36709415
637800365	-0.390694142
637800366	-0.316618053
637800367	-0.131327691
637800368	0.000140112
637800369	0.187732047
637800370	-0.220593988
637800371	0.164342825
637800372	-0.08822751
637800373	0.239827507
637800374	-0.348379336
637800375	-0.132876547
637800376	-0.190694925
637800377	-0.084829549
637800378	-0.123083589
637800379	-0.162879694
637800380	-0.050839118
637800381	-0.107925784
637800382	0.118951981
637800383	0.025932331
637800384	-0.343151875
637800385	-0.158998449
637800386	-0.205026368
637800387	-0.426431973
637800389	-0.129348234
637800390	-0.024350285
637800391	-0.168038075
637800392	0.338574145
637800393	0.231882588
637800394	0.00449993
637800395	0.052192818
637800396	-0.141621184
637800397	0.126731558
637800398	0.085985723
637800399	-0.197068491
637800400	-0.105282978
637800401	0.232215116
637800402	0.136571272
637800403	0.587297552
637800404	0.028737817
637800405	-0.001596529
637800406	-0.003745637
637800407	0.038305886
637800408	-0.195101418
637800411	-0.1427714
637800412	-0.110849348
637800413	-0.169514023
637800414	-0.066717405
637800415	0.08399195
637800416	0.248176338
637800417	0.167514458
637800418	-0.132517288
637800419	-0.1893786
637800420	-0.030050905
637800421	0.121986696
637800422	0.279697003
637800423	-0.138348987
637800424	-0.235630607
637800425	0.084482194
637800426	0.006533708
637800427	-0.322655211
637800428	0.064253472
637800429	-0.336250299
637800430	-0.071793295
637800431	-1.048921288
637800432	0.574314204
637800433	-0.084139466
637800434	-0.197003927
637800435	-0.217356721
637800436	0.426767099
637800437	-0.059363837
637800438	-0.059411832
637800439	-0.157414918
637800440	0.269544164
637800441	-0.475843524
637800442	-0.016841894
637800443	-0.173598677
637800444	-0.320425637
637800445	0.001274176
637800446	-0.104569879
637800447	0.007411846
637800448	-0.146915752
637800449	-0.321500252
637800450	-0.3698477
637800451	-0.056464581
637800452	-0.032793958
637800453	0.121553095
637800454	-0.015072955
637800455	-0.311542914
637800456	0.028821964
637800457	-0.828437748
637800458	0.098785537
637800459	0.048258388
637800460	-0.181049496
637800461	-0.298171834
637800462	-0.186691034
637800463	0.132471933
637800464	-0.003134364
637800465	-0.189323122
637800466	0.136760547
637800467	0.167761364
637800468	0.292230468
637800469	-0.062578181
637800470	-0.134701522
637800471	-0.205017574
637800472	0.052454066
637800473	-0.14434957
637800474	0.386398715
637800475	0.121622981
637800476	0.087948411
637800477	-0.199893033
637800478	-0.363882723
637800479	-0.16443625
637800480	-0.268380722
637800481	-0.213884159
637800482	-0.265558504
637800483	-0.372767057
637800484	0.100355526
637800485	-0.098678612
637800486	-0.051105792
637800487	0.155898384
637800488	-0.191989819
637800489	-0.248569679
637800490	-0.37750199
637800491	-0.201177649
637800492	-0.107764022
637800493	-0.001367262
637800494	-0.187100714
637800495	0.175174311
637800496	-0.053212535
637800497	-0.240680898
637800498	0.434698455
637800499	-0.161668182
637800500	-0.052917635
637800501	-0.504917259
637800502	-0.115806535
637800503	0.00147456
637800504	-1.068237935
637800505	-0.154635267
637800506	-0.254994476
637800507	0.16790583
637800508	0.130960615
637800509	-0.146914675
637800510	-0.027313853
637800511	0.085556881
637800512	0.049980101
637800513	-0.207541441
637800514	-0.384474378
637800515	-0.266297091
637800516	-0.211139135
637800517	-0.395281743
637800518	-0.137102098
637800519	0.112210949
637800520	0.269261411
637800521	-0.058965801
637800522	-0.112369436
637800523	0.33803667
637800524	0.191403535
637800525	0.413932738
637800526	-0.114225722
637800527	0.81717722
637800528	0.157554851
637800529	0.057194448
637800530	-0.086490599
637800531	-0.158213099
637800532	0.019787042
637800533	0.205880621
637800534	-1.250185915
637800535	-0.10650044
637800536	-0.086930386
637800537	0.002071967
637800538	-0.138752803
637800539	-0.181500646
637800540	-0.066987207
637800541	-0.091954653
637800542	-0.135266147
637800543	0.025552898
637800544	-0.230783163
637800545	-0.250202634
637800546	-0.251413957
637800547	-0.177245832
637800548	0.284961372
637800549	-0.154979755
637800550	-0.24009509
637800551	-0.140618881
637800552	-0.529129824
637800553	-0.030084255
637800554	0.127551457
637800555	0.174929267
637800556	0.134341748
637800557	0.180985457
637800558	0.223026628
637800559	0.035843392
637800560	-0.304318825
637800561	0.162909232
637800562	0.140598579
637800563	0.023768026
637800564	-0.417381276
637800565	-0.42641201
637800566	-0.837413895
637800567	-0.308527521
637800568	-0.087568064
637800569	-0.123973529
637800570	0.214008881
637800571	-0.088226577
637800572	-0.14734576
637800573	-0.467195522
637800574	-0.056006546
637800575	0.058780274
637800576	-0.125045448
637800577	-0.2585306
637800578	0.07751784
637800579	-0.054434287
637800580	-0.191878058
637800581	0.161355463
637800582	-0.655852151
637800583	-0.479175798
637800584	-0.186124542
637800585	-0.092424448
637800586	-0.439823965
637800587	-0.016111386
637800588	-0.042974953
637800589	-0.184039264
637800590	0.105031563
637800591	-0.072551999
637800592	-0.006550074
637800593	0.29156972
637800594	-0.037782628
637800595	0.211927822
637800596	-0.412381236
637800597	-0.700078444
637800598	-0.021174955
637800599	-0.108428466
637800600	-0.157419373
637800601	0.091416459
637800602	-0.089578567
637800603	-0.074716775
637800604	-0.026774335
637800605	-0.426042624
637800606	-0.272618692
637800607	0.064196406
637800608	-0.461112681
637800609	-0.013335485
637800610	0.015002969
637800611	-0.026918358
637800612	-0.141309181
637800613	-0.369103264
637800614	0.010933414
637800615	-0.109991496
637800616	-0.798601339
637800617	-0.894702824
637800618	-0.459554752
637800619	0.145514139
637800620	0.27210472
637800621	0.108403302
637800622	0.118751418
637800623	-0.119082767
637800624	0.064904277
637800625	-0.642658012
637800626	-0.054678683
637800627	0.446128968
637800628	0.104648372
637800629	0.002433508
637800630	0.148628374
637800631	-0.215091329
637800632	0.24122811
637800633	-0.447369334
637800634	0.095888516
637800635	-0.044023304
637800636	0.003493978
637800637	0.374206018
637800638	0.100296454
637800639	-0.097885458
637800640	0.01693304
637800641	-0.107792526
637800642	-0.212724804
637800643	0.14438878
637800644	0.063084477
637800645	0.374075811
637800646	0.004702142
637800647	-0.143258256
637800648	0.273868638
637800650	-0.185101349
637800651	-0.310127005
637800652	0.22470896
637800653	0.177041087
637800654	0.029360268
637800655	0.107165118
637800657	-0.203903509
637800658	0.014082716
637800659	0.094031851
637800660	-0.040289244
637800661	0.016133852
637800662	0.180760404
637800663	0.163649709
637800664	0.009096422
637800665	0.230461728
637800666	0.12955227
637800667	0.184973069
637800668	0.059430289
637800669	0.201667169
637800670	0.067990847
637800671	0.038645008
637800672	0.214842931
637800673	0.160513837
637800674	0.089857602
637800675	0.10415667
637800676	0.088950746
637800677	0.007941266
637800678	0.292307724
637800679	0.148839852
637800680	0.188534958
637800681	0.031698201
637800682	-0.108823389
637800683	0.064311474
637800684	-0.004844897
637800685	0.48518222
637800686	-0.059063413
637800687	-0.312153053
637800688	0.161839269
637800689	-0.166973185
637800690	-0.180328308
637800691	-0.378472248
637800692	-0.419016111
637800693	0.158006843
637800694	-0.052636142
637800695	0.344453462
637800696	-0.188338338
637800697	0.086537155
637800698	-0.150134045
637800699	0.002162073
637800700	0.084216575
637800701	0.318843433
637800702	-0.42126142
637800703	-0.014947988
637800704	-0.165713047
637800705	-0.309379093
637800706	-0.029452509
637800707	-0.001023769
637800708	-0.012358665
637800709	0.050970256
637800710	0.071023213
637800711	-0.044460975
637800712	0.006075202
637800713	0.039089014
637800714	0.750064745
637800715	-0.339456821
637800716	-0.014737463
637800717	0.136970921
637800718	-0.142641519
637800719	0.011964475
637800720	-0.382489629
637800721	0.143536131
637800722	0.029186494
637800723	-0.244193719
637800724	-0.105940688
637800725	-0.186545593
637800726	0.468575585
637800727	-0.094469422
637800728	-0.029798456
637800729	0.0259231
637800730	-0.106560284
637800731	-0.033003095
637800732	-0.288770114
637800733	0.115490058
637800734	0.069294167
637800735	0.281516582
637800736	0.268514834
637800737	-0.213519155
637800738	0.033514391
637800740	-0.111785424
637800741	-0.200917939
637800742	-0.074752561
637800743	0.050716911
637800744	0.191415516
637800745	0.386999471
637800746	0.091077876
637800747	-0.042971353
637800748	-0.102797473
637800749	-0.074906265
637800750	-0.126585898
637800751	-0.075778854
637800752	-0.165800784
637800753	0.069679811
637800754	0.370029526
637800755	0.58337178
637800756	0.438995314
637800757	-0.158180313
637800758	0.128189228
637800759	-0.040580164
637800760	0.164744949
637800761	0.342608132
637800762	0.068274562
637800763	0.220006511
637800764	0.023641272
637800765	0.044768992
637800766	-0.064576699
637800767	0.372175682
637800768	-0.098544353
637800769	-0.956642519
637800770	-0.425210095
637800771	-0.050670954
637800772	-0.089497189
637800773	-0.065883793
637800774	0.459803069
637800775	0.062412514
637800776	0.019193329
637800777	0.113200323
637800778	0.435553523
637800779	-0.243755514
637800780	-0.359036141
637800781	0.701271896
637800782	0.654175207
637800783	0.80047224
637800784	0.990840204
637800785	-0.543701593
637800786	-0.196750418
637800787	-0.114515675
637800788	0.342268276
637800789	0.019553769
637800790	-0.441655372
637800791	-0.454070654
637800792	-0.137684293
637800793	0.18925549
637800794	0.166990761
637800795	0.00591168
637800796	-0.062222618
637800797	0.091247728
637800798	-0.223618783
637800799	-0.060346315
637800800	0.1450164
637800801	0.064578503
637800802	-0.248231896
637800803	0.083339577
637800804	0.172562747
637800805	0.042769111
637800806	-0.654509555
637800807	-0.297496463
637800808	-0.014919993
637800809	-0.250126667
637800810	0.07178641
637800811	0.189637842
637800812	-0.264412387
637800813	-0.15646533
637800814	-0.680463243
637800815	-0.305731577
637800816	-0.461993958
637800817	-0.312163858
637800818	0.075885932
637800819	-0.207591525
637800820	0.133464949
637800821	-0.112324222
637800822	-0.06949889
637800823	-0.22407413
637800824	-0.136668862
637800825	-0.047256026
637800826	-0.537916757
637800827	-0.069579772
637800828	0.007109953
637800829	-0.030405968
637800830	0.142131741
637800831	-0.061695913
637800832	0.757165464
637800833	0.469979466
637800834	0.251294588
637800835	0.344841813
637800836	0.385827563
637800837	0.05778275
637800838	0.075050326
637800839	-0.028384225
637800840	0.048524551
637800841	0.346713445
637800842	0.010445459
637800843	-0.131478294
637800844	-0.187924775
637800845	-0.289415246
637800846	0.085562248
637800847	0.333634567
637800848	-0.022395914
637800849	-0.237713226
637800850	0.164363294
637800851	0.0963883
637800852	0.292575004
637800853	-0.105119473
637800854	-0.012415319
637800855	0.150368411
637800856	0.053468341
637800857	-0.253292005
637800858	-0.185654857
637800859	-0.058151006
637800860	0.108075353
637800861	0.057020375
637800862	-0.112196463
637800863	0.006245524
637800864	0.041347495
637800865	-0.194322199
637800866	0.015312954
637800867	0.345535916
637800868	-0.053327815
637800869	-0.035222733
637800870	-0.678767345
637800871	0.022088172
637800872	0.28156238
637800873	-0.019462297
637800874	-0.015659909
637800875	0.079059672
637800876	-0.072985841
637800877	-0.00411273
637800878	0.114033637
637800879	-0.162595031
637800880	-0.116579074
637800881	0.007259759
637800882	0.080462438
637800883	0.212269855
637800884	0.046140878
637800885	0.097544131
637800886	0.4021021
637800887	-0.899395123
637800888	0.42608187
637800889	0.163359134
637800890	-0.136045206
637800891	-0.16475263
637800892	-0.064903664
637800893	0.35306678
637800894	-0.712651041
637800895	-0.789170521
637800896	-8.61E-05
637800897	0.228120009
637800898	-1.65089897
637800899	-0.851424908
637800900	-0.859312849
637800901	-0.670655169
637800902	0.229765177
637800903	0.11464657
637800905	-0.078295375
637800906	-0.20300177
637800907	0.10445314
637800908	-0.475653247
637800909	0.027880016
637800910	0.801024772
637800911	-0.10253814
637800912	-0.848633737
637800913	-0.335763051
637800914	-0.755869998
637800915	-0.04703497
637800916	0.162267324
637800917	-0.050121125
637800918	-0.061109066
637800919	-0.01360601
637800920	-0.012563442
637800921	-0.06285609
637800922	-0.111747988
637800923	0.281735385
637800924	-0.127255538
637800925	-0.818718324
637800926	0.14152383
637800927	0.091671091
637800928	-0.303514314
637800929	-0.163768333
637800930	-0.141021609
637800931	-0.094682331
637800932	-0.208522267
637800933	-0.043710822
637800934	0.027404996
637800935	0.097759139
637800936	-0.936091161
637800937	-0.392130264
637800938	0.001432143
637800939	-0.047729287
637800940	-0.328862266
637800941	-0.047822152
637800942	-0.027884373
637800943	0.00819511
637800944	-0.023892896
637800945	0.029074466
637800946	-0.463808243
637800947	0.122054612
637800948	0.103892529
637800949	-0.146506009
637800950	-0.3700458
637800951	-0.187581784
637800952	-1.256456152
637800953	0.109012625
637800954	0.02193805
637800955	0.347565967
637800956	-0.027465948
637800957	0.298983486
637800958	-0.026056476
637800959	-0.180569668
637800960	0.20614192
637800961	0.120822467
637800962	0.031400694
637800963	-0.309106724
637800964	-0.166991323
637800965	0.067133918
637800966	-0.014793804
637800967	-0.040813372
637800968	-0.121077903
637800969	-0.099342533
637800970	-0.508571045
637800971	0.271801841
637800972	0.141278196
637800973	0.208550232
637800974	-0.616734372
637800975	-0.069026065
637800976	0.084747567
637800978	-0.219452098
637800979	-0.90285939
637800980	-0.354906077
637800981	-0.084990565
637800982	-0.058536489
637800983	0.104561289
637800984	-0.25986607
637800985	0.153961459
637800986	0.094259508
637800987	0.045909018
637800988	-0.758566245
637800989	0.037254077
637800990	-0.107883868
637800991	-0.145602298
637800992	0.083394618
637800993	0.252908071
637800994	-0.345745799
637800995	-0.15242939
637800996	-0.468269894
637800997	-0.458955132
637800998	0.053624467
637800999	-0.131287341
637801000	-0.008113985
637801001	0.099430499
637801002	0.292613351
637801003	0.349708021
637801004	0.606923273
637801005	0.461692146
637801006	0.465155723
637801007	0.721592437
637801008	-0.074261873
637801009	0.22890885
637801010	0.225720242
637801011	-0.620163448
637801012	0.024921069
637801013	-0.23250247
637801014	-0.07341843
637801015	-0.19280783
637801016	0.191060545
637801017	0.149574022
637801018	-0.15847468
637801019	-0.251706117
637801020	-0.184423765
637801021	-0.260374907
637801022	-0.209926009
637801023	-0.129692415
637801024	-0.072590033
637801025	-0.316989261
637801029	-0.248009066
637801030	0.193909281
637801031	0.299696305
637801032	-0.001414026
637801033	-0.153091827
637801034	0.035109066
637801035	0.024952083
637801036	-0.354257813
637801037	0.298597572
637801038	-0.170136175
637801040	0.004189758
637801041	-0.165410678
637801042	-0.142909629
637801043	-0.055391085
637801044	0.508356205
637801045	0.691450926
637801046	0.073390986
637801047	-0.934449803
637801048	-0.036737344
637801049	-0.204926963
637801050	-0.774791408
637801051	-0.015708572
637801052	0.019740605
637801053	-0.033168405
637801054	0.059587547
637801055	0.028804417
637801056	0.199282919
637801057	0.051093735
637801058	0.220646795
637801059	-0.430512322
637801060	0.019818117
637801061	-0.363783376
637801062	-1.238280374
637801063	-0.147159731
637801064	-0.520117168
637801065	0.04394858
637801066	-0.111053214
637801067	0.298154958
640711016	-0.067202938
640711017	0.117164042
640711018	0.050096397
640711019	0.627815875
640711020	-0.049571825
640711021	-0.282056262
640711022	0.145399891
640711023	-0.389390408
640711024	0
640711025	0
640711026	0
640711027	0
640711028	0
640711029	0.211758548
640711030	0.875078492
640711031	-0.325112151
640711032	0.325614284
640711033	0.098807129
640711034	-0.435861529
640711035	-0.176912075
640711036	0.023562851
640711037	0.013701707
640711038	-0.26543777
640711039	0.464407429
640711040	0.405058343
640711041	0.349645683
640711042	0.41830673
640711043	0.516952643
640711044	0.128062268
640711045	-0.137392119
640711046	0.351751315
640711047	-0.312377753
640711048	0.16803265
640711049	-0.126830085
640711050	-0.357907379
640711051	-0.127130456
640711052	-0.060415554
640711053	0.025924833
640711054	0.214393113
640711055	0.697388384
640711056	0.159362555
640711057	-0.187486074
640711058	0.225520944
640711059	0.185387508
640711060	0.201484
640711061	-0.488465353
640711062	0.378416669
640711063	0.184613461
640711064	-0.017656653
640711065	-0.097970053
640711066	-0.767415498
640711067	0.466152046
640711068	-0.053108343
637798356	0.166682528
637798357	0.063754909
637798358	0.000700091
637798359	-0.065203803
637798360	-0.057044961
637798361	0.178945493
637798362	-0.126521173
637798363	0.041127075
637798364	0.000153564
637798365	0.080084654
637798366	-0.091664705
637798367	0.025246881
637798368	0.110303849
637798369	0.123938215
637798370	0.023891297
637798371	-0.129939926
637798372	0.010181298
637798373	0.082706473
637798374	-0.067174145
637798375	0.016418358
637798376	0.055138724
637798377	-0.122137528
637798378	-0.090946245
637798379	0.096285121
637798380	-0.05428533
637798381	-0.060704202
637798382	0.352127099
637798383	0.572683755
637798384	0.045383692
637798385	0.234189026
637798386	0.069634594
637798387	-0.307941303
637798388	-0.047232988
637798389	-0.014426366
637798390	-0.074679052
637798391	-0.229885345
637798392	0.131231867
637798393	0.051254862
637798394	0.051239223
637798395	-0.110137793
637798396	-0.004381506
637798397	-0.008445079
637798398	1.025827624
637798399	0.283010431
637798400	0.290387322
637798401	0.002081914
637798402	0.014016011
637798403	0.05365027
637798404	0.155853066
637798405	0.311993772
pANS_predictedORF_1	-0.007305339
pANS_predictedORF_2	-0.087393468
pANS_predictedORF_3	0.192649948
pANS_predictedORF_4	-0.04555323
pANS_predictedORF_5	-0.169421551
pANS_predictedORF_6	-0.082429739
pANS_predictedORF_7	-0.02073312
pANS_predictedORF_8	0.030861175
