Reporter Identifier	VALUE
637798406	-0.03903062
637798407	-0.214632233
637798408	-0.083346031
637798409	-0.217471581
637798410	-0.060009237
637798411	-0.167317025
637798412	0.130626737
637798413	0.241868811
637798414	-0.174436942
637798415	-0.018099131
637798416	0.034452968
637798417	-0.264316278
637798418	-0.299615283
637798419	-0.087206958
637798420	0.105968536
637798421	-0.114773718
637798422	-0.192111211
637798423	-0.043457094
637798424	-0.23921764
637798425	0.019059059
637798426	-0.121992672
637798427	-0.021936495
637798428	0.002473052
637798429	-0.261554263
637798430	-0.097171959
637798431	0.251079036
637798432	-0.01529049
637798433	0.031300876
637798434	0.114497498
637798435	0.190525669
637798436	0.097925122
637798437	-0.061897399
637798438	-0.34321643
637798439	-0.062051848
637798440	0.021935895
637798441	0.278945575
637798442	-0.184177026
637798443	-0.039370329
637798444	0.025314602
637798445	0.101151233
637798446	0.117305185
637798448	0.085133888
637798449	0.077289413
637798450	-0.209647707
637798451	0.19149902
637798452	0.172998835
637798453	0.10202661
637798454	0.0561204
637798455	0.09823363
637798456	-0.457552014
637798457	-0.369651747
637798458	-0.518164417
637798459	-0.211775644
637798460	-0.222633178
637798461	-0.440206461
637798462	-0.202650583
637798463	-0.107075026
637798464	0.243584056
637798465	0.26734244
637798466	-0.063275393
637798467	-0.084506735
637798468	-0.245144684
637798469	-0.175378042
637798470	-0.139621448
637798471	-0.355645983
637798472	-0.047203845
637798473	-0.155920388
637798474	0.027351007
637798475	-0.035495412
637798476	0.214855008
637798477	0.012557133
637798478	0.190976232
637798479	-0.029200926
637798480	-0.152991391
637798481	-0.322634028
637798482	-0.187038338
637798483	-0.095866188
637798484	-0.320985614
637798485	-0.291930915
637798486	0.088652851
637798487	-0.220356119
637798488	-0.17569426
637798489	0.14503642
637798490	-0.061661031
637798491	0.060032945
637798492	-0.083266187
637798493	0.023775018
637798494	0.272556388
637798495	0.028247688
637798496	0.18031782
637798497	-0.020859754
637798498	-0.206620627
637798499	-0.098417493
637798500	0.233427545
637798501	-0.271771946
637798502	-0.198980315
637798503	-0.283533979
637798504	-0.338200471
637798505	0.148927629
637798506	-0.169472945
637798507	-0.632736497
637798508	0.154851657
637798509	-0.040215343
637798510	0.037410845
637798511	-0.161401442
637798512	0.138763229
637798513	0.024143247
637798514	0.209360229
637798515	-0.043128772
637798516	0.14677698
637798517	-0.098339059
637798518	-0.033754829
637798519	0.20574887
637798520	-0.382554852
637798521	-0.092140333
637798522	0.083757762
637798523	0.132400655
637798524	-0.428366684
637798525	-0.191644511
637798526	-0.13005958
637798527	0.151110591
637798528	-0.522176234
637798529	-0.032303405
637798530	0.111479756
637798531	0.013731033
637798532	-0.093164235
637798533	-0.393821662
637798534	0.083714086
637798535	0.055845169
637798536	0.091560547
637798537	-0.092263208
637798538	0.102269905
637798539	-0.030391382
637798540	-0.064594956
637798541	-0.169883918
637798542	-0.09540219
637798543	0.015632708
637798544	-0.262009477
637798545	-0.48892849
637798546	0.148529069
637798547	-0.155315106
637798548	-0.001391541
637798549	0.071150158
637798550	0.016541943
637798551	0.072239021
637798552	0.048749093
637798553	-0.009856003
637798554	0.153210045
637798555	0.148004142
637798556	-0.036363302
637798557	-0.180210394
637798558	-0.303883972
637798559	-0.523889545
637798560	-0.035160385
637798561	-0.15829506
637798562	-0.121826672
637798563	-0.071862037
637798564	-0.537449654
637798565	0.008867258
637798566	-0.195136892
637798567	-0.261250564
637798568	-0.184704617
637798569	-0.038519521
637798570	-0.654272648
637798571	-0.324925118
637798572	-0.418468688
637798573	-0.196866724
637798574	-0.055646607
637798575	-0.190262864
637798576	0.052625463
637798577	0.139029077
637798578	0.176561332
637798579	0.094927669
637798580	0.055861685
637798581	-0.19171187
637798582	0.049469406
637798583	0.210118398
637798584	0.071625209
637798585	0.056713962
637798586	-0.354060607
637798587	-0.419238498
637798588	-0.068174246
637798589	-0.018217174
637798590	-0.05566728
637798591	0.16724801
637798592	0.389473583
637798593	-0.000584626
637798594	-0.170471636
637798595	-0.177682841
637798596	-0.225538921
637798597	0.079558118
637798598	-0.005050395
637798599	-0.126242829
637798600	-0.065497716
637798601	-0.27322013
637798602	-0.356862882
637798603	-0.08090688
637798604	-0.223315755
637798605	-0.082282482
637798606	0.143484656
637798607	-0.006804518
637798608	0.024442531
637798609	-0.049153418
637798610	0.175253921
637798611	-0.229815536
637798612	0.089362315
637798613	-0.03384475
637798614	0.080733753
637798615	0.046870284
637798616	0.19195809
637798617	-0.08845359
637798618	-0.016124431
637798619	-0.019615456
637798620	-0.083322196
637798621	-0.020137393
637798622	-0.204726409
637798623	-0.278603021
637798624	-0.293333914
637798625	0.050645072
637798626	-0.079757999
637798627	0.012113371
637798628	-0.187190009
637798629	-0.081274617
637798630	-0.042121606
637798631	-0.096571461
637798632	-0.121542107
637798633	-0.250947971
637798634	0.127215879
637798635	-0.886185992
637798636	0.10262981
637798637	0.228607979
637798638	0.183277273
637798639	-0.476544667
637798640	0.056565875
637798641	0.113416421
637798642	-0.50434668
637798643	-0.045400248
637798644	-0.089449541
637798645	0.082655147
637798646	-0.014523478
637798647	-0.018758102
637798648	0.072475141
637798649	-0.204590952
637798650	0.218888369
637798651	-0.148619446
637798652	0.03551287
637798653	-0.156122204
637798654	-0.235530035
637798655	-0.005043378
637798656	-0.110765685
637798657	0.10131359
637798658	0.089745245
637798659	-0.315496995
637798660	-0.817249139
637798661	0.364680269
637798662	0.30381197
637798663	0.072237698
637798664	0.269675787
637798665	0.246328333
637798666	-0.269183168
637798667	0.087716681
637798668	-0.21955372
637798669	-0.111975057
637798670	-0.006425381
637798671	-0.097207101
637798672	0.119534251
637798673	-0.000596949
637798674	0.005793893
637798675	0.254823969
637798676	0.229303554
637798677	0.250089309
637798678	0.002830475
637798679	0.141606359
637798680	-0.059630361
637798681	-0.049687719
637798682	-0.014674315
637798683	-0.080171536
637798684	0.096843489
637798685	0.084815575
637798686	-0.065100085
637798687	-0.165398834
637798688	-0.608147352
637798689	-0.089162676
637798690	-0.183834321
637798691	-0.383739665
637798692	-0.3292429
637798693	0.039970148
637798694	-0.298303908
637798695	-0.258373407
637798696	-0.167664311
637798697	-0.37175386
637798698	0.071416859
637798699	0.13009763
637798700	-0.04223015
637798701	0.223470736
637798702	0.217778438
637798703	-0.015339222
637798704	0.042728064
637798705	0.038375575
637798706	0.003282868
637798707	0.048820256
637798708	0.102754819
637798709	-0.003416903
637798710	0.256168288
637798711	-0.601510825
637798712	0.024304877
637798713	-0.249405054
637798714	-0.208118508
637798715	-0.093076332
637798716	-0.013900717
637798717	-0.050999394
637798718	-0.096110783
637798719	0.052331623
637798720	0.013451473
637798721	-0.013788652
637798722	0.199842237
637798723	0.165363331
637798724	0.158206178
637798725	0.037863619
637798726	-0.007648836
637798727	0.0211155
637798728	0.049302569
637798729	-0.051971933
637798730	0.224616147
637798731	-0.065578593
637798732	0.157775797
637798733	0.067533449
637798734	0.047991364
637798735	-0.257474281
637798736	-0.365759555
637798737	-0.261439717
637798738	-0.213273317
637798739	-0.195757403
637798740	-0.325333434
637798741	-0.289138103
637798742	-0.123326199
637798743	-0.535518085
637798744	0.012287571
637798745	-0.212960157
637798746	0.273809333
637798747	-0.031285244
637798748	-0.074623138
637798749	0.129838852
637798750	0.038153947
637798751	-0.091499933
637798752	0.094585989
637798753	0.135392424
637798754	0.250096971
637798755	-0.009974195
637798756	-0.03258699
637798757	0.010127215
637798758	0.133781561
637798759	-0.04456121
637798760	-0.078355183
637798761	0.168204609
637798762	0.048537856
637798763	-0.099070651
637798764	0.009224956
637798765	-0.032898576
637798766	-0.078068076
637798767	-0.164739587
637798768	0.028338919
637798769	-0.151284423
637798770	-0.110092423
637798771	-0.754073224
637798772	-0.146925385
637798773	-0.021743237
637798774	0.301246108
637798775	0.112458559
637798776	0.13994905
637798777	0.030440003
637798778	-0.244720482
637798779	-0.315976623
637798780	-0.78754376
637798781	0.206276278
637798782	-0.198728374
637798783	0.048658317
637798784	0.036892741
637798785	-0.191821831
637798786	0.074815107
637798787	-0.312321726
637798788	-0.294569345
637798789	0.073051094
637798790	-0.076448303
637798791	-0.179959131
637798792	-0.076032495
637798793	0.02896761
637798794	-0.091150905
637798795	0.002971188
637798796	0.074381973
637798797	-0.043620554
637798798	-0.000406256
637798799	-0.044934053
637798800	-0.220945657
637798801	-0.372651422
637798802	0.074476113
637798803	-0.061604347
637798804	0.199738468
637798805	-0.057133505
637798806	-0.132836438
637798807	0.037648011
637798808	0.116208997
637798809	-0.033355122
637798810	0.103025506
637798811	-0.22232291
637798812	0.109389698
637798813	0.074661504
637798814	0.027572104
637798815	-0.213305214
637798816	-0.150277323
637798817	0.043274857
637798818	0.010243494
637798819	-0.015473555
637798820	0.051090355
637798821	-0.358201451
637798822	0.021363889
637798823	0.033209914
637798824	0.216630376
637798825	-0.13030224
637798826	-0.09682217
637798827	0.077503633
637798828	0.091145327
637798829	-0.224417229
637798830	-0.119592965
637798831	-0.200707485
637798832	0.366656982
637798833	-0.071477175
637798834	0.1139599
637798835	-0.040577516
637798836	-0.100169231
637798837	-0.002423016
637798838	0.07526732
637798839	-0.404995896
637798840	0.116418939
637798841	0.101786809
637798842	0.248352
637798843	-0.082435397
637798844	-0.056820583
637798845	-0.075894679
637798846	0.014031971
637798847	0.110372752
637798848	0.29141278
637798849	-0.340065573
637798850	-0.358313575
637798851	0.206134788
637798852	0.020386208
637798853	-0.107940815
637798854	-0.105241741
637798855	0.088305549
637798856	-0.129854805
637798857	0.085958876
637798858	-0.298167543
637798860	0.071026943
637798861	-0.002411821
637798862	0.023299792
637798863	-0.126892898
637798864	0.022992812
637798865	0.299587437
637798866	-0.000767915
637798867	0.151541891
637798868	0.218651894
637798869	0.012114996
637798870	0.018964659
637798871	0.010475158
637798872	-0.652058388
637798873	-0.004921235
637798874	0.000799556
637798875	-0.030780211
637798876	-0.499471465
637798877	-0.035186259
637798878	-0.120574079
637798879	0.07894432
637798880	-0.084075357
637798881	-0.085218148
637798882	0.038665568
637798883	0.217051938
637798884	-0.127209274
637798885	0.066212394
637798886	-0.310795311
637798887	0.046664507
637798888	0.080247401
637798889	-0.242515731
637798890	-0.365721052
637798891	-0.014997697
637798892	-0.259884675
637798893	-0.162818234
637798894	-0.222833447
637798895	0.059841419
637798896	-0.135760961
637798897	-0.416347419
637798898	-0.311664778
637798899	-0.132011512
637798900	0.262662232
637798901	0.088822259
637798902	-0.117091066
637798903	0.072040734
637798904	0.429847095
637798905	0.301762004
637798906	0.166693317
637798907	-0.0623182
637798908	-0.057551158
637798909	-0.307824105
637798910	0.061582804
637798911	-0.052195546
637798912	-0.121221609
637798913	-0.271949656
637798914	-0.246305592
637798915	-0.251456894
637798916	-0.312379961
637798917	0.116393706
637798918	0.015127328
637798919	0.152410133
637798920	-0.095928742
637798921	-0.172734148
637798922	-0.209192691
637798923	-0.311303926
637798924	0.031862812
637798926	0.088306636
637798927	-0.1904055
637798928	0.114172846
637798929	-0.251837764
637798930	-0.276348252
637798931	-0.097123349
637798932	-0.000907122
637798933	-0.064039589
637798934	-0.292999597
637798935	-0.065839117
637798936	0.120303277
637798937	-0.025886504
637798938	-0.253188318
637798939	0.05485026
637798940	-0.263675829
637798941	-0.262702651
637798942	-0.371055122
637798943	-0.16875274
637798944	-0.164469338
637798945	-0.11742328
637798946	-0.08628268
637798947	-0.047695503
637798948	-0.181026881
637798949	0.080146749
637798950	0.242025637
637798951	0.059908701
637798952	0.2867999
637798953	0.079851012
637798954	-0.004371475
637798955	-0.00604964
637798956	-0.05934406
637798957	0.099534461
637798958	-0.13692386
637798959	0.191627196
637798960	0.208937138
637798961	-0.065614375
637798962	-0.459490806
637798963	0.154854334
637798964	-0.059790992
637798965	0.045689692
637798966	0.132361186
637798967	-0.03624252
637798968	-0.165155241
637798969	-0.095992599
637798970	0.022709078
637798971	-0.10094053
637798972	-0.087817604
637798973	0.158387002
637798974	0.04412375
637798975	0.248621076
637798976	-0.183539768
637798977	0.012949203
637798978	-0.076279422
637798979	-0.006235266
637798980	-0.169690487
637798981	-0.055703323
637798982	-0.015395251
637798983	-0.318974203
637798984	0.161126171
637798985	-0.55253937
637798986	-0.368396911
637798987	-0.315907584
637798988	0.037534882
637798989	-0.039001257
637798990	-0.144345109
637798991	-0.173464159
637798992	-0.017688294
637798993	-0.308719014
637798994	0.107456793
637798998	-0.054981038
637798999	0.029291231
637799000	-0.131139043
637799001	0.239024811
637799002	0.162699528
637799003	-0.038262193
637799004	-0.093887907
637799005	0.254027653
637799006	-0.088698273
637799007	0.135882095
637799008	0.239102726
637799009	-0.007645003
637799010	0.30476508
637799011	0.171975939
637799012	-0.30729763
637799013	-0.464402168
637799014	-0.286141572
637799015	-0.217804753
637799016	-0.048343715
637799017	-0.156998518
637799018	0.025813475
637799019	-0.177135956
637799020	-0.229691294
637799021	-0.013181982
637799022	-0.135708011
637799023	-0.033053617
637799024	0.014779657
637799025	-0.143667347
637799026	0.185988661
637799027	0.050653954
637799028	-0.093804262
637799029	-0.172551334
637799030	-0.051583931
637799031	-0.144505529
637799032	0.196996686
637799033	-0.027808034
637799035	-0.203613593
637799036	0.031235811
637799037	-0.109513066
637799038	0.002198538
637799039	0.231708359
637799040	-0.030923287
637799041	0.36132724
637799042	-0.136089001
637799043	0.002732775
637799044	0.118364738
637799045	-0.192886634
637799046	-0.271898162
637799047	-0.016020846
637799048	-0.076752195
637799049	-0.107577907
637799050	-0.213098238
637799051	-0.2346773
637799052	-0.052788476
637799053	0.092498304
637799054	0.109509827
637799055	0.151579908
637799056	-0.141396272
637799057	-0.192348308
637799058	-0.307566839
637799059	0.310652653
637799060	-0.038242241
637799061	-0.172367536
637799062	-0.263171874
637799063	0.289267608
637799064	-0.288434979
637799065	-0.063250406
637799066	-0.232927708
637799067	-0.041575466
637799068	-0.001526654
637799069	-0.303103093
637799070	0.009244993
637799071	0.191877149
637799072	0.135730953
637799073	-0.012823567
637799074	-0.185097994
637799075	0.086078832
637799076	-0.113744186
637799077	0.141869943
637799078	0.070665184
637799079	-0.38189855
637799080	-0.139164409
637799081	0.036048535
637799082	-0.052136233
637799083	-0.089442771
637799084	0.027922671
637799085	-0.082570721
637799086	-0.247369132
637799087	-0.187239236
637799088	-0.133757799
637799089	-0.281701696
637799090	-0.081684152
637799091	-0.576429808
637799092	0.023687121
637799093	0.026440838
637799094	0.092753193
637799095	-0.275462815
637799096	-0.023672823
637799097	-0.131161264
637799098	0.158986037
637799099	0.056931703
637799100	-0.070735361
637799101	-0.002210926
637799102	0.068194042
637799103	0.289240114
637799104	0.109713415
637799105	0.015553978
637799106	-0.239622047
637799107	0.121388984
637799108	-0.03132006
637799109	-0.000225936
637799110	-0.065093522
637799111	-0.346893196
637799112	-0.156216638
637799113	-0.242705118
637799114	-0.121041756
637799115	0.236795923
637799116	0.123883232
637799117	-0.048596304
637799118	-0.080079694
637799119	0.063080619
637799121	-0.297824883
637799122	0.131142515
637799123	0.161207254
637799124	0.11814337
637799125	-0.038276369
637799126	-0.039620565
637799127	0.084632165
637799128	-0.101496221
637799129	0.128789312
637799130	0.001456833
637799131	-0.251956123
637799132	-0.007120261
637799133	0.275907427
637799134	0.171552062
637799135	-0.053695339
637799136	-0.165232573
637799137	0.087371547
637799138	-0.047060197
637799139	0.130072764
637799140	0.036089218
637799141	-0.240068291
637799142	0.016190317
637799143	-0.129571061
637799144	0.075406085
637799146	-0.168121812
637799147	-0.031421478
637799148	-0.160634519
637799149	-0.323701317
637799150	-0.268647201
637799151	-0.23111683
637799152	-0.003541183
637799153	-0.105691094
637799154	-0.329679946
637799155	-0.00771486
637799157	-0.239290957
637799158	-0.096372279
637799159	-0.005612151
637799160	-0.342966148
637799161	-0.193128902
637799162	-0.252080078
637799163	-0.02130023
637799164	0.143226271
637799165	0.102691991
637799166	0.054173434
637799167	-0.015281089
637799168	0.007957112
637799169	0.053813152
637799170	-0.200584076
637799171	0.059160339
637799172	-0.093239759
637799173	-0.269012581
637799174	-0.665108135
637799175	-0.564347206
637799176	-0.54409491
637799177	-0.369210477
637799178	-0.247782463
637799179	0.024660197
637799180	0.066661561
637799181	-0.09742987
637799182	-0.505199422
637799184	-0.462757663
637799185	-0.151002259
637799186	-0.291831601
637799187	-0.001707897
637799188	0.023546578
637799189	-0.134624887
637799190	-0.139136481
637799191	-0.23068998
637799192	-0.275517312
637799193	-0.058096835
637799194	0.231614466
637799195	-0.128178605
637799196	-0.154944498
637799197	0.139042127
637799198	0.0116877
637799199	0.057706812
637799200	0.006194059
637799201	-0.22328338
637799202	-0.019415712
637799203	0.074529313
637799204	0.126729574
637799205	-0.093527541
637799206	-0.13661914
637799207	-0.059404843
637799208	0.292540462
637799209	-0.089094903
637799210	0.022499022
637799211	-0.155444952
637799212	0.086689567
637799213	-0.032496769
637799214	0.01120235
637799215	-0.136835099
637799216	0.034357874
637799217	0.132653334
637799218	0.061648417
637799220	-0.207486178
637799221	-0.001549658
637799222	-0.07593273
637799223	0.017030374
637799224	0.10871909
637799225	-0.122034826
637799226	-0.168873992
637799227	-0.04913433
637799228	-0.021894528
637799229	-0.024635398
637799230	-0.02269066
637799231	0.084040201
637799232	0.101664023
637799233	-0.140419017
637799234	-0.092254341
637799235	-0.521849118
637799236	-0.041702346
637799237	0.004707969
637799238	0.113748933
637799239	-0.132266995
637799240	-0.052734598
637799241	0.033987307
637799242	0.138419126
637799243	-0.211100918
637799244	0.107977332
637799245	-0.081737999
637799246	-0.249836161
637799247	-0.11949305
637799248	0.240343746
637799249	0.070927403
637799250	-0.264183422
637799251	-0.023049167
637799252	0.035483733
637799253	-0.046411684
637799254	0.023154543
637799255	-0.124666182
637799256	-0.327178617
637799257	-0.079985195
637799258	-0.09366851
637799259	0.112502271
637799260	-0.196712575
637799261	-0.325248624
637799262	0.03610182
637799263	-0.147846149
637799264	-0.233541463
637799265	-0.017711716
637799266	-0.167159441
637799267	-0.249912175
637799268	-0.029325721
637799270	-0.092657757
637799271	-0.265207229
637799272	-0.27323086
637799273	-0.363617317
637799274	-0.286651902
637799275	-0.215599321
637799276	-0.192507844
637799277	0.089760803
637799278	-0.102562009
637799279	-0.041257921
637799280	-0.164190421
637799281	0.117129161
637799282	-0.077615793
637799283	0.15893171
637799284	-0.041905
637799285	0.25370847
637799286	-0.121322847
637799287	-0.055259458
637799288	-0.036121467
637799289	-0.253430697
637799290	-0.206306158
637799291	0.002351535
637799292	-0.100664842
637799293	0.122982505
637799294	0.333334207
637799295	0.249452176
637799296	0.247686591
637799297	0.049452525
637799298	-0.164771093
637799299	-0.664721959
637799300	-0.108907516
637799301	-0.162507838
637799302	-0.064233722
637799303	-0.34188428
637799304	-0.106176926
637799305	-0.045470862
637799307	-0.517372437
637799308	-0.646478734
637799309	0.136291206
637799310	-0.054026622
637799311	0.106155699
637799312	-0.038922167
637799313	0.202804234
637799314	0.178110559
637799315	0.143808224
637799316	0.103570936
637799317	-1.153114122
637799318	0.204737984
637799319	0.014293925
637799320	0.034526258
637799321	-0.483811757
637799322	-0.500315782
637799323	-0.541423347
637799324	-0.377855995
637799325	0.013742609
637799326	-0.115997164
637799327	-0.201681688
637799328	-0.0123628
637799329	0.205894673
637799330	0.120745957
637799331	0.046556273
637799332	-0.280770571
637799333	-0.05966956
637799334	-0.067954599
637799335	-0.074979085
637799336	-0.002611482
637799337	0.127706904
637799338	-0.189237225
637799339	-0.04750777
637799340	-0.015146698
637799341	0.002281731
637799343	0.040922145
637799344	-0.278173918
637799345	-0.222885806
637799346	-0.134586192
637799347	0.113534656
637799348	-0.094676897
637799349	-0.097515186
637799350	-0.083942644
637799351	0.243827171
637799352	0.111363079
637799353	-0.261238609
637799354	-0.109724139
637799355	-0.044734515
637799356	0.27728499
637799357	0.172064739
637799358	0.111426225
637799359	-0.020263004
637799360	-0.018269245
637799361	-0.087936282
637799362	-0.070912334
637799363	-0.135169508
637799364	0.027504025
637799366	-0.014034258
637799367	-0.182758427
637799368	-0.302939706
637799369	0.241064876
637799370	-0.167404159
637799371	-0.019240569
637799372	-0.176517117
637799373	0.015449157
637799374	-0.116607395
637799375	-0.043743468
637799376	-0.283537905
637799377	0.106656982
637799378	-0.116694616
637799379	0.060091417
637799380	0.056984933
637799381	-0.192618698
637799382	-0.04463423
637799383	-0.097545102
637799384	0.16903696
637799385	-0.080580963
637799386	0.127206903
637799387	0.201453598
637799388	0.117548393
637799389	-0.106487099
637799390	-0.097476115
637799391	0.098453112
637799392	-0.016580015
637799393	-0.077064989
637799394	-0.042253624
637799395	0.002050073
637799396	-0.302327384
637799397	0.006190068
637799398	-0.052445256
637799399	-0.049003068
637799400	0.154682725
637799401	-0.062559393
637799402	0.049001752
637799403	-0.02760382
637799404	-0.056659612
637799405	0.054061217
637799406	-0.201984815
637799407	-0.205540577
637799408	-0.143603994
637799409	-0.342283635
637799410	-0.046169391
637799411	0.164390591
637799412	-0.188543574
637799413	0.060295369
637799414	-0.090564291
637799415	-0.101098107
637799416	-0.334307204
637799417	-0.353965733
637799418	-0.605969783
637799419	-0.027679531
637799420	-0.109318294
637799422	0.039689491
637799423	0.063782461
637799424	-0.087012511
637799425	0.092606078
637799426	0.207649636
637799427	-0.069489489
637799428	0.048876773
637799429	-0.043153538
637799430	0.133608089
637799431	0.244656909
637799432	0.391104797
637799433	-0.338591185
637799434	-0.168938639
637799435	-0.310712411
637799436	-0.191297159
637799437	0.203305669
637799438	-0.182487405
637799439	0.12275376
637799440	0.067237245
637799441	0.043288158
637799442	0.00485204
637799443	-0.088370284
637799444	0.066396021
637799445	-0.006300735
637799448	0.098165704
637799449	-0.261150675
637799450	0.10506674
637799451	-0.181568323
637799452	-0.206192586
637799453	-0.39742327
637799454	-0.055574877
637799455	-0.073619024
637799456	-0.017113414
637799457	0.221352822
637799458	-0.499285769
637799459	-0.012942602
637799460	-0.056034378
637799461	-0.553422966
637799462	-0.218784653
637799463	0.095289238
637799464	-0.25072401
637799465	-0.111260573
637799466	-0.174723853
637799467	-0.082325981
637799468	-0.186627351
637799469	0
637799470	0
637799471	0.068069902
637799472	-0.020231847
637799473	0.222581989
637799474	0.101857731
637799475	0.095462414
637799476	-0.042649306
637799477	-0.086649456
637799478	0.272165662
637799479	0.329623077
637799480	0.123574055
637799481	0.168791502
637799482	0.221643307
637799483	0.213728619
637799484	0.433281737
637799485	0.284638028
637799486	0.009129008
637799489	-0.174963214
637799490	-0.075774533
637799491	-0.092581181
637799492	-0.024437006
637799493	0.123353232
637799494	0.113635257
637799495	-0.029926807
637799497	0.100044711
637799498	-0.029821212
637799499	0.045857323
637799500	-0.047995966
637799501	-0.234661321
637799502	-0.095645136
637799503	-0.040730296
637799504	-0.201560553
637799505	0.100988612
637799506	0.010142051
637799508	-0.294742855
637799509	-0.108834213
637799510	-0.151242822
637799511	-0.002770819
637799512	-0.014725148
637799513	-0.048028614
637799514	-0.098117938
637799515	-0.139044448
637799516	0.110740794
637799517	0.234057629
637799518	-0.043204751
637799519	0.024019474
637799520	0.113315646
637799521	0.210592928
637799522	0.002093076
637799523	-0.318433662
637799524	0.050322861
637799525	0.041030932
637799526	-0.0250195
637799527	-0.463999057
637799528	0.173501169
637799529	-0.068495966
637799530	0.070478165
637799531	-0.113751276
637799532	-0.127641026
637799533	-0.030048637
637799534	-0.073817117
637799535	-0.021649431
637799536	0.160400137
637799537	0.136921455
637799538	-0.059787659
637799539	-0.052370855
637799540	0.1619186
637799541	0.048435992
637799542	-0.261521138
637799543	-0.194144011
637799544	-0.422570174
637799545	-0.217869367
637799546	-0.69461773
637799547	-0.022930649
637799548	-0.152904661
637799549	-0.159169128
637799550	-0.175054983
637799551	-0.312774988
637799552	0.115191583
637799553	-0.098681343
637799554	0.039331244
637799555	-0.00849983
637799556	-0.097222486
637799557	-0.14735247
637799558	0.06757031
637799559	-0.012351178
637799560	-0.032265859
637799561	0.023575888
637799562	-0.049882411
637799563	-0.040194003
637799564	-0.072127275
637799565	-0.094826892
637799566	0.074920169
637799567	-0.340703105
637799568	-0.069814587
637799569	0.109481944
637799570	0.073946239
637799571	0.258193028
637799572	0.290615388
637799573	0.112005416
637799574	0.18619075
637799575	-0.012725521
637799576	-0.555243974
637799577	-0.046926403
637799578	-0.407898841
637799579	-0.414041074
637799580	-0.178206798
637799581	-0.069278054
637799582	-0.145614085
637799583	-0.038387175
637799584	-0.145583978
637799585	-0.037402692
637799586	0.168999569
637799587	-0.260255856
637799588	0.075297391
637799589	-0.116404095
637799590	-0.123845937
637799591	0.07734802
637799592	-0.075285794
637799594	-0.053327963
637799595	0.058093223
637799596	-0.139075951
637799597	-0.100695286
637799598	0.068300753
637799599	-0.049438427
637799600	0.346388981
637799601	-0.376980229
637799602	-0.092999547
637799603	-0.157800169
637799604	-0.088710675
637799605	-0.244536796
637799606	-0.19912318
637799607	-0.378973688
637799608	-0.31719503
637799609	-0.343349478
637799610	-0.017507399
637799611	0.07048413
637799612	0.216073908
637799613	0.190912516
637799614	0.088497603
637799615	-0.294441371
637799616	0.086067339
637799617	0.422927676
637799618	0.224449564
637799619	-0.000913529
637799620	0.108678326
637799621	0.060444602
637799622	0.227973438
637799623	-0.018277835
637799624	0.198304651
637799625	0.123766955
637799626	-0.038194845
637799627	-0.151333405
637799628	0.032492862
637799629	0.123679846
637799630	0.079245192
637799631	-0.380350244
637799632	-0.164213157
637799634	0.085823848
637799635	-0.172204885
637799636	-0.638887252
637799637	-0.090992546
637799638	-0.022703256
637799639	0.236999476
637799640	-0.088695937
637799641	0.031922523
637799643	-0.128779081
637799644	-0.172481479
637799645	0.014072771
637799646	0.090768338
637799647	-0.03144906
637799648	0.096831425
637799649	-0.01254003
637799650	-0.076216513
637799651	-0.10209106
637799652	-0.251871245
637799653	-0.013877058
637799654	-0.123556083
637799655	0.210731909
637799656	0.129818664
637799657	0.061181278
637799658	-0.17135874
637799659	0.077130816
637799660	-0.482540077
637799661	-0.138479661
637799662	-0.177909783
637799663	-0.223763511
637799664	-0.090816815
637799665	-0.052835833
637799666	-0.071688322
637799667	-0.085218853
637799668	0.295003682
637799669	-0.186740519
637799670	-0.191884139
637799671	0.08510619
637799672	0.019033156
637799673	-0.053466555
637799674	0.13996793
637799675	0.19802857
637799676	0.121345457
637799677	0.273475069
637799678	-0.101968155
637799679	-0.033189037
637799680	0.0842799
637799681	-0.183197733
637799682	-0.154676022
637799683	-0.267268583
637799684	-0.122768469
637799685	-0.092424941
637799687	-0.238025014
637799688	0.047677512
637799689	0.061653682
637799690	-0.231736282
637799691	-0.020653231
637799692	-0.269466624
637799693	0.128086083
637799694	0.069601538
637799695	-0.184652782
637799696	0.020517359
637799697	-0.03684562
637799698	0.302721381
637799699	0.092884198
637799700	-0.004343769
637799701	0.013621974
637799702	-0.009799913
637799703	0.27660733
637799704	0.001273186
637799705	0.129025019
637799706	-0.002820262
637799707	-0.270565158
637799708	-0.126444491
637799709	0.00608479
637799710	-0.07744291
637799711	-0.132010259
637799712	0.284197976
637799713	0.104697225
637799714	0.045643043
637799715	-0.123234067
637799716	-0.157175977
637799717	-0.355953567
637799718	-0.081195843
637799719	-0.079329571
637799720	-0.582752396
637799721	-0.065822845
637799722	-0.247719139
637799723	-0.176163942
637799724	-0.08671431
637799725	-0.123210313
637799726	0.138617045
637799727	-0.185827704
637799728	-0.18576807
637799729	0.011717739
637799730	0.274635543
637799731	-0.134571423
637799732	-0.501606606
637799733	0.011261625
637799734	-0.031684095
637799735	-0.065153774
637799737	0.191743181
637799738	-0.079713367
637799739	0.026975788
637799740	0.10137957
637799741	0.084800594
637799742	0.14659036
637799743	-0.047777026
637799744	-0.068028982
637799745	-0.025194264
637799746	-0.139524529
637799747	0.386765966
637799748	0.019743169
637799749	0.177972965
637799750	0.192612079
637799751	0.101780655
637799752	0.004181654
637799753	0.122695319
637799754	-0.133682197
637799755	-0.127749921
637799756	-0.053531593
637799757	-0.084382378
637799758	0.087012803
637799759	0.007671627
637799760	0.102360436
637799761	0.241058773
637799762	0.155755202
637799763	0.10090812
637799764	0.106454323
637799765	0.330166329
637799766	0.039862699
637799767	-0.093257214
637799768	0.07091397
637799769	-0.386087143
637799770	0.000318918
637799771	-0.411478361
637799772	0.054092361
637799773	-0.178747715
637799774	-0.340579581
637799775	-0.157743417
637799776	-0.422816653
637799777	-0.190696945
637799778	0.076666448
637799779	0.167747692
637799780	0.144338554
637799781	-0.009396658
637799782	-0.145667618
637799783	0.047504543
637799784	-0.026909564
637799785	-0.163382526
637799786	-0.251744791
637799787	-0.129481778
637799788	-0.271684
637799789	0.179015243
637799790	0.006754346
637799791	-0.129535834
637799793	0.192386493
637799794	-0.199814044
637799795	-0.083173971
637799796	-0.074601735
637799797	0.082802392
637799798	-0.073765239
637799799	0.039741855
637799800	0.031642649
637799801	-0.01039877
637799802	-0.062030447
637799803	0.063525795
637799804	-0.105071338
637799805	-0.123944656
637799806	0.212384348
637799807	0.001849764
637799808	-0.356654627
637799809	-0.427770385
637799810	0.230113923
637799811	-0.013390769
637799812	0.059195861
637799813	-0.360749736
637799814	-0.099639573
637799815	-0.281487076
637799816	0.09548275
637799817	-0.047445581
637799818	-0.046749414
637799819	0.223491498
637799820	-0.212791998
637799821	-0.119317965
637799822	-0.148709658
637799823	0.073130753
637799824	-0.103089021
637799825	-0.053240333
637799826	-0.172834223
637799827	0.088270837
637799828	-0.154710901
637799829	0.273985265
637799830	-0.048809821
637799831	0.040461299
637799832	-0.107587474
637799833	-0.094904232
637799834	0.132199815
637799835	-0.190291957
637799836	0.028762511
637799837	0.040327826
637799838	0.229450398
637799839	-0.070732659
637799840	-0.012187772
637799841	-0.058792398
637799842	0.058120707
637799843	0.004525516
637799844	-0.086640099
637799845	-0.037760541
637799846	-0.308665349
637799847	-0.119307198
637799848	-0.134202989
637799849	0.006688792
637799850	0.197495606
637799851	-0.12587444
637799852	0.022375484
637799853	-0.197792704
637799854	-0.098586185
637799855	-0.407455865
637799856	-0.152635852
637799857	-0.248336241
637799858	-0.065604958
637799859	-0.066742199
637799860	0.199698642
637799861	-0.096345715
637799862	-0.391694494
637799863	0.189075638
637799864	0.060926868
637799865	0.114882915
637799866	0.001047308
637799867	-0.354717647
637799868	-0.067984415
637799869	0.151421078
637799870	-0.225233308
637799871	-0.969865765
637799872	0.082115378
637799873	0.019086047
637799874	-0.028918159
637799875	-0.038754683
637799876	0.153847676
637799877	-0.223754454
637799878	-0.236701853
637799879	-0.244267958
637799880	-0.084598955
637799881	0.016200531
637799882	-0.051751835
637799883	-0.277436703
637799884	-0.104026376
637799885	-0.163693297
637799886	-0.011517429
637799887	-0.045848108
637799888	0.218648978
637799889	-0.004981375
637799890	-0.083936124
637799891	-0.090695211
637799892	-0.093188888
637799893	0.102742089
637799894	-0.253781487
637799895	-0.118803967
637799896	-0.853523129
637799897	-0.157760783
637799898	0.205773795
637799899	0.034960229
637799900	-0.245186935
637799901	-0.144379586
637799902	0.130708987
637799903	-0.220753755
637799904	-0.33066547
637799905	-0.040503665
637799906	0.121197055
637799907	0.033704014
637799908	-0.188404088
637799909	-0.150924348
637799910	-0.19743917
637799911	-0.548788628
637799912	0.22689956
637799913	-0.14942168
637799914	-0.01117505
637799915	0.05295948
637799916	-0.360931653
637799917	-0.065733914
637799918	-0.139909989
637799919	-0.188269237
637799921	0.039059681
637799922	-0.184836122
637799923	-0.140756861
637799924	0.064058722
637799925	0.28437881
637799926	-0.043244261
637799927	0.095508882
637799928	-0.011519234
637799929	-0.140027902
637799930	0.133336775
637799931	-0.025475301
637799932	0.211188703
637799933	-0.048823694
637799934	-0.267713615
637799935	0.008201032
637799936	0.188898578
637799937	0.137767698
637799938	-0.372163182
637799939	-0.715927405
637799940	-0.137064983
637799941	-0.207937066
637799942	-0.17091508
637799943	-0.085114557
637799944	-0.084910549
637799945	-0.097920918
637799946	0.04764035
637799947	-0.194288449
637799948	0.022766419
637799949	0.232434467
637799950	0.010966129
637799951	0.151424432
637799952	-0.232893864
637799953	-0.217089759
637799954	-0.361372564
637799955	-0.344513154
637799956	-0.424200006
637799957	-0.262331947
637799958	-0.281281879
637799959	0.241195434
637799960	0.108199632
637799961	0.457384354
637799962	0.095479364
637799963	0.05300922
637799964	0.124841404
637799965	0.140822198
637799966	-0.00665034
637799967	-0.058315632
637799968	0.003903099
637799969	0.021137294
637799970	0.056170449
637799971	0.117277383
637799972	-0.061463302
637799973	-0.298261009
637799974	-0.035738943
637799975	-0.03083628
637799976	-0.223178408
637799977	0.005090369
637799978	-0.003033253
637799979	0.111393963
637799980	-0.09233513
637799981	-0.053828248
637799982	0.055855971
637799983	0.040950641
637799984	-0.013061506
637799985	0.032164395
637799986	-0.037749947
637799987	-0.142361208
637799988	-0.092532868
637799989	0.068244249
637799990	0.067998849
637799991	-0.251121297
637799992	-0.09443949
637799993	0.037840409
637799994	-0.553399174
637799995	-0.420288788
637799996	-0.324743302
637799997	-0.028144272
637799998	0.128213232
637799999	0.125423667
637800000	-0.023229102
637800001	0.247135478
637800002	-0.002468715
637800003	0.050774693
637800004	0.06724428
637800005	-0.00657838
637800006	-0.033868528
637800007	0.078460206
637800008	-0.494930191
637800009	-0.123928268
637800010	0.025174007
637800011	-0.073816053
637800012	-0.119646913
637800013	0.103314402
637800014	0.036740442
637800015	0.191475968
637800016	-0.242946307
637800017	-0.157950099
637800018	-0.024787542
637800019	-0.003930027
637800020	0.003403321
637800021	-0.304179792
637800022	-0.061510126
637800023	-0.179211362
637800024	-0.250081208
637800025	-0.059814613
637800026	-0.340718522
637800027	-0.185181068
637800028	-0.101951873
637800029	-0.535150428
637800030	-0.226135856
637800031	-0.129657742
637800032	0.064128333
637800033	0.002272788
637800034	0.307919626
637800035	0.279608256
637800037	0.258646855
637800038	0.012199369
637800039	-0.012464424
637800040	-0.086372832
637800041	-0.326724977
637800042	0.001432989
637800043	-0.344580368
637800044	0.153646767
637800045	0.221048924
637800046	0.338775023
637800047	-0.317562905
637800048	-0.000802899
637800049	-0.191617733
637800052	-0.222681354
637800053	0.15019091
637800054	0.244895294
637800055	0.037930964
637800056	0.044642866
637800057	0.05094472
637800058	0.164141582
637800059	0.298798401
637800060	0.083772814
637800061	0.145911782
637800062	-0.057002756
637800063	0.005663011
637800064	0.059426018
637800065	0.130246972
637800066	0.30814814
637800067	0.428578478
637800068	0.261397611
637800070	-0.848231456
637800071	-0.026011315
637800072	-0.051453919
637800073	-0.086704958
637800074	-0.055299455
637800075	-0.241916884
637800076	0.07464033
637800077	0.005112876
637800078	-0.191524362
637800079	-0.101086617
637800080	-0.037798021
637800081	-0.063928143
637800082	0.096624028
637800083	0.097203785
637800084	0.312039769
637800085	-0.115257642
637800086	-0.352487992
637800087	-0.08782747
637800088	-0.116911875
637800089	-0.095814986
637800090	-0.006067266
637800091	0.182075136
637800092	0.048420757
637800093	0.009734022
637800094	0.130230331
637800095	0.035399593
637800096	-0.204440774
637800097	0.075449811
637800098	0.061322209
637800099	-0.027374072
637800101	0.282855645
637800102	0.253665441
637800103	-0.133961728
637800104	-0.063946649
637800105	-0.008830143
637800106	0.176963469
637800107	-0.10391169
637800108	0.014520256
637800109	0.199814648
637800110	-0.086222074
637800111	-0.29846846
637800112	-0.046247157
637800113	0.036146263
637800114	-0.294661245
637800115	-0.128308043
637800116	-0.263295417
637800117	-0.048438426
637800118	-0.558101271
637800119	-0.505438935
637800120	-0.164112783
637800121	-0.180020328
637800122	-0.166580162
637800123	-0.113593797
637800124	-0.036413299
637800125	0.076445579
637800126	0.157344359
637800127	-0.189637931
637800128	0.059847381
637800129	-0.227085736
637800130	0.033697503
637800131	-0.117060469
637800132	-0.097585974
637800133	-0.356216006
637800134	0.140401922
637800135	0.026132529
637800136	0.02345922
637800137	0.045551665
637800138	0.002674946
637800139	0.073202821
637800140	0.132816109
637800141	-0.097700308
637800142	0.233212001
637800143	-0.612921303
637800144	-0.170016453
637800145	-0.320537512
637800146	0.161680737
637800147	0.105795919
637800148	-0.372593556
637800149	-0.197754708
637800150	-0.315425234
637800151	-0.234244022
637800152	0.119855087
637800153	-0.116079128
637800154	-0.125728507
637800156	-0.044294788
637800157	-0.155078162
637800158	0.112518787
637800159	0.060237672
637800160	0.13414029
637800161	-0.208300752
637800162	0.030551176
637800163	-0.292142317
637800164	-0.046045727
637800165	-0.197059706
637800166	-0.20673067
637800167	-0.091099874
637800168	0.034848775
637800169	0.062467209
637800170	-0.250463333
637800171	0.009563604
637800172	-0.384426636
637800173	-0.185622453
637800174	-0.152079362
637800175	-0.43300296
637800176	-0.165694116
637800177	-0.382912727
637800178	-0.04630952
637800179	-0.212993674
637800180	-0.152338795
637800181	-0.093942591
637800182	0.08909952
637800183	-0.179468842
637800184	-0.127088632
637800185	-0.264080936
637800186	0.089786754
637800187	-0.008361597
637800188	-0.049383221
637800189	0.091879131
637800190	-0.136293038
637800191	-0.067650315
637800192	0.114278825
637800194	0.026525442
637800195	-0.332918678
637800197	0.11142944
637800198	0.258927888
637800199	0.057101093
637800200	-0.290855182
637800201	-0.195645941
637800202	-0.274507491
637800203	0.100866924
637800204	0.0068037
637800205	-0.106325559
637800206	-0.106504991
637800207	-0.028769339
637800208	-0.074756857
637800209	0.026223441
637800210	-0.00218318
637800211	0.140520634
637800212	-0.10964124
637800213	-0.073994317
637800214	-0.089513582
637800215	-0.143024154
637800216	0.018109385
637800217	-0.011560375
637800218	0.013298863
637800219	-0.123684245
637800220	0.403616241
637800221	0.100806478
637800222	-0.451248683
637800223	-0.00057434
637800224	-0.228802852
637800225	0.480211158
637800226	-0.016912744
637800227	-0.079927916
637800228	-0.094338568
637800229	-0.139707222
637800230	-0.09558513
637800231	-0.010381394
637800232	0.068639007
637800233	-0.331524529
637800234	0.024917569
637800235	0.091761605
637800236	-0.025817709
637800237	0.234402205
637800238	-0.095642004
637800239	0.059489886
637800240	-0.098903033
637800241	-0.197635681
637800242	0.279020973
637800243	-0.219129125
637800244	-0.252732535
637800245	-0.047647686
637800246	-0.10230792
637800247	-0.038867674
637800248	0.107417245
637800249	0.259413239
637800250	-0.005186613
637800251	0.048397605
637800252	-0.222083899
637800253	0.035504815
637800254	0.008767272
637800255	-0.076981911
637800256	-0.012169499
637800257	0.039911219
637800258	-0.064786317
637800259	0.031587668
637800260	0.165395949
637800261	-0.142526759
637800262	-0.095864745
637800263	-0.26464949
637800264	0.017070315
637800265	-0.407796419
637800266	-0.044798007
637800267	0.035336808
637800268	0.043715622
637800269	0.091096638
637800270	-0.001341756
637800271	0.28097161
637800272	0.076142929
637800273	-0.09302774
637800274	0.087950468
637800275	0.077732725
637800276	-0.001743604
637800277	-0.065988096
637800278	0.06599874
637800279	0.062100303
637800280	-0.000535947
637800281	-0.369268983
637800282	0.065472767
637800283	0.103409614
637800284	-0.0794574
637800285	-0.195758389
637800286	-0.662517393
637800287	-0.271412204
637800288	-0.210842424
637800289	-0.27072081
637800290	0.198390177
637800291	0.278170098
637800292	-0.248712091
637800293	-0.346107372
637800294	-0.126287755
637800295	-0.023383289
637800296	-0.0645772
637800297	-0.012628666
637800298	-0.080805163
637800299	0.566829241
637800300	-0.049926389
637800301	0.005331872
637800302	0.021059
637800303	-0.279120255
637800304	-0.158977653
637800305	0.007572994
637800306	0.036466046
637800307	-0.124921845
637800308	-0.064304231
637800309	0.03953598
637800310	-0.033449608
637800311	0.091042056
637800312	0.039937638
637800313	-0.002532425
637800314	-0.061516209
637800315	-0.037084222
637800316	-0.172406786
637800317	-0.160133607
637800318	0.155650178
637800319	0.012548981
637800320	0.210245898
637800321	-0.153337058
637800322	0.000205714
637800323	0.125197575
637800324	-0.275588391
637800325	0.03565194
637800326	-0.103640687
637800327	-0.254396791
637800328	-0.381910249
637800329	0.035592907
637800330	-0.306341563
637800331	-0.085515393
637800332	-0.137905035
637800333	0.140331003
637800334	-0.123309181
637800335	0.129956585
637800336	-0.177121103
637800337	0.0637284
637800338	-0.05001539
637800339	-0.432006657
637800340	-0.12947121
637800341	0.004650652
637800342	0.000986423
637800343	0.077035313
637800344	-0.019970873
637800345	-0.078985756
637800346	-0.020856943
637800347	0.305361251
637800348	-0.093971127
637800349	0.059178449
637800350	-0.155143819
637800351	-0.314227085
637800352	-0.419907451
637800353	0.035157397
637800354	-0.148204281
637800355	-0.194071873
637800356	-0.078256049
637800357	0.06596464
637800358	0.025072584
637800359	-0.25420525
637800360	-0.056166526
637800361	0.173104092
637800362	-0.254699841
637800363	0.147206018
637800364	-0.257912973
637800365	-0.49779564
637800366	-0.157083129
637800367	-0.428025572
637800368	-0.443931026
637800369	-0.153212063
637800370	-0.251910434
637800371	-0.2079693
637800372	-0.141528153
637800373	-0.191270429
637800374	0.010076293
637800375	-0.091278295
637800376	-0.347878721
637800377	0.093093821
637800378	0.026551241
637800379	0.006875619
637800380	0.044002431
637800381	-0.107776875
637800382	0.006481278
637800383	0.113422758
637800384	0.153525115
637800385	-0.08142527
637800386	-0.336715859
637800387	-0.012159931
637800389	-0.277170062
637800390	0.125939614
637800391	-0.195427333
637800392	-0.029143832
637800393	0.080674945
637800394	-0.086974157
637800395	-0.257497552
637800396	-0.118928818
637800397	-0.163502618
637800398	-0.247706917
637800399	-0.100553352
637800400	0.070800286
637800401	0.171007297
637800402	0.119435337
637800403	-0.058740184
637800404	0.148106123
637800405	-0.016196231
637800406	-0.0242566
637800407	-0.376723047
637800408	0.034987382
637800411	0.088986235
637800412	-0.040394354
637800413	0.287816809
637800414	-0.684162731
637800415	-0.013300577
637800416	0.140549392
637800417	0.118987479
637800418	-0.015292817
637800419	0.031655489
637800420	0.229191521
637800421	0.05628837
637800422	-0.304206713
637800423	-0.305704005
637800424	-0.175419892
637800425	-0.193167969
637800426	-0.108663682
637800427	-0.330342269
637800428	-0.329863325
637800429	-0.313838187
637800430	-0.074117337
637800431	0.044509616
637800432	0.449751822
637800433	-0.12288704
637800434	-0.016218133
637800435	0.214590919
637800436	0.231227406
637800437	0.14100407
637800438	0.274819204
637800439	0.142340508
637800440	0.254628631
637800441	0.22095825
637800442	-0.824947399
637800443	-0.129866997
637800444	0.191144024
637800445	-0.174475319
637800446	-0.01419923
637800447	0.066765027
637800448	-0.099421498
637800449	0.010144441
637800450	-0.019414542
637800451	0.045918472
637800452	0.140422988
637800453	-0.00145172
637800454	-0.038043428
637800455	0.355456787
637800456	0.097357352
637800457	-0.043750071
637800458	0.067288106
637800459	-0.23630104
637800460	-0.095071694
637800461	0.250158687
637800462	0.041564963
637800463	0.055687639
637800464	-0.147761229
637800465	-0.166682267
637800466	0.053838385
637800467	-0.027093203
637800468	-0.125309799
637800469	0.078808666
637800470	-0.080427547
637800471	-0.239285446
637800472	-0.174506583
637800473	0.052245518
637800474	0.102116265
637800475	0.065230237
637800476	0.129363317
637800477	0.078836189
637800478	-0.201579451
637800479	-0.257919062
637800480	-0.102153569
637800481	-0.161990899
637800482	0.04285197
637800483	-0.107907238
637800484	0.194103142
637800485	0.089957158
637800486	0.186472044
637800487	-0.049698533
637800488	0.214285073
637800489	-0.007644685
637800490	0.154000908
637800491	0.086042831
637800492	0.094068514
637800493	-0.182998641
637800494	0.182203684
637800495	0.004428573
637800496	0.091455162
637800497	-0.078384609
637800498	0.198412842
637800499	-0.057105589
637800500	-0.097239168
637800501	-0.425139081
637800502	-0.237297364
637800503	-0.071153004
637800504	-0.197868693
637800505	-0.246379874
637800506	0.044727538
637800507	-0.05522417
637800508	-0.008164177
637800509	-0.144745044
637800510	0.074077298
637800511	0.107318386
637800512	-0.095451874
637800513	-0.019465674
637800514	-0.221446882
637800515	0.058695669
637800516	0.021094585
637800517	-0.145111069
637800518	-0.178301485
637800519	0.038818244
637800520	0.11549956
637800521	-0.022787371
637800522	0.181047553
637800523	0.035157284
637800524	-0.033169147
637800525	0.305861199
637800526	-0.171223634
637800527	0.152642695
637800528	-0.135013103
637800529	0.138043335
637800530	-0.13093565
637800531	-0.286618582
637800532	0.049410071
637800533	-0.102366787
637800534	-0.198751551
637800535	-0.239308436
637800536	-0.314872282
637800537	0.009788134
637800538	-0.053686021
637800539	-0.215026999
637800540	0.024717763
637800541	-0.211125641
637800542	-0.052495027
637800543	-0.015233158
637800544	0.311660445
637800545	-0.006831913
637800546	-0.137079524
637800547	-0.121400105
637800548	0.167893355
637800549	-0.137868663
637800550	-0.191126115
637800551	-0.102301093
637800552	-0.279322512
637800553	-0.160747445
637800554	-0.107710962
637800555	-0.060959921
637800556	-0.098598377
637800557	-0.306858647
637800558	-0.191020279
637800559	-0.007190906
637800560	0.174504831
637800561	0.130019505
637800562	0.080556483
637800563	-0.086798267
637800564	-0.488281984
637800565	-0.453094652
637800566	-0.198990335
637800567	-0.330910831
637800568	0.056939742
637800569	-0.281885977
637800570	-0.263126301
637800571	-0.373162745
637800572	-0.176117044
637800573	-0.423245382
637800574	-0.179360071
637800575	-0.131848535
637800576	-0.130113547
637800577	-0.013197344
637800578	-0.155793031
637800579	-0.043697761
637800580	-0.061284968
637800581	-0.123928639
637800582	-0.257386805
637800583	-0.466428966
637800584	-0.409060964
637800585	0.044916756
637800586	-0.005278081
637800587	0.00694733
637800588	-0.134910216
637800589	0.112293998
637800590	0.201266788
637800591	0.188322637
637800592	-0.038299076
637800593	-0.010881483
637800594	-0.225962134
637800595	-0.131832033
637800596	-0.247329798
637800597	-0.156032804
637800598	0.070787701
637800599	-0.294814881
637800600	-0.235036924
637800601	-0.179666585
637800602	-0.262216703
637800603	-0.050990001
637800604	-0.016883581
637800605	0.112810504
637800606	-0.205661609
637800607	0.073025484
637800608	0.022968646
637800609	0.088455873
637800610	0.105052214
637800611	-0.096969076
637800612	-0.159198939
637800613	0.044504286
637800614	-0.138826347
637800615	-0.176099038
637800616	-0.404576797
637800617	0.00769183
637800618	-0.160069084
637800619	-0.33323769
637800620	-0.005094354
637800621	0.06878467
637800622	0.222829813
637800623	0.04426303
637800624	0.028969611
637800625	0.12101047
637800626	0.221133162
637800627	-0.138207399
637800628	-0.087747826
637800629	0.132606495
637800630	0.175864391
637800631	-0.099557987
637800632	0.1017909
637800633	0.25351815
637800634	-0.057885309
637800635	0.057548913
637800636	0.000507001
637800637	-0.005877942
637800638	0.026611485
637800639	-0.158098792
637800640	-0.054072774
637800641	0.01081809
637800642	-0.177113911
637800643	0.132499405
637800644	0.283413783
637800645	0.253902795
637800646	0.244399652
637800647	0.381553513
637800648	-0.247394601
637800650	-0.0446314
637800651	0.029332057
637800652	-0.003577951
637800653	-0.13221879
637800654	-0.102612848
637800655	-0.112933375
637800657	-0.188760569
637800658	-0.236187063
637800659	0.076821396
637800660	0.040579864
637800661	-0.16846946
637800662	-0.149330955
637800663	0.151516165
637800664	-0.162024021
637800665	0.121221426
637800666	0.132052318
637800667	-0.251785796
637800668	0.090005452
637800669	0.211025025
637800670	-0.127433099
637800671	0.139192301
637800672	0.105659887
637800673	-0.018138016
637800674	-0.111852491
637800675	-0.03001751
637800676	-0.34560328
637800677	-0.117021033
637800678	-0.106732961
637800679	-0.206722932
637800680	-0.320583531
637800681	-0.37702334
637800682	-0.028174532
637800683	-0.100044161
637800684	0.130773417
637800685	-0.144032634
637800686	-0.163829236
637800687	-0.013548932
637800688	-0.085178317
637800689	-0.252982911
637800690	-0.180424785
637800691	-0.098205292
637800692	-0.299575668
637800693	-0.067628919
637800694	-0.005608796
637800695	-0.007876164
637800696	0.135430627
637800697	0.193582164
637800698	-0.117909985
637800699	-0.093255748
637800700	-0.25063687
637800701	-0.235097494
637800702	0.215939502
637800703	-0.116223502
637800704	-0.248763252
637800705	-0.219182282
637800706	-0.283031355
637800707	0.115495632
637800708	0.107171508
637800709	0.133630927
637800710	0.076193499
637800711	-0.119067288
637800712	-0.059827068
637800713	0.215727542
637800714	0.315628327
637800715	0.172412352
637800716	0.177949012
637800717	0.080200584
637800718	-0.194116568
637800719	-0.066607306
637800720	-0.292258582
637800721	0.099647471
637800722	-0.08131687
637800723	-0.077470033
637800724	-0.023359597
637800725	0.067974995
637800726	0.069564249
637800727	0.058073635
637800728	-0.026479123
637800729	-0.253756718
637800730	-0.102384679
637800731	0.006832003
637800732	0.37499315
637800733	-0.073831999
637800734	0.195495518
637800735	0.223551531
637800736	0.162176732
637800737	-0.153273597
637800738	0.025892016
637800740	-0.097162466
637800741	-0.12337226
637800742	0.024591503
637800743	-0.201397843
637800744	-0.002020402
637800745	-0.339029285
637800746	0.067932437
637800747	0.046819623
637800748	-0.121679721
637800749	-0.309647758
637800750	0.422550107
637800751	-0.11263909
637800752	-0.034914503
637800753	0.004642623
637800754	0.026516321
637800755	-0.046876003
637800756	-0.18251084
637800757	-0.295405714
637800758	-0.178509678
637800759	-0.14516689
637800760	-0.202325745
637800761	-0.169556648
637800762	-0.095230258
637800763	-0.204634664
637800764	-0.321829147
637800765	-0.010675892
637800766	-0.313758674
637800767	-0.027052842
637800768	-0.049005915
637800769	0.025978255
637800770	0.043894811
637800771	0.062537806
637800772	0.061103745
637800773	0.116719603
637800774	0.006071999
637800775	0.079334293
637800776	-0.019342396
637800777	0.049850292
637800778	-0.002528868
637800779	0.11532993
637800780	-0.032923691
637800781	0.255630959
637800782	0.196231196
637800783	0.26913905
637800784	0.288088941
637800785	0.056056887
637800786	0.031693631
637800787	-0.049517472
637800788	-0.086053366
637800789	-0.017870268
637800790	-0.071007047
637800791	0.033965907
637800792	-0.220320515
637800793	0.140249731
637800794	0.174119536
637800795	0.319860295
637800796	0.100239167
637800797	-0.156025263
637800798	-0.335667005
637800799	-0.034395955
637800800	-0.091598063
637800801	0.073661235
637800802	-0.196631112
637800803	-0.044703835
637800804	-0.212313359
637800805	-0.045045832
637800806	-0.112704683
637800807	-0.369225577
637800808	-0.133453756
637800809	-0.153426997
637800810	0.104858259
637800811	0.004864396
637800812	0.126580546
637800813	-0.147324956
637800814	-0.154451157
637800815	-0.274057612
637800816	-0.143241496
637800817	-0.239363417
637800818	-0.317261553
637800819	-0.017439915
637800820	0.077167531
637800821	-0.115788751
637800822	-0.206879796
637800823	-0.169749237
637800824	-0.054706999
637800825	-0.109424409
637800826	-0.048572878
637800827	0.108361516
637800828	-0.02177688
637800829	0.037479712
637800830	-0.012326234
637800831	-0.062314721
637800832	0.261796052
637800833	0.001875623
637800834	-0.036518822
637800835	-0.026521795
637800836	0.158942825
637800837	0.219175096
637800838	-0.244177251
637800839	-0.18152558
637800840	-0.62697881
637800841	0.138916681
637800842	0.226926781
637800843	0.163098428
637800844	-0.130988766
637800845	0.014879475
637800846	-0.085224017
637800847	-0.108910915
637800848	0.062368264
637800849	-0.251169437
637800850	0.01601913
637800851	-0.334056101
637800852	-0.114148632
637800853	0.106785156
637800854	0.128824086
637800855	0.071627896
637800856	0.018690618
637800857	-0.16502789
637800858	-0.123982668
637800859	-0.384781784
637800860	-0.1577184
637800861	-0.045246825
637800862	-0.030616941
637800863	-0.005355571
637800864	0.208908509
637800865	-0.288482346
637800866	-0.043987062
637800867	0.100665484
637800868	-0.003643388
637800869	-0.321651066
637800870	-0.227634349
637800871	-0.125641298
637800872	0.116973831
637800873	-0.246683321
637800874	-0.248821135
637800875	-0.02727515
637800876	-0.118386188
637800877	0.133106795
637800878	0.146322042
637800879	0.200919677
637800880	-0.0958541
637800881	-0.138003102
637800882	-0.317661196
637800883	0.314234409
637800884	-0.359958874
637800885	-0.179509407
637800886	0.107648527
637800887	0.046576321
637800888	-0.128824707
637800889	-0.213854276
637800890	0.108623512
637800891	-0.225132462
637800892	-0.258683324
637800893	-0.249343401
637800894	-0.098381882
637800895	-0.049328696
637800896	0.031070383
637800897	-0.498816655
637800898	-0.300712256
637800899	-0.523666974
637800900	-0.281493168
637800901	-0.451355125
637800902	-0.146101487
637800903	-0.27152943
637800905	-0.045999667
637800906	-0.203176011
637800907	-0.105917734
637800908	-0.411806352
637800909	-0.537907045
637800910	0.071223519
637800911	0.051615133
637800912	-0.531574831
637800913	0.056067065
637800914	0.027894464
637800915	-0.495473616
637800916	-0.239127817
637800917	0.147915714
637800918	0.118115272
637800919	0.13896572
637800920	0.175522004
637800921	-0.064508438
637800922	-0.017977874
637800923	0.254870108
637800924	0.218959905
637800925	-0.138906752
637800926	0.190266855
637800927	-0.054996147
637800928	-0.91016049
637800929	-0.263999135
637800930	-0.098844222
637800931	0.101707317
637800932	0.039637077
637800933	-0.259422599
637800934	-0.388547738
637800935	-0.200026807
637800936	-0.005573887
637800937	-0.162824878
637800938	-0.149822561
637800939	-0.22486353
637800940	-1.361397576
637800941	0.33561067
637800942	0.029190729
637800943	0.071160743
637800944	-0.030817706
637800945	0.250720642
637800946	-0.069761186
637800947	0.081339288
637800948	0.251231667
637800949	0.10273413
637800950	-0.108663734
637800951	-0.146226286
637800952	-0.218754683
637800953	0.060408615
637800954	-0.185970297
637800955	-0.054838431
637800956	0.133967404
637800957	-0.060504742
637800958	-0.008907597
637800959	-0.336736759
637800960	-0.403759061
637800961	-0.43671912
637800962	-0.008836401
637800963	0.130228643
637800964	0.179967276
637800965	0.162311975
637800966	0.051112848
637800967	-0.195353941
637800968	-0.012984075
637800969	-0.114207108
637800970	-0.201099793
637800971	-0.051800869
637800972	0.075950345
637800973	-0.421638308
637800974	-0.226775545
637800975	-0.308924237
637800976	-0.015740453
637800978	-0.246550434
637800979	-0.335826681
637800980	-0.321163047
637800981	-0.071747124
637800982	0.006201253
637800983	0.189534867
637800984	0.096152536
637800985	-0.000611225
637800986	-0.198404983
637800987	-0.302211793
637800988	-0.289022673
637800989	-0.069225115
637800990	-0.434628483
637800991	-0.095988354
637800992	0.028654795
637800993	0.030364999
637800994	0.054975321
637800995	-0.138564364
637800996	-0.093149052
637800997	-0.180996963
637800998	0.187301389
637800999	-0.098677941
637801000	0.237805684
637801001	0.173502424
637801002	-0.064644546
637801003	-0.200524656
637801004	-0.171248109
637801005	0.264740543
637801006	-0.057881542
637801007	0.042482125
637801008	0.01869491
637801009	-0.079834403
637801010	-0.049097196
637801011	-0.131333751
637801012	-0.189679616
637801013	0.221888834
637801014	-0.288824783
637801015	-0.099018153
637801016	-0.143696993
637801017	-0.204401603
637801018	-0.290023992
637801019	-0.105973837
637801020	-0.110779577
637801021	0.045393556
637801022	-0.987041459
637801023	0.020304408
637801024	0.250823824
637801025	0.180585711
637801029	-0.193868592
637801030	0.031861027
637801031	-0.221852905
637801032	-0.277582892
637801033	-0.283383318
637801034	-0.211393689
637801035	0.098197389
637801036	-0.005287659
637801037	-0.001966752
637801038	0.00274652
637801040	-0.048459704
637801041	0.091732322
637801042	0.025103199
637801043	-0.370959812
637801044	0.22497919
637801045	0.218725171
637801046	-0.258614705
637801047	-0.169069869
637801048	-0.155170084
637801049	0.055354966
637801050	-0.188114691
637801051	0.143571222
637801052	0.087127534
637801053	-0.026445638
637801054	0.083047058
637801055	-0.052874827
637801056	0.039916181
637801057	0.006358653
637801058	0.083207319
637801059	-0.032150909
637801060	-0.326352661
637801061	0.180108143
637801062	-0.397744646
637801063	-0.092902395
637801064	0.009727613
637801065	-0.164320271
637801066	-0.386462937
637801067	-0.068961247
640711016	-0.572764549
640711017	-0.527261223
640711018	-0.491230267
640711019	-0.471157229
640711020	-0.758601181
640711021	-0.725828463
640711022	-0.411349364
640711023	-1.059649953
640711024	0
640711025	0
640711026	0
640711027	0
640711028	0
640711029	-0.645543055
640711030	0.034852322
640711031	-1.337448498
640711032	-0.294802577
640711033	0.017034734
640711034	-0.5518979
640711035	-0.798310175
640711036	-0.721493045
640711037	-0.058002964
640711038	0.078742533
640711039	-0.753153519
640711040	-0.726701277
640711041	0.126426833
640711042	-0.701152938
640711043	-1.179792614
640711044	-0.184045584
640711045	0.124045207
640711046	-0.538242566
640711047	-0.165211898
640711048	-0.512589226
640711049	-0.981683682
640711050	-0.641831652
640711051	-0.74702978
640711052	-0.489569647
640711053	-0.705398262
640711054	-0.212114771
640711055	-0.76156858
640711056	-0.309673466
640711057	-0.783306583
640711058	-0.536872276
640711059	-0.899040583
640711060	-0.431953335
640711061	-1.51703876
640711062	-0.641598064
640711063	0.018750145
640711064	-0.182352596
640711065	-0.008567723
640711066	0.101857731
640711067	-0.812641168
640711068	-0.645197114
637798356	-0.006147224
637798357	0.110734301
637798358	0.13812606
637798359	0.017943085
637798360	-0.172603531
637798361	-0.103884151
637798362	0.06118017
637798363	0.113845439
637798364	-0.184172615
637798365	0.196491489
637798366	-0.070907389
637798367	-0.097187923
637798368	0.071727551
637798369	0.083236794
637798370	-0.078668291
637798371	-0.214437651
637798372	-0.065571061
637798373	-0.01309847
637798374	-0.149096492
637798375	-0.147707649
637798376	-0.123308098
637798377	0.112256303
637798378	0.067225352
637798379	-0.271866956
637798380	-0.297572052
637798381	-0.082721071
637798382	-0.206518841
637798383	-0.05621846
637798384	-0.256586578
637798385	-0.281912745
637798386	0.125931607
637798387	-0.103405132
637798388	0.06292949
637798389	-0.019863362
637798390	0.120471807
637798391	-0.081542986
637798392	-0.158598408
637798393	0.028620111
637798394	0.162262533
637798395	0.210426326
637798396	-0.141909017
637798397	-0.223276696
637798398	0.221263954
637798399	0.087267469
637798400	-0.200471033
637798401	0.015143677
637798402	-0.067289723
637798403	0.017736578
637798404	-0.147360716
637798405	0.034509793
pANS_predictedORF_1	-0.051583079
pANS_predictedORF_2	0.081105796
pANS_predictedORF_3	-0.214576001
pANS_predictedORF_4	-0.150537346
pANS_predictedORF_5	-0.113215306
pANS_predictedORF_6	0.19336552
pANS_predictedORF_7	0.036378685
pANS_predictedORF_8	-0.051583079
