Reporter Identifier	VALUE
637798406	0.058309998
637798407	0.0403369
637798408	0.10027962
637798409	-0.231498842
637798410	-0.314321319
637798411	-0.454952777
637798412	-0.088145006
637798413	0.044272529
637798414	0.051710326
637798415	-0.083986074
637798416	-0.513137978
637798417	0.001619066
637798418	-0.383422455
637798419	0.06691646
637798420	-0.083247781
637798421	-0.085405211
637798422	-0.256247628
637798423	-0.030517879
637798424	-0.099747854
637798425	-0.127641861
637798426	-0.074589434
637798427	0.062115153
637798428	0.07529296
637798429	-0.318319384
637798430	-0.078385835
637798431	0.16198288
637798432	-0.03638259
637798433	0.235532542
637798434	-0.158617242
637798435	-0.006605385
637798436	-0.011212445
637798437	0.046769077
637798438	-0.122382762
637798439	-0.047107582
637798440	-0.157955285
637798441	0.082144237
637798442	0.013267954
637798443	-0.154151006
637798444	-0.455342264
637798445	-0.044662216
637798446	0.111445766
637798448	-0.238167566
637798449	0.038397367
637798450	0.030675451
637798451	-0.08543974
637798452	-0.221304118
637798453	-0.010126599
637798454	0.086839816
637798455	0.138569784
637798456	-0.251227984
637798457	-0.207656626
637798458	-0.339401934
637798459	-0.040270796
637798460	-0.085695295
637798461	-0.485857795
637798462	-0.113005462
637798463	-0.137853264
637798464	-0.026403884
637798465	0.045003867
637798466	-0.22413494
637798467	-0.044771386
637798468	0.015535263
637798469	-0.005494172
637798470	-0.150728535
637798471	-0.007577268
637798472	-0.051015099
637798473	-0.146185236
637798474	-0.273871086
637798475	0.02978077
637798476	-0.036062886
637798477	0.221122594
637798478	-0.058608434
637798479	-0.048117648
637798480	0.001688045
637798481	-0.143063978
637798482	-0.100950572
637798483	-0.015385942
637798484	-0.074283047
637798485	-0.094907609
637798486	0.241637764
637798487	-0.304843295
637798488	-0.238052501
637798489	0.081079895
637798490	-0.06205826
637798491	0.13299676
637798492	-0.121130215
637798493	-0.173250494
637798494	0.231798874
637798495	-0.038180873
637798496	0.078636472
637798497	-0.210412505
637798498	-0.03881314
637798499	-0.290992869
637798500	0.092704156
637798501	-0.174042307
637798502	-0.114490664
637798503	-0.295546977
637798504	-0.279613752
637798505	0.055990521
637798506	-0.022773649
637798507	-0.130650907
637798508	0.294279222
637798509	-0.066995467
637798510	0.170168434
637798511	-0.096980596
637798512	0.218317381
637798513	-0.008505098
637798514	0.13515774
637798515	-0.260553165
637798516	0.075921945
637798517	-0.096937974
637798518	0.165106921
637798519	-0.235413089
637798520	-0.47999858
637798521	-0.021230851
637798522	0.100074113
637798523	-0.077635815
637798524	-0.021657051
637798525	-0.327143491
637798526	-0.211870078
637798527	0.054402143
637798528	-0.169608276
637798529	-0.105420011
637798530	0.242522018
637798531	0.128386177
637798532	-0.03121091
637798533	0.309699418
637798534	0.034570318
637798535	0.167156742
637798536	-0.049452914
637798537	-0.364480402
637798538	0.184462895
637798539	0.12510829
637798540	0.153189979
637798541	-0.200723234
637798542	-0.036334368
637798543	0.123524582
637798544	-0.148686741
637798545	-0.100415438
637798546	-0.14958901
637798547	-0.348666412
637798548	-0.130504703
637798549	-0.161592617
637798550	-0.113591313
637798551	0.205748374
637798552	0.055488322
637798553	-0.236337023
637798554	0.063390349
637798555	0.008742005
637798556	0.050120125
637798557	-0.10355719
637798558	0.004213858
637798559	-0.295859816
637798560	0.04213235
637798561	0.033715884
637798562	-0.174118972
637798563	-0.247984992
637798564	0.046133496
637798565	0.105601664
637798566	-0.077538781
637798567	-0.305819455
637798568	-0.013612952
637798569	-0.083771621
637798570	-0.027392291
637798571	-0.047978614
637798572	0.084875329
637798573	0.026328629
637798574	-0.344494324
637798575	0.424416526
637798576	-0.102779759
637798577	-0.023892215
637798578	0.204160206
637798579	-0.071700324
637798580	0.167295071
637798581	-0.278061035
637798582	-0.34105793
637798583	0.008804349
637798584	-0.159901468
637798585	-0.157865657
637798586	-0.345380384
637798587	-0.465685931
637798588	0.172048681
637798589	-0.309849316
637798590	-0.220262431
637798591	-0.036808828
637798592	0.130063742
637798593	-0.263878852
637798594	0.007569924
637798595	-0.153408731
637798596	-0.222572905
637798597	0.240103372
637798598	0.003790543
637798599	-0.179350145
637798600	-0.047341749
637798601	0.128198652
637798602	-0.375685218
637798603	-0.105979383
637798604	-0.002421174
637798605	0.055444677
637798606	0.093540625
637798607	0.07717756
637798608	0.110495093
637798609	0.207323418
637798610	-0.006840432
637798611	-0.133397991
637798612	-0.120851394
637798613	-0.016441195
637798614	0.057173425
637798615	0.188024854
637798616	0.152875892
637798617	-0.180524448
637798618	-0.019636663
637798619	0.1355047
637798620	-0.093630325
637798621	-0.414724999
637798622	-0.009893807
637798623	0.01014702
637798624	-0.008611767
637798625	0.094635833
637798626	0.009155437
637798627	-0.002909642
637798628	-0.095933327
637798629	0.0261478
637798630	-0.167749951
637798631	0.042299969
637798632	0.0830894
637798633	0.001576356
637798634	0.223638419
637798635	0.597845461
637798636	-0.16061959
637798637	0.029052435
637798638	0.148795295
637798639	-0.280230169
637798640	0.077690287
637798641	0.175196439
637798642	-0.478384651
637798643	-0.03719694
637798644	-0.261701921
637798645	-0.046061927
637798646	-0.158772758
637798647	0.215641562
637798648	-0.125662983
637798649	-0.254241757
637798650	-0.281735846
637798651	-0.328740473
637798652	0.032682751
637798653	-0.088650671
637798654	-0.053633495
637798655	0.015095928
637798656	-0.10483046
637798657	-0.079379656
637798658	0.177608919
637798659	-0.252116253
637798660	-0.027320675
637798661	-0.217876747
637798662	-0.043273826
637798663	0.172468203
637798664	-0.133238129
637798665	-0.611080597
637798666	-0.201186026
637798667	0.133095037
637798668	-0.031611364
637798669	0.015699128
637798670	-0.065090352
637798671	-0.028329779
637798672	0.146867212
637798673	-0.022649483
637798674	-0.122887003
637798675	0.335020463
637798676	-0.154747335
637798677	0.117505481
637798678	-0.001512106
637798679	0.100520218
637798680	-0.186159436
637798681	-0.064248907
637798682	-0.216375012
637798683	-0.193769717
637798684	0.068746079
637798685	-0.056466016
637798686	0.013717576
637798687	0.052203988
637798688	-0.198764606
637798689	-0.068259196
637798690	-0.194244543
637798691	-0.394998026
637798692	-0.158090141
637798693	0.085134063
637798694	0.032890373
637798695	0.035990202
637798696	-0.063813515
637798697	-0.06824499
637798698	0.131274229
637798699	0.145536852
637798700	-0.215950291
637798701	-0.269841397
637798702	0.100892457
637798703	-0.285745594
637798704	-0.261097392
637798705	-0.294788538
637798706	-0.050229539
637798707	-0.190618955
637798708	-0.11588045
637798709	-0.126490049
637798710	-0.37483062
637798711	-0.141847391
637798712	-0.146259943
637798713	0.05883285
637798714	-0.068494859
637798715	-0.047372404
637798716	-0.183066517
637798717	0.138438577
637798718	-0.010251029
637798719	-0.022553367
637798720	0.196115504
637798721	0.058256128
637798722	-0.095870279
637798723	0.075241579
637798724	-0.072427765
637798725	0.036631525
637798726	-0.259746246
637798727	0.312055017
637798728	0.145426827
637798729	-0.045723328
637798730	0.071695938
637798731	-0.372781809
637798732	-0.085564863
637798733	0.014965282
637798734	-0.068272116
637798735	0.008195161
637798736	-0.211780043
637798737	-0.005193291
637798738	-0.051288203
637798739	-0.116894712
637798740	-0.083520004
637798741	-0.171539294
637798742	-0.141772
637798743	-0.151410049
637798744	-0.039406618
637798745	-0.374381321
637798746	0.057199077
637798747	-0.004436255
637798748	-0.231739313
637798749	-0.397491223
637798750	-0.168459004
637798751	-0.145709255
637798752	-0.392710708
637798753	0.002476498
637798754	-0.001358358
637798755	-0.245791374
637798756	-0.146066856
637798757	-0.094873939
637798758	0.056546654
637798759	-0.029384682
637798760	0.036059592
637798761	-0.000963692
637798762	-0.075259853
637798763	0.090156301
637798764	0.06525197
637798765	0.222568135
637798766	-0.132254735
637798767	-0.200696126
637798768	0.227660963
637798769	-0.104324615
637798770	0.001104342
637798771	0.134144703
637798772	0.01443082
637798773	-0.034840143
637798774	0.087312429
637798775	-0.015837516
637798776	0.072872278
637798777	0.040004409
637798778	-0.002532979
637798779	0.426736293
637798780	0.438700952
637798781	-0.054924747
637798782	0.048358263
637798783	-0.201416269
637798784	-0.025322308
637798785	-0.004019923
637798786	0.074022966
637798787	-0.448402594
637798788	-0.346436185
637798789	-0.216203038
637798790	-0.077786207
637798791	-0.256701422
637798792	1.01E-06
637798793	-0.055606547
637798794	-0.181805225
637798795	-0.055345691
637798796	-0.001342272
637798797	0.067195903
637798798	0.007351678
637798799	-0.142353397
637798800	-0.23732322
637798801	-0.190457226
637798802	0.198227717
637798803	-0.067369391
637798804	0.113168521
637798805	-0.038409246
637798806	-0.085279206
637798807	-0.037495597
637798808	0.185395818
637798809	0.007499084
637798810	0.138721989
637798811	-0.149417809
637798812	0.340831675
637798813	-0.352423355
637798814	-0.073380906
637798815	-0.061340159
637798816	-0.163162633
637798817	0.065118798
637798818	0.012912809
637798819	-0.054402258
637798820	-0.092712056
637798821	-0.379214872
637798822	0.283109165
637798823	0.099754074
637798824	0.062522437
637798825	-0.239505782
637798826	0.086081071
637798827	0.03729426
637798828	-0.274371783
637798829	0.079372681
637798830	-0.132504852
637798831	-0.537182772
637798832	0.349118419
637798833	-0.033496065
637798834	-0.125493578
637798835	-0.244596344
637798836	-0.469444118
637798837	-0.245454983
637798838	-0.057552861
637798839	-0.309873202
637798840	0.072895405
637798841	0.009971596
637798842	-0.15933176
637798843	-0.191408328
637798844	-0.048556396
637798845	-0.084360622
637798846	-0.11829114
637798847	0.026325565
637798848	0.105960342
637798849	0.042786519
637798850	0.203210774
637798851	0.11484674
637798852	-0.008107598
637798853	-0.021619163
637798854	0.119349468
637798855	-0.102943895
637798856	-0.19931119
637798857	0.250773611
637798858	-0.029755148
637798860	0.132094699
637798861	-0.119369272
637798862	0.218551262
637798863	-0.306243904
637798864	-0.000362779
637798865	0.215863739
637798866	-0.018154399
637798867	-0.181905346
637798868	0.209219605
637798869	-0.216544931
637798870	-0.004216431
637798871	-0.512032068
637798872	-0.489345786
637798873	0.018152052
637798874	-0.113716442
637798875	-0.027130422
637798876	-0.387246592
637798877	0.2735683
637798878	-0.093939163
637798879	-0.060134574
637798880	-0.034854906
637798881	-0.044626701
637798882	-0.033886372
637798883	-0.235111321
637798884	-0.220645074
637798885	-0.009905204
637798886	-0.040601331
637798887	0.170068662
637798888	-0.008268513
637798889	-0.123007162
637798890	-0.045797291
637798891	0.148586312
637798892	-0.009052772
637798893	0.024116672
637798894	0.075340118
637798895	-0.096013434
637798896	-0.257726736
637798897	-0.266843529
637798898	-0.141326024
637798899	-0.197130464
637798900	0.008219606
637798901	0.002972636
637798902	-0.15888076
637798903	0.095304895
637798904	0.242864164
637798905	0.194737332
637798906	0.056466976
637798907	-0.276456311
637798908	-0.195129494
637798909	-0.179861221
637798910	-0.025863607
637798911	-0.107003808
637798912	-0.415280925
637798913	-0.153816907
637798914	-0.174795919
637798915	-0.176852424
637798916	-0.062011455
637798917	0.084375569
637798918	-0.219143105
637798919	0.003016179
637798920	0.03577017
637798921	-0.236266734
637798922	-0.140968726
637798923	-0.305402193
637798924	-0.001034555
637798926	0.148821477
637798927	-0.401355012
637798928	0.095025976
637798929	-0.174162028
637798930	0.232558036
637798931	-0.168338585
637798932	0.047784134
637798933	0.121884746
637798934	-0.061560272
637798935	-0.150717822
637798936	0.073102677
637798937	0.102103419
637798938	-0.388592161
637798939	0.091833098
637798940	0.070263689
637798941	-0.125184232
637798942	-0.200491666
637798943	-0.008501976
637798944	-0.004272954
637798945	-0.131699229
637798946	-0.143813851
637798947	-0.035461001
637798948	-0.0219832
637798949	-0.074012016
637798950	-0.05382576
637798951	-0.276867188
637798952	0.147811921
637798953	0.01408101
637798954	-0.007270847
637798955	-0.041126215
637798956	0.198094333
637798957	0.21082023
637798958	0.08748838
637798959	-0.273539434
637798960	0.055968379
637798961	0.158366636
637798962	-0.343991598
637798963	-0.01510127
637798964	-0.157431117
637798965	-0.102125515
637798966	-0.150179127
637798967	-0.062802185
637798968	-0.127449501
637798969	0.119056998
637798970	0.129103344
637798971	0.000425897
637798972	-0.088389754
637798973	0.191615203
637798974	0.186245213
637798975	-0.089300309
637798976	-0.194991559
637798977	0.082190862
637798978	-0.028656108
637798979	0.118495555
637798980	-0.029135421
637798981	0.042194213
637798982	-0.060715733
637798983	-0.244012929
637798984	0.224838091
637798985	-0.41589346
637798986	-0.322314722
637798987	-0.056448
637798988	-0.241854348
637798989	0.196935348
637798990	-0.006302723
637798991	0.043375132
637798992	0.008034146
637798993	0.383806342
637798994	0.063407501
637798998	-0.174734806
637798999	-0.019900302
637799000	-0.387639391
637799001	0.16384072
637799002	0.064203488
637799003	0.003225309
637799004	-0.082686435
637799005	0.20631528
637799006	-0.502925679
637799007	0.277712274
637799008	0.164593828
637799009	-0.504791768
637799010	-0.003419106
637799011	0.1521061
637799012	-0.228426469
637799013	-0.294365814
637799014	-0.113285144
637799015	-0.192084577
637799016	0.154343367
637799017	-0.244719431
637799018	0.166880141
637799019	0.086691531
637799020	-0.037262995
637799021	0.081957854
637799022	-0.278130713
637799023	-0.079086098
637799024	0.029399222
637799025	-0.079205782
637799026	0.051171306
637799027	-0.049452887
637799028	0.114183058
637799029	-0.536132404
637799030	-0.171346403
637799031	0.449618402
637799032	0.165162083
637799033	-0.118477909
637799035	-0.071376972
637799036	-0.112550446
637799037	-0.133343196
637799038	-0.0616156
637799039	-0.077557739
637799040	0.009635707
637799041	0.339603711
637799042	-0.22638219
637799043	-0.001894541
637799044	0.073976496
637799045	0.091792918
637799046	0.03790859
637799047	0.192977471
637799048	0.13230385
637799049	0.084161345
637799050	-0.037066203
637799051	-0.066916543
637799052	0.218571604
637799053	-0.019646136
637799054	0.099810301
637799055	-0.075401722
637799056	0.06440059
637799057	0.017249933
637799058	-0.104951428
637799059	-0.014679976
637799060	-0.42839233
637799061	-0.062074594
637799062	-0.087640487
637799063	0.113012813
637799064	0.054835799
637799065	-0.079643746
637799066	-0.088929471
637799067	-0.073464775
637799068	-0.142726194
637799069	-0.10152208
637799070	-0.246649029
637799071	0.175015544
637799072	-0.013772984
637799073	0.025969839
637799074	-0.196000218
637799075	-0.116733333
637799076	0.045748323
637799077	0.114436741
637799078	-0.017984559
637799079	-0.293170041
637799080	-0.605564971
637799081	0.110309354
637799082	0.085518529
637799083	-0.254803451
637799084	0.115560742
637799085	-0.015082725
637799086	-0.379392849
637799087	-0.062202684
637799088	-0.122420157
637799089	-0.209722107
637799090	-0.284557275
637799091	-0.443146449
637799092	-0.359622044
637799093	0.050683064
637799094	0.05784428
637799095	-0.128922342
637799096	-0.143975621
637799097	-0.370639764
637799098	0.189444417
637799099	-0.021872834
637799100	-0.060793858
637799101	-0.094912758
637799102	-0.130784746
637799103	0.079031848
637799104	0.120994808
637799105	-0.280736031
637799106	-0.318238813
637799107	-0.055054942
637799108	-0.049475617
637799109	-0.112715908
637799110	-0.081410595
637799111	-0.329601498
637799112	-0.112106343
637799113	-0.194141632
637799114	-0.071791101
637799115	0.360674895
637799116	0.137682989
637799117	0.166643477
637799118	-0.07587137
637799119	-0.021468978
637799121	-0.331739413
637799122	0.215219177
637799123	-0.053429363
637799124	0.01178028
637799125	-0.21967061
637799126	-0.15736531
637799127	0.163783952
637799128	0.030138347
637799129	-0.032275011
637799130	-0.268214316
637799131	-0.205815943
637799132	-0.23086641
637799133	0.189719557
637799134	0.189318117
637799135	-0.205122804
637799136	-0.140679512
637799137	0.035560787
637799138	0.009979925
637799139	-0.100749817
637799140	-0.270947672
637799141	-0.0668044
637799142	0.187006866
637799143	0.113292888
637799144	0.014816421
637799146	0.161711466
637799147	0.098081642
637799148	0.139198388
637799149	-0.00804389
637799150	0.058395152
637799151	0.118530458
637799152	0.113225071
637799153	0.052014465
637799154	-0.385684902
637799155	0.07164514
637799157	-0.263999709
637799158	0.189230835
637799159	0.074742179
637799160	-0.037167144
637799161	0.104031358
637799162	-0.150052852
637799163	0.21008341
637799164	0.046920179
637799165	0.064866713
637799166	0.142388955
637799167	0.056083858
637799168	-0.219416328
637799169	0.039688096
637799170	-0.135365614
637799171	-0.051550392
637799172	-0.033552024
637799173	-0.322971115
637799174	-0.44188969
637799175	-0.440875423
637799176	-0.306860898
637799177	-0.103167775
637799178	0.128736626
637799179	0.234524244
637799180	-0.162797463
637799181	-0.070596189
637799182	-0.2458261
637799184	0.108604241
637799185	0.315694929
637799186	0.078207533
637799187	-0.132543282
637799188	0.129807226
637799189	-0.191569297
637799190	-0.245538342
637799191	-0.258906579
637799192	-0.307245078
637799193	-0.176168532
637799194	0.028265443
637799195	0.026798759
637799196	-0.270328097
637799197	-0.122383521
637799198	-0.0215647
637799199	0.045235175
637799200	-0.202371056
637799201	-0.073214738
637799202	-0.203362334
637799203	-0.218191157
637799204	-0.072710281
637799205	-0.229146667
637799206	-0.275270584
637799207	-0.333604923
637799208	0.19418503
637799209	-0.317889097
637799210	0.171866298
637799211	0.121424279
637799212	0.013777738
637799213	0.170497666
637799214	-0.178604151
637799215	0.004767515
637799216	0.058395849
637799217	0.062830638
637799218	0.122499178
637799220	-0.19955004
637799221	0.062575154
637799222	-0.045845667
637799223	-0.0230694
637799224	-0.025171955
637799225	-0.02370816
637799226	-0.106690399
637799227	-0.03861933
637799228	-0.214133899
637799229	0.008247949
637799230	-0.024264905
637799231	-0.098947834
637799232	0.141570908
637799233	0.058787383
637799234	0.078818632
637799235	-0.192266584
637799236	0.112890352
637799237	0.235040257
637799238	0.121690612
637799239	-0.188763452
637799240	-0.112233442
637799241	0.21651377
637799242	-0.022041876
637799243	-0.106482263
637799244	0.040443641
637799245	0.098856788
637799246	0.07942613
637799247	0.021579685
637799248	0.083673025
637799249	-0.002701556
637799250	-0.349575538
637799251	-0.18696586
637799252	-0.140855749
637799253	0.089915069
637799254	0.116311468
637799255	0.175219273
637799256	0.448574952
637799257	0.208903158
637799258	-0.124539423
637799259	-0.041634929
637799260	-0.292098858
637799261	-0.359561495
637799262	0.085608856
637799263	-0.109617738
637799264	-0.132169574
637799265	-0.051931516
637799266	-0.336488741
637799267	-0.073807275
637799268	0.025933266
637799270	-0.095940087
637799271	-0.526717727
637799272	-0.522487566
637799273	-0.677634473
637799274	-0.460855409
637799275	0.077144151
637799276	0.099009788
637799277	0.025158147
637799278	0.011843762
637799279	0.299301779
637799280	-0.013472723
637799281	0.385716703
637799282	0.046116107
637799283	0.014242833
637799284	-0.243653426
637799285	0.366285695
637799286	-0.190699297
637799287	-0.40635937
637799288	-0.085108144
637799289	-0.054710264
637799290	-0.25699842
637799291	-0.214419438
637799292	-0.364357978
637799293	0.200048086
637799294	-0.089623306
637799295	0.279369009
637799296	-0.224839063
637799297	-0.166788326
637799298	0.043063889
637799299	-0.111798023
637799300	0.005051323
637799301	0.057217644
637799302	0.085366182
637799303	-0.069113932
637799304	-0.000561733
637799305	0.073730258
637799307	0.079410976
637799308	-0.135369121
637799309	0.121743431
637799310	-0.252037632
637799311	0.007810988
637799312	-0.086518665
637799313	0.023468422
637799314	-0.055059366
637799315	0.165716959
637799316	-0.087512859
637799317	-0.331552432
637799318	-0.097058751
637799319	-0.197248178
637799320	0.07973923
637799321	-0.461753035
637799322	-0.302449707
637799323	-0.448857493
637799324	-0.475121789
637799325	-0.086400503
637799326	-0.146787656
637799327	-0.311544038
637799328	-0.024629105
637799329	0.16977242
637799330	0.148238322
637799331	0.123466157
637799332	-0.04899052
637799333	-0.08931272
637799334	-0.452501524
637799335	-0.098533266
637799336	-0.073015272
637799337	-0.200558471
637799338	-0.038276286
637799339	-0.158543674
637799340	-0.017952198
637799341	0.083873298
637799343	0.226400741
637799344	-0.150426979
637799345	0.094953478
637799346	-0.081973953
637799347	-0.022832044
637799348	-0.213624898
637799349	-0.06463321
637799350	0.133238193
637799351	-0.037269619
637799352	0.073870789
637799353	-0.377972156
637799354	-0.150214763
637799355	0.010818976
637799356	0.132784724
637799357	0.092134393
637799358	-0.326307375
637799359	0.151109279
637799360	0.052840404
637799361	-0.0299514
637799362	-0.230283818
637799363	-0.150207227
637799364	-0.026811534
637799366	0.002996494
637799367	-0.108171175
637799368	-0.193062378
637799369	0.243729296
637799370	0.064823986
637799371	0.105418527
637799372	0.158036081
637799373	0.169444276
637799374	-0.001215767
637799375	0.013943258
637799376	-0.001059927
637799377	0.236965783
637799378	0.362163495
637799379	0.000884208
637799380	0.135004506
637799381	-0.101776075
637799382	-0.155157261
637799383	-0.153506207
637799384	0.172643554
637799385	-0.211991438
637799386	-0.008581209
637799387	0.094144754
637799388	-0.001860938
637799389	-0.284521002
637799390	-0.143860533
637799391	0.253876378
637799392	-0.043239448
637799393	-0.147074829
637799394	-0.103320616
637799395	-0.061282983
637799396	-0.174669544
637799397	-0.167754149
637799398	0.092464807
637799399	0.086614587
637799400	-0.708445734
637799401	0.002318433
637799402	0.240554609
637799403	-0.075036517
637799404	0.007149125
637799405	-0.168187244
637799406	-0.122457859
637799407	-0.392768243
637799408	-0.15979564
637799409	-0.185225828
637799410	-0.152692149
637799411	0.066090873
637799412	-0.045953399
637799413	0.161273191
637799414	-0.217620436
637799415	-0.244175529
637799416	0.003672467
637799417	-0.033976106
637799418	-0.056113361
637799419	-0.311239487
637799420	-0.171036689
637799422	-0.093822721
637799423	-0.151197714
637799424	-0.153461548
637799425	0.029525293
637799426	-0.025940729
637799427	-0.014758494
637799428	0.0838905
637799429	-0.159067604
637799430	0.013471746
637799431	-0.043433965
637799432	0.32876197
637799433	0.232672952
637799434	0.261036269
637799435	-0.111613761
637799436	0.028901523
637799437	-0.208642606
637799438	-0.277962227
637799439	-0.006800185
637799440	0.202072948
637799441	-0.187039631
637799442	0.160343515
637799443	0.005452427
637799444	0.133070349
637799445	0.001396
637799448	0.116342371
637799449	-0.278553106
637799450	0.294231018
637799451	0.068911406
637799452	0.051139913
637799453	-0.071104105
637799454	0.580880767
637799455	0.874001909
637799456	0.486141773
637799457	-0.039376965
637799458	0.154342344
637799459	0.171995482
637799460	-0.021688369
637799461	0.182655913
637799462	0.035933411
637799463	-0.190594478
637799464	-0.084305007
637799465	-0.034339901
637799466	-0.040060855
637799467	0.104889412
637799468	-0.114475455
637799469	0
637799470	0
637799471	-0.037987489
637799472	-0.009425046
637799473	-0.002834995
637799474	-0.22498881
637799475	0.185452694
637799476	-0.204589384
637799477	-0.152967912
637799478	-0.232730787
637799479	0.044388586
637799480	-0.163290843
637799481	-0.300879256
637799482	-0.095877401
637799483	-0.176088116
637799484	-0.140944882
637799485	-0.059888206
637799486	-0.130226245
637799489	-0.194140676
637799490	-0.092488776
637799491	-0.235692092
637799492	-0.077044292
637799493	-0.103572502
637799494	0.185677786
637799495	0.085571204
637799497	0.058251035
637799498	-0.057385489
637799499	0.011766277
637799500	-0.063991489
637799501	-0.175447399
637799502	0.059287007
637799503	-0.393857691
637799504	-0.175370473
637799505	0.245683707
637799506	-0.00950222
637799508	-0.123217911
637799509	-0.068725266
637799510	-0.25449416
637799511	0.296365177
637799512	-0.207748453
637799513	-0.197023486
637799514	-0.08296963
637799515	-0.007502821
637799516	-0.085657117
637799517	0.160201359
637799518	-0.02290308
637799519	-0.189777981
637799520	-0.121136432
637799521	-0.045023965
637799522	-0.13925375
637799523	-0.184475101
637799524	0.015390117
637799525	0.12267469
637799526	0.247207601
637799527	-0.378294726
637799528	0.161283441
637799529	-0.085833852
637799530	-0.167981138
637799531	-0.259588501
637799532	-0.090690808
637799533	-0.037488203
637799534	-0.077079271
637799535	-0.441084105
637799536	-0.360330132
637799537	0.017350745
637799538	0.019896428
637799539	0.092702724
637799540	-0.031971378
637799541	-0.022617892
637799542	-0.172888201
637799543	-0.409128733
637799544	-0.138547848
637799545	-0.031363337
637799546	-0.509022253
637799547	0.049900368
637799548	-0.02403561
637799549	-0.069845359
637799550	0.060406546
637799551	-0.471875195
637799552	0.00650982
637799553	-0.218851729
637799554	-0.497115279
637799555	0.184596527
637799556	-0.207663861
637799557	-0.200222209
637799558	-0.04532308
637799559	-0.025225816
637799560	-0.137506089
637799561	0.021961481
637799562	-0.206234581
637799563	-0.056283917
637799564	-0.154234729
637799565	-0.161425887
637799566	-0.148978799
637799567	-0.096543299
637799568	-0.060215296
637799569	-0.109475995
637799570	0.119023829
637799571	-0.013768037
637799572	-0.150495498
637799573	0.117492157
637799574	-0.048149873
637799575	-0.326806277
637799576	0.309658502
637799577	-0.110700376
637799578	-0.454022586
637799579	-0.467775195
637799580	-0.005387077
637799581	0.038383387
637799582	0.022423098
637799583	0.202077759
637799584	-0.022908332
637799585	0.048093947
637799586	0.136832424
637799587	-0.301002727
637799588	-0.319467893
637799589	-0.11083902
637799590	-0.392829138
637799591	0.018638373
637799592	-0.041192926
637799594	-0.110750973
637799595	-0.00568289
637799596	-0.244390056
637799597	-0.096387135
637799598	0.018474816
637799599	0.013004521
637799600	-0.039947678
637799601	-0.223144556
637799602	-0.026333715
637799603	0.016204092
637799604	0.031966559
637799605	0.061783905
637799606	-0.013675869
637799607	-0.062862942
637799608	-0.079828718
637799609	-0.171334998
637799610	-0.027431227
637799611	-0.021943793
637799612	0.048435255
637799613	0.145801432
637799614	0.052141225
637799615	0.113463486
637799616	0.206281562
637799617	0.001830461
637799618	0.17101733
637799619	-0.150993673
637799620	0.106790382
637799621	-0.139630477
637799622	0.046603719
637799623	0.134811582
637799624	0.141123169
637799625	0.007907464
637799626	-0.036992637
637799627	-0.162588841
637799628	0.105566101
637799629	0.262786214
637799630	0.242984783
637799631	-0.354992729
637799632	-0.183839367
637799634	0.087950867
637799635	-0.028129089
637799636	-0.271784426
637799637	0.15886358
637799638	-0.058524061
637799639	-0.005620136
637799640	0.00279683
637799641	-0.154508424
637799643	0.0167536
637799644	-0.094153133
637799645	-0.057456986
637799646	-0.162389394
637799647	0.022496247
637799648	0.089969018
637799649	0.116475154
637799650	-0.251168575
637799651	-0.092451012
637799652	-0.314327789
637799653	0.007529552
637799654	-0.376150885
637799655	-0.1209416
637799656	0.238704016
637799657	-0.037543148
637799658	-0.124490759
637799659	0.018745561
637799660	-0.174301593
637799661	-0.043746796
637799662	-0.057143657
637799663	-0.18257104
637799664	0.07323931
637799665	-1.019621867
637799666	0.452378005
637799667	0.566763307
637799668	0.960716553
637799669	0.753704089
637799670	0.286851905
637799671	0.455748597
637799672	-0.121327113
637799673	-0.33505203
637799674	-0.003324927
637799675	-0.002741937
637799676	0.066267598
637799677	0.125073387
637799678	-0.446649852
637799679	-0.283290925
637799680	-0.092881673
637799681	-0.165147608
637799682	-0.050375614
637799683	-0.143557619
637799684	0.013666804
637799685	-0.15683727
637799687	-0.13364409
637799688	0.025075174
637799689	-0.073253748
637799690	0.276688607
637799691	0.024266779
637799692	-0.022948131
637799693	0.027492596
637799694	-0.025075499
637799695	-0.080637648
637799696	0.017195085
637799697	0.171847231
637799698	0.144662908
637799699	0.165278753
637799700	-0.455155866
637799701	0.067799926
637799702	0.035792602
637799703	0.122583122
637799704	-0.23471964
637799705	-0.012317478
637799706	0.231786803
637799707	-0.1453439
637799708	-0.016152606
637799709	0.072515602
637799710	0.038455213
637799711	0.060575813
637799712	0.174800558
637799713	0.074242396
637799714	-0.014625306
637799715	0.044227653
637799716	0.038675201
637799717	-0.716431072
637799718	-0.20067756
637799719	-0.119817999
637799720	-0.920951914
637799721	0.102643822
637799722	-0.242582728
637799723	-0.043534739
637799724	-0.047007386
637799725	-0.034205195
637799726	-0.072463586
637799727	0.001596661
637799728	0.066887005
637799729	0.043569025
637799730	-0.16941567
637799731	-0.121686184
637799732	-0.126343236
637799733	-0.060406887
637799734	-0.070094319
637799735	0.014969825
637799737	0.184380249
637799738	-0.096291704
637799739	0.205000124
637799740	0.020762409
637799741	0.003416003
637799742	0.051110582
637799743	-0.05085773
637799744	-0.048940076
637799745	-0.320323671
637799746	0.126954616
637799747	0.222218522
637799748	0.096264365
637799749	-0.005379154
637799750	-0.021661956
637799751	0.280595677
637799752	0.105765581
637799753	0.037688227
637799754	-0.091409307
637799755	0.196752342
637799756	-0.107114941
637799757	0.264041132
637799758	0.415624793
637799759	0.102134422
637799760	-0.112894091
637799761	0.113509324
637799762	-0.109219635
637799763	0.026637005
637799764	-0.212449821
637799765	0.012494561
637799766	0.007256812
637799767	-0.151550102
637799768	-0.026350604
637799769	-0.170663994
637799770	0.065951336
637799771	-0.196587424
637799772	0.123848876
637799773	-0.042018728
637799774	-0.083523125
637799775	-0.270008938
637799776	-0.184170472
637799777	-0.178150336
637799778	-0.090031631
637799779	0.055888514
637799780	0.021764609
637799781	-0.198948291
637799782	-0.001738398
637799783	-0.256835015
637799784	-0.024734169
637799785	0.001910415
637799786	-0.131870926
637799787	-0.043965517
637799788	-0.07497226
637799789	0.089013351
637799790	0.060668698
637799791	0.059634057
637799793	0.112875042
637799794	0.229487222
637799795	0.054186521
637799796	0.11592838
637799797	0.059873881
637799798	0.04921658
637799799	-0.061098546
637799800	-0.002272729
637799801	-0.250943886
637799802	-0.049597804
637799803	0.007451893
637799804	-0.053221877
637799805	-0.141548772
637799806	0.065834822
637799807	-0.011688021
637799808	-0.064377266
637799809	-0.055594802
637799810	0.151064922
637799811	-0.159068663
637799812	-0.016275041
637799813	-0.251310909
637799814	-0.145801073
637799815	-0.379398639
637799816	0.305754256
637799817	-0.151566416
637799818	0.046491074
637799819	0.057681915
637799820	-0.190838645
637799821	-0.101225507
637799822	-0.29120663
637799823	0.01296551
637799824	-0.280147
637799825	-0.071034821
637799826	0.038079119
637799827	0.069965409
637799828	-0.281189257
637799829	-0.181738786
637799830	-0.095100577
637799831	0.033996359
637799832	-0.136459985
637799833	0.044950678
637799834	-0.239000242
637799835	-0.18598028
637799836	-0.016919871
637799837	0.080824676
637799838	0.16286317
637799839	-0.100320642
637799840	0.075911603
637799841	-0.073838434
637799842	0.051534464
637799843	0.313887919
637799844	-0.277363134
637799845	-0.04740921
637799846	-0.089034131
637799847	-0.099789
637799848	-0.291808251
637799849	-0.27962512
637799850	-0.119288445
637799851	-0.111404914
637799852	0.084108461
637799853	-0.414055542
637799854	-0.297705598
637799855	-0.197235223
637799856	-0.021620327
637799857	-0.416092356
637799858	-0.317091377
637799859	-0.37589469
637799860	0.067816112
637799861	0.200086937
637799862	0.167913791
637799863	-0.228298274
637799864	0.169004535
637799865	0.174749421
637799866	-0.390552095
637799867	-0.440056704
637799868	-0.173270972
637799869	-0.181687866
637799870	0.055803278
637799871	-0.670435719
637799872	0.128216614
637799873	-0.165532008
637799874	-0.002936702
637799875	0.126719643
637799876	0.088322833
637799877	0.070856558
637799878	-0.078312422
637799879	-0.044129238
637799880	-0.053969248
637799881	0.022122407
637799882	0.099188522
637799883	-0.138283101
637799884	-0.18284003
637799885	-0.272988242
637799886	0.021572669
637799887	-0.107910983
637799888	0.140271426
637799889	0.013014327
637799890	-0.156130444
637799891	-0.084642466
637799892	-0.164200408
637799893	-0.042970644
637799894	-0.310030227
637799895	-0.1753404
637799896	-1.053100063
637799897	-0.32525725
637799898	0.090202464
637799899	0.031243984
637799900	-0.141468461
637799901	-0.123634885
637799902	0.113793347
637799903	0.103563561
637799904	-0.33070904
637799905	0.121676966
637799906	0.228266914
637799907	0.129554258
637799908	-0.113633388
637799909	-0.069129505
637799910	-0.072913584
637799911	-0.244112073
637799912	0.274994441
637799913	-0.012565259
637799914	0.074264992
637799915	0.088633694
637799916	-0.072027218
637799917	0.001440954
637799918	-0.067923068
637799919	0.071570026
637799921	-0.172880038
637799922	-0.253228696
637799923	-0.301546886
637799924	0.022951064
637799925	0.066773809
637799926	-0.214199255
637799927	-0.178412979
637799928	-0.01101894
637799929	-0.240956397
637799930	0.075818146
637799931	0.015306186
637799932	0.014514106
637799933	-0.043920344
637799934	-0.091884178
637799935	-0.03409796
637799936	0.064544865
637799937	0.136250325
637799938	-0.146943444
637799939	0.024032816
637799940	-0.218216184
637799941	0.067593817
637799942	0.103305108
637799943	-0.158776591
637799944	0.051576304
637799945	-0.277989917
637799946	0.047763382
637799947	0.011392996
637799948	0.043434602
637799949	0.132934034
637799950	0.081306906
637799951	-0.021826521
637799952	0.134769127
637799953	0.157388971
637799954	0.185312699
637799955	0.238487618
637799956	0.252972329
637799957	0.275450008
637799958	-0.418945098
637799959	-0.037309511
637799960	0.05760996
637799961	-0.039522777
637799962	-0.119784742
637799963	-0.300387342
637799964	-0.173008423
637799965	0.200387027
637799966	-0.121914709
637799967	-0.442271417
637799968	-0.119833969
637799969	0.113412647
637799970	-0.122170203
637799971	0.091551559
637799972	-0.150103641
637799973	-0.224989239
637799974	0.072224782
637799975	0.063763961
637799976	-0.32537091
637799977	0.014211161
637799978	0.10014228
637799979	0.013394667
637799980	-0.172147685
637799981	0.50182027
637799982	-0.114608086
637799983	0.047538148
637799984	-0.110443901
637799985	0.047572589
637799986	-0.1493516
637799987	-0.111723375
637799988	-0.169957444
637799989	0.230082071
637799990	-0.207991183
637799991	-0.398961217
637799992	-0.145622057
637799993	-0.1610376
637799994	0.143941041
637799995	0.011927018
637799996	-0.155048788
637799997	-0.100665432
637799998	-0.016469795
637799999	-0.004841844
637800000	-0.173239638
637800001	0.136342432
637800002	-0.369504576
637800003	-0.244708026
637800004	0.246132711
637800005	0.058462675
637800006	0.085248094
637800007	0.07085451
637800008	-0.045497896
637800009	-0.151743332
637800010	0.082021327
637800011	0.174431801
637800012	0.109528942
637800013	0.149807658
637800014	0.273472771
637800015	-0.085658781
637800016	-0.273719574
637800017	-0.067243451
637800018	0.112271153
637800019	-0.045543405
637800020	-0.222953068
637800021	-0.13636055
637800022	0.103909376
637800023	-0.143426936
637800024	-0.178077872
637800025	-0.070283821
637800026	-0.103282378
637800027	-0.07473575
637800028	0.082309642
637800029	-0.485815174
637800030	-0.023129926
637800031	-0.006935879
637800032	0.07128886
637800033	0.050815761
637800034	0.310984082
637800035	0.042612115
637800037	-0.009798719
637800038	-0.233896211
637800039	0.201827375
637800040	0.290831267
637800041	-0.398963822
637800042	0.141415163
637800043	-0.237650706
637800044	0.031010369
637800045	-0.047515047
637800046	0.104741596
637800047	0.209727495
637800048	-0.089052635
637800049	-0.024132778
637800052	-0.304669772
637800053	-0.109533035
637800054	0.069411272
637800055	0.02932813
637800056	-0.136599046
637800057	-0.323629671
637800058	-0.153310439
637800059	0.198225046
637800060	-0.092457554
637800061	-0.024085394
637800062	-0.181472569
637800063	-0.329581983
637800064	-0.239935015
637800065	-0.174657732
637800066	-0.728164245
637800067	-0.364622591
637800068	-0.120222662
637800070	-0.265572685
637800071	-0.248507652
637800072	-0.056847173
637800073	0.015470405
637800074	-0.233441413
637800075	-0.10412096
637800076	0.182977017
637800077	0.124064447
637800078	0.065950943
637800079	-0.058921398
637800080	-0.131549324
637800081	0.008559212
637800082	0.097401052
637800083	-0.08791467
637800084	0.026288213
637800085	0.021271054
637800086	-0.059452672
637800087	0.183736909
637800088	-0.208429956
637800089	-0.117318351
637800090	-0.161120079
637800091	-0.277231616
637800092	-0.297928526
637800093	-0.56222076
637800094	-0.218445843
637800095	7.81E-02
637800096	-0.071811242
637800097	0.070324288
637800098	-0.50998862
637800099	-0.024273451
637800101	0.22716036
637800102	0.14202303
637800103	0.018126362
637800104	-0.239238853
637800105	0.087947357
637800106	-0.074102412
637800107	-0.289444472
637800108	-0.056590837
637800109	0.179454647
637800110	-0.149786277
637800111	0.011308458
637800112	-0.18184355
637800113	0.171713054
637800114	0.010673898
637800115	0.074885237
637800116	-0.048023902
637800117	0.072784361
637800118	-0.574367836
637800119	-0.170595608
637800120	0.146140877
637800121	0.343195369
637800122	0.783064704
637800123	0.976870469
637800124	0.239554315
637800125	-0.0983477
637800126	0.015046431
637800127	0.613363939
637800128	0.325255517
637800129	-0.116674894
637800130	0.104160364
637800131	-0.156537578
637800132	-0.176603983
637800133	-0.097637082
637800134	0.08368135
637800135	-0.001010528
637800136	0.081169442
637800137	-0.221186628
637800138	-0.015882755
637800139	-0.002349245
637800140	0.271463987
637800141	0.055529685
637800142	0.2091587
637800143	-0.296316911
637800144	-0.094210068
637800145	0.117129528
637800146	-0.050455777
637800147	-0.040802781
637800148	-0.063459789
637800149	0.078037201
637800150	-0.319916805
637800151	-0.118733282
637800152	0.213724551
637800153	-0.24481763
637800154	-0.022232795
637800156	-0.120766347
637800157	-0.191850386
637800158	0.030020312
637800159	0.211854007
637800160	0.244867226
637800161	-0.230487322
637800162	-0.03746545
637800163	-0.167721308
637800164	-0.151648487
637800165	-0.155249022
637800166	-0.110139758
637800167	-0.030064609
637800168	0.174753205
637800169	0.075277209
637800170	-0.08979595
637800171	0.184452019
637800172	-0.325286771
637800173	-0.166526756
637800174	-0.059555064
637800175	0.142877248
637800176	0.286524462
637800177	0.317470638
637800178	0.566881924
637800179	-0.156995853
637800180	-0.274090125
637800181	-0.030693961
637800182	-0.260795678
637800183	-0.127236384
637800184	-0.185274327
637800185	0.459009678
637800186	0.106334942
637800187	0.104358222
637800188	-0.042485248
637800189	-0.217743598
637800190	-0.295267884
637800191	-0.111422721
637800192	0.309604146
637800194	-0.122904855
637800195	-0.169678629
637800197	-0.18298013
637800198	-0.084160051
637800199	-0.061936829
637800200	-0.329970929
637800201	-0.142994986
637800202	-0.163544609
637800203	0.057917976
637800204	-0.123452478
637800205	0.009368957
637800206	-0.048081061
637800207	0.009187915
637800208	-0.262757845
637800209	0.12655601
637800210	0.298741536
637800211	0.038677723
637800212	-0.046831835
637800213	-0.164025872
637800214	0.041941178
637800215	-0.021318975
637800216	0.100773859
637800217	-0.309079269
637800218	-0.037415222
637800219	-0.115948954
637800220	0.056567525
637800221	-0.088133477
637800222	-0.123065349
637800223	-0.231565407
637800224	-0.038484276
637800225	-0.11301444
637800226	-0.152591742
637800227	-0.004211373
637800228	0.027327203
637800229	0.184036487
637800230	-0.010118132
637800231	0.019991186
637800232	0.246383022
637800233	-0.387852939
637800234	-0.087015315
637800235	-0.117220088
637800236	-0.010944708
637800237	0.0845985
637800238	0.017795646
637800239	0.256984145
637800240	0.031512801
637800241	0.451629034
637800242	0.339264864
637800243	-0.344505189
637800244	-0.225626403
637800245	-0.141619649
637800246	-0.16859167
637800247	0.096824838
637800248	0.093701371
637800249	0.273209558
637800250	0.27015982
637800251	0.192708436
637800252	-0.222263075
637800253	0.130463096
637800254	-0.44223775
637800255	-0.312438877
637800256	-0.160200882
637800257	0.017695459
637800258	-0.171900733
637800259	-0.234881855
637800260	-0.006127554
637800261	-0.087567446
637800262	-0.073323821
637800263	0.067077182
637800264	-0.056935295
637800265	-0.382059886
637800266	-0.035535112
637800267	-0.250680134
637800268	-0.166872918
637800269	-0.147227322
637800270	-0.250934878
637800271	0.122398173
637800272	-0.396520074
637800273	-0.36662084
637800274	0.17420987
637800275	0.166769421
637800276	-0.069598912
637800277	-0.123604726
637800278	-0.27180053
637800279	-0.061457027
637800280	-0.048333847
637800281	-0.358905901
637800282	0.13396844
637800283	0.003441007
637800284	-0.058244947
637800285	-0.10508832
637800286	-0.682264646
637800287	0.073563106
637800288	-0.018993518
637800289	-0.117855915
637800290	-0.192471694
637800291	0.045699355
637800292	-0.148633844
637800293	-0.058179077
637800294	-0.090271966
637800295	-0.191073065
637800296	-0.060994592
637800297	-0.069129746
637800298	0.041739094
637800299	-0.241901008
637800300	0.002503091
637800301	0.034227243
637800302	0.024567355
637800303	-0.082183593
637800304	-0.052363228
637800305	-0.087520948
637800306	-0.073611816
637800307	0.135664235
637800308	0.061589637
637800309	0.022033275
637800310	0.185765078
637800311	0.294127102
637800312	0.070185557
637800313	-0.027562846
637800314	0.030035863
637800315	-0.020753796
637800316	-0.229964338
637800317	-0.076860148
637800318	0.075289323
637800319	0.141631784
637800320	0.333308887
637800321	-0.240380904
637800322	-0.025427126
637800323	-0.260390196
637800324	-0.087333421
637800325	0.059870583
637800326	-0.111979732
637800327	-0.325614644
637800328	-0.129887954
637800329	0.023624597
637800330	-0.383394314
637800331	-0.121749818
637800332	-0.312428554
637800333	0.155741571
637800334	-0.407474465
637800335	-0.097571573
637800336	-0.033827436
637800337	-0.209167032
637800338	0.018158681
637800339	0.100338818
637800340	-0.16037178
637800341	0.044996565
637800342	-0.13595754
637800343	0.077180547
637800344	-0.014938027
637800345	-0.060338629
637800346	-0.583038268
637800347	-0.129850832
637800348	-0.166393118
637800349	-0.218965752
637800350	-0.060648079
637800351	-0.264176957
637800352	-0.065213437
637800353	0.001446767
637800354	-0.5043533
637800355	-0.119017679
637800356	-0.104363234
637800357	-0.167529744
637800358	-0.046546726
637800359	-0.175096972
637800360	-0.211205161
637800361	0.00709261
637800362	-0.18767109
637800363	0.037963463
637800364	0.511207301
637800365	0.55524926
637800366	0.244441137
637800367	-0.167344121
637800368	0.024703953
637800369	0.024465883
637800370	-0.130448655
637800371	0.077859613
637800372	0.25893272
637800373	-0.024625602
637800374	0.091770423
637800375	0.04212052
637800376	-0.128777213
637800377	0.133763578
637800378	0.028885439
637800379	-0.069008908
637800380	-0.093216102
637800381	-0.150557268
637800382	0.01190076
637800383	-0.268648692
637800384	0.083580394
637800385	-0.075233356
637800386	-0.452102212
637800387	0.169059674
637800389	-0.185130282
637800390	0.10396285
637800391	-0.387707058
637800392	0.016657216
637800393	-0.067702327
637800394	0.131465571
637800395	-0.055914171
637800396	0.286766945
637800397	-0.005992265
637800398	-0.112868596
637800399	0.085823791
637800400	0.067046969
637800401	-0.021090322
637800402	0.018186
637800403	-0.024731841
637800404	0.300652283
637800405	-0.197828333
637800406	0.140321457
637800407	-0.049744004
637800408	-0.087061553
637800411	-0.165992057
637800412	-0.075202801
637800413	-0.001762501
637800414	0.033955051
637800415	-0.053362759
637800416	-0.057136593
637800417	-0.233212469
637800418	0.007182124
637800419	0.005276443
637800420	-0.150133247
637800421	-0.272708635
637800422	-0.180624722
637800423	-0.133046833
637800424	-0.189078419
637800425	-0.138657827
637800426	-0.009840361
637800427	-0.238327568
637800428	-0.089653804
637800429	-0.010379715
637800430	-0.117119617
637800431	0.060343253
637800432	-0.009862986
637800433	0.07329253
637800434	0.070710102
637800435	0.268228136
637800436	-0.3584495
637800437	-0.017089562
637800438	0.135200148
637800439	-0.104169612
637800440	-0.025201994
637800441	-0.459660413
637800442	-0.736175159
637800443	-0.174892648
637800444	-0.056389873
637800445	-0.072743257
637800446	-0.028454105
637800447	-0.042985016
637800448	-0.155371783
637800449	-0.1076498
637800450	-0.077363172
637800451	0.031203165
637800452	0.112371149
637800453	-0.02487908
637800454	0.179970729
637800455	-0.124394392
637800456	0.027393067
637800457	-0.16746504
637800458	-0.132800956
637800459	0.025871341
637800460	-0.381986274
637800461	-0.345032693
637800462	-0.087808586
637800463	-0.323416658
637800464	0.129756735
637800465	-0.023413431
637800466	0.068809413
637800467	-0.057934072
637800468	-0.081689795
637800469	0.091453589
637800470	-0.123766993
637800471	-0.194950052
637800472	-0.100394598
637800473	-0.02460845
637800474	0.081764399
637800475	-0.03118714
637800476	0.057093137
637800477	0.010937835
637800478	-0.101323377
637800479	-0.372170963
637800480	-0.11953158
637800481	0.082347789
637800482	-0.096903729
637800483	-0.320657956
637800484	-0.279388953
637800485	-0.056798381
637800486	0.064426428
637800487	-0.117082519
637800488	-0.17279431
637800489	-0.210802317
637800490	-0.031436251
637800491	-0.231152381
637800492	-0.217285578
637800493	-0.178944587
637800494	-0.03696297
637800495	0.008924427
637800496	-0.29434513
637800497	0.079503479
637800498	0.176265773
637800499	0.032374337
637800500	0.022879702
637800501	-0.155665527
637800502	-0.0330457
637800503	-0.050609207
637800504	-0.107165314
637800505	-0.073051837
637800506	-0.401729049
637800507	0.10608618
637800508	0.137485613
637800509	-0.164798361
637800510	-0.084487864
637800511	0.050369693
637800512	-0.084693337
637800513	0.166211605
637800514	-0.114446491
637800515	0.026376812
637800516	0.089893527
637800517	-0.055320403
637800518	-0.040141187
637800519	-0.057895938
637800520	-0.187618051
637800521	0.046685089
637800522	0.012467664
637800523	-0.094302711
637800524	-0.487884748
637800525	-0.025708401
637800526	0.000826383
637800527	-0.326838274
637800528	0.005870137
637800529	0.177032989
637800530	0.103107404
637800531	-0.133195246
637800532	-0.065491729
637800533	0.016137125
637800534	-0.186853807
637800535	-0.29419204
637800536	-0.006805461
637800537	-0.021181403
637800538	-0.205091213
637800539	-0.103775994
637800540	0.265108288
637800541	0.172255309
637800542	-0.142121138
637800543	0.203563153
637800544	0.092184695
637800545	-0.035673979
637800546	-0.256964628
637800547	-0.042638853
637800548	0.098878535
637800549	-0.101908235
637800550	-0.148590899
637800551	0.072390163
637800552	0.369382261
637800553	-0.052341477
637800554	0.087716115
637800555	-0.030317254
637800556	-0.244672043
637800557	-0.245986742
637800558	-0.073691865
637800559	-0.03737779
637800560	0.120898213
637800561	-0.011675836
637800562	-0.044429152
637800563	-0.031707602
637800564	-0.020001563
637800565	0.132827863
637800566	-0.048386248
637800567	-0.072185443
637800568	0.081841706
637800569	-0.119135967
637800570	-0.186421653
637800571	-0.364911243
637800572	-0.003186204
637800573	-0.173669428
637800574	0.046627899
637800575	0.110499635
637800576	-0.006773089
637800577	-0.021545255
637800578	0.121202185
637800579	0.046402616
637800580	-0.105866336
637800581	-0.14679234
637800582	-0.392778392
637800583	-0.200303178
637800584	-0.314545364
637800585	0.061233866
637800586	-0.227449581
637800587	-0.102549589
637800588	0.16115681
637800589	0.001001356
637800590	-0.166175109
637800591	0.127860046
637800592	0.039531556
637800593	0.054558005
637800594	0.073501804
637800595	0.064311955
637800596	-0.220420933
637800597	-0.14486341
637800598	-0.068070473
637800599	-0.192668774
637800600	0.039528335
637800601	0.082424223
637800602	-0.010565754
637800603	0.053017306
637800604	-0.155768825
637800605	-0.022458134
637800606	-0.026840979
637800607	0.134477801
637800608	-0.329530872
637800609	-0.047905398
637800610	0.075157809
637800611	-0.094695313
637800612	-0.247408699
637800613	-0.106323533
637800614	0.048661849
637800615	-0.228469527
637800616	-0.065716527
637800617	-0.015660606
637800618	0.022963847
637800619	-0.145718123
637800620	-0.091291326
637800621	-0.100497576
637800622	0.106034725
637800623	0.20726537
637800624	0.108102246
637800625	-0.165834265
637800626	-0.000857847
637800627	-0.21323009
637800628	-0.185240049
637800629	0.038828515
637800630	0.220096554
637800631	0.037861057
637800632	0.334253382
637800633	-0.006123704
637800634	0.029971604
637800635	0.142908533
637800636	-0.125969976
637800637	0.077792336
637800638	-0.060438583
637800639	-0.086629193
637800640	0.012052588
637800641	-0.006808226
637800642	-0.324779114
637800643	0.141252004
637800644	-0.122300562
637800645	-0.189452625
637800646	-0.201874154
637800647	-0.155852259
637800648	0.024420548
637800650	-0.073474156
637800651	0.15297995
637800652	0.034589777
637800653	-0.040242944
637800654	0.117033878
637800655	0.11759931
637800657	0.087018121
637800658	0.038199475
637800659	0.15768653
637800660	0.150413396
637800661	-0.114604955
637800662	-0.028776422
637800663	0.010931464
637800664	-0.102579652
637800665	-0.007606531
637800666	-0.004060355
637800667	-0.188338616
637800668	0.034891387
637800669	0.209489037
637800670	0.073094305
637800671	0.276922001
637800672	0.301510004
637800673	0.322738434
637800674	0.309598094
637800675	0.447025968
637800676	0.087072321
637800677	0.38481006
637800678	0.440027188
637800679	0.475387072
637800680	0.064990477
637800681	-0.025974954
637800682	0.157744349
637800683	0.059436575
637800684	0.154016292
637800685	-0.072408222
637800686	-0.074219772
637800687	-0.19229832
637800688	-0.072637813
637800689	-0.037501855
637800690	-0.095694948
637800691	-0.132815272
637800692	-0.212467952
637800693	0.017274992
637800694	0.108884229
637800695	-0.096413797
637800696	-0.142690787
637800697	0.141074533
637800698	0.09309571
637800699	0.201993197
637800700	-0.170074336
637800701	-0.230903734
637800702	-0.069150485
637800703	0.129866961
637800704	-0.375249367
637800705	0.009673662
637800706	-0.209787051
637800707	0.034398811
637800708	-0.007633277
637800709	-0.202967297
637800710	0.214854997
637800711	0.017733671
637800712	-0.183646846
637800713	0.161673106
637800714	-0.161149784
637800715	0.415797245
637800716	0.196271894
637800717	0.218637555
637800718	-0.046482863
637800719	-0.095561681
637800720	-0.336651514
637800721	0.102028849
637800722	-0.262505675
637800723	-0.163561652
637800724	0.221754043
637800725	-0.01308768
637800726	0.143448093
637800727	-0.098501558
637800728	0.080471767
637800729	-0.407207953
637800730	-0.053836527
637800731	0.025399279
637800732	0.313288386
637800733	-0.004569043
637800734	-0.081087864
637800735	0.011085305
637800736	0.095338798
637800737	-0.304260141
637800738	0.184310156
637800740	0.007184992
637800741	-0.119874974
637800742	-0.138198726
637800743	-0.174114594
637800744	-0.031575772
637800745	-0.019365598
637800746	0.009379965
637800747	-0.045223402
637800748	-0.008555673
637800749	0.057065531
637800750	0.168607432
637800751	-0.065342673
637800752	0.03676624
637800753	-0.163849754
637800754	0.056655903
637800755	-0.223082029
637800756	0.025452423
637800757	-0.115236142
637800758	0.203732075
637800759	-0.089760544
637800760	-0.176589101
637800761	-0.233534585
637800762	-0.076783658
637800763	-0.262775155
637800764	-0.303205306
637800765	-0.130319175
637800766	-0.477340804
637800767	-0.161858707
637800768	-0.193987261
637800769	-0.356774173
637800770	-0.089065982
637800771	-0.171023507
637800772	-0.174550371
637800773	-0.242782417
637800774	-0.05754122
637800775	0.148862509
637800776	0.050943714
637800777	-0.062319711
637800778	-0.093943814
637800779	-0.19812617
637800780	-0.277000106
637800781	0.156519669
637800782	0.258647196
637800783	0.239366917
637800784	-0.097693527
637800785	0.18576978
637800786	-0.021188002
637800787	-0.096352317
637800788	0.107878253
637800789	0.059028967
637800790	-0.056812352
637800791	-0.019251211
637800792	-0.355678649
637800793	0.070297421
637800794	0.211044913
637800795	0.206010467
637800796	-0.289725614
637800797	0.0632192
637800798	-0.030430607
637800799	0.017157727
637800800	-0.158366645
637800801	0.206724185
637800802	-0.248833854
637800803	0.059908491
637800804	0.108970199
637800805	0.252060583
637800806	-0.166193419
637800807	-0.137931854
637800808	0.089611751
637800809	0.074840283
637800810	-0.098371074
637800811	0.077688106
637800812	0.221579768
637800813	0.129850872
637800814	0.034107694
637800815	-0.092188046
637800816	-0.126142857
637800817	-0.21825883
637800818	-0.141105525
637800819	-0.223468178
637800820	0.118753647
637800821	-0.178598739
637800822	-0.038699874
637800823	0.042814357
637800824	0.022450881
637800825	0.079162471
637800826	-0.124288991
637800827	-0.193615069
637800828	-0.107129765
637800829	-0.152388115
637800830	-0.187280899
637800831	0.067243432
637800832	0.199110654
637800833	0.02166548
637800834	0.012043841
637800835	-0.047323787
637800836	-0.202560747
637800837	0.008331615
637800838	-0.304720317
637800839	-0.242093504
637800840	-0.234869995
637800841	0.068089108
637800842	0.141646924
637800843	0.012479825
637800844	0.09883071
637800845	-0.162562304
637800846	-0.064637121
637800847	-0.000751763
637800848	0.124694191
637800849	-0.194840222
637800850	0.12569809
637800851	-0.190286409
637800852	0.144658258
637800853	0.058084534
637800854	0.126392454
637800855	0.095297467
637800856	0.278255294
637800857	0.13449442
637800858	0.107295661
637800859	0.000870591
637800860	0.000587327
637800861	-0.211958131
637800862	-0.031400092
637800863	0.025411698
637800864	-0.033609745
637800865	-0.413428155
637800866	0.078259485
637800867	-0.13056502
637800868	-0.19463219
637800869	-0.478316844
637800870	-0.214983387
637800871	0.064655597
637800872	0.163897377
637800873	-0.173100164
637800874	-0.444015645
637800875	0.307734817
637800876	-0.063585495
637800877	0.249294557
637800878	-0.105842717
637800879	0.111926219
637800880	-0.09718717
637800881	-0.34408065
637800882	-0.08312586
637800883	0.154811258
637800884	-0.019757043
637800885	0.196595677
637800886	-0.030650453
637800887	-0.222026393
637800888	-0.173908063
637800889	-0.079161043
637800890	0.123639603
637800891	-0.246733973
637800892	-0.151086059
637800893	-0.082079051
637800894	-0.159021147
637800895	0.2847215
637800896	0.025702165
637800897	-0.055651539
637800898	-0.409991693
637800899	-0.357788202
637800900	-0.036769933
637800901	-0.207498168
637800902	0.01876124
637800903	0.066776622
637800905	0.164907388
637800906	-0.105002256
637800907	0.200755256
637800908	-0.248602052
637800909	-0.512683494
637800910	-0.087801372
637800911	-0.096934183
637800912	-0.165783502
637800913	0.132034983
637800914	-0.209132803
637800915	-0.199277032
637800916	-0.088208897
637800917	-0.121749384
637800918	0.016911801
637800919	0.122325125
637800920	-0.123066272
637800921	-0.030030093
637800922	-0.261250432
637800923	0.021095838
637800924	0.029378181
637800925	-0.092122763
637800926	0.059320893
637800927	-0.185113082
637800928	0.175637773
637800929	-0.120339991
637800930	-0.211116706
637800931	-0.069843203
637800932	-0.015870644
637800933	0.06307384
637800934	-0.176640091
637800935	-0.269873681
637800936	-0.034824922
637800937	0.117941291
637800938	0.096349151
637800939	-0.08110786
637800940	0.008728257
637800941	-0.010423352
637800942	-0.16611246
637800943	0.067687344
637800944	-0.116716861
637800945	0.10181677
637800946	-0.30715049
637800947	-0.085817793
637800948	-0.042307977
637800949	0.043096995
637800950	-0.14981559
637800951	-0.11482721
637800952	-0.280103237
637800953	-0.02413717
637800954	-0.110367857
637800955	-0.042384439
637800956	0.035832403
637800957	-0.053707431
637800958	0.029574615
637800959	-0.539074322
637800960	-0.207124033
637800961	-0.060291457
637800962	0.050895922
637800963	0.339786029
637800964	-0.090300441
637800965	-0.071975572
637800966	-0.024417574
637800967	-0.10209199
637800968	-0.043689028
637800969	-0.018554955
637800970	0.009407938
637800971	0.058041227
637800972	0.018904042
637800973	-0.100625506
637800974	-0.18759772
637800975	-0.1915987
637800976	-0.284317964
637800978	-0.168974286
637800979	-0.814202063
637800980	-0.546723157
637800981	-0.267031209
637800982	-0.096854562
637800983	0.084922489
637800984	0.036983441
637800985	0.015468276
637800986	0.169236618
637800987	-0.037531086
637800988	-0.144768112
637800989	0.142662734
637800990	-0.081732911
637800991	-0.051823085
637800992	0.045541164
637800993	-0.121669892
637800994	0.051477881
637800995	-0.037851827
637800996	0.048401897
637800997	-0.326003925
637800998	0.085265281
637800999	-0.123953881
637801000	0.002212762
637801001	0.199353538
637801002	0.272104115
637801003	-0.046543537
637801004	0.217988701
637801005	0.172063236
637801006	-0.022495633
637801007	0.010831153
637801008	0.076261128
637801009	0.196871315
637801010	-0.091085
637801011	-0.199903379
637801012	-0.071936345
637801013	0.22176429
637801014	-0.357670042
637801015	-0.225180224
637801016	-0.050590044
637801017	-0.202186034
637801018	-0.361030606
637801019	-0.1837503
637801020	-0.229233308
637801021	-0.046915503
637801022	-0.231171454
637801023	-0.126624843
637801024	-0.14705259
637801025	-0.04143623
637801029	-0.048450142
637801030	0.014865357
637801031	-0.255082049
637801032	0.05693811
637801033	-0.047715976
637801034	-0.051521877
637801035	0.22202367
637801036	-0.092530475
637801037	-0.08258785
637801038	0.177725977
637801040	0.063429884
637801041	0.346365555
637801042	-0.130387934
637801043	0.074105137
637801044	-0.290472106
637801045	-0.050674269
637801046	-0.203336681
637801047	-0.402873585
637801048	-0.230489922
637801049	0.372776568
637801050	-0.112287927
637801051	0.135550648
637801052	-0.056556132
637801053	-0.110227905
637801054	-0.041689419
637801055	-0.081782288
637801056	-0.06424742
637801057	-0.077466265
637801058	-0.119665098
637801059	-0.249947577
637801060	-0.14955698
637801061	0.193256248
637801062	-0.187701153
637801063	-0.00205136
637801064	0.033506161
637801065	-0.031476809
637801066	-0.221455773
637801067	2.25E-05
640711016	-0.269813816
640711017	-0.125638132
640711018	-0.240124245
640711019	-0.06441271
640711020	-0.344283224
640711021	-0.398969947
640711022	-0.161756927
640711023	-0.583470405
640711024	0
640711025	0
640711026	0
640711027	0
640711028	0
640711029	-0.399400369
640711030	0.262176341
640711031	-1.421206064
640711032	0.043017678
640711033	0.126259871
640711034	-0.277774938
640711035	-0.493418233
640711036	-0.269711927
640711037	-0.030123363
640711038	0.133474345
640711039	-0.24494537
640711040	-0.307995258
640711041	0.339318503
640711042	-0.332366564
640711043	-0.753651975
640711044	0.120030243
640711045	-0.018809867
640711046	-0.210531621
640711047	-0.20069927
640711048	-0.178040599
640711049	-0.766332092
640711050	-0.399677271
640711051	-0.468031624
640711052	0.087229028
640711053	-0.296708504
640711054	0.068143431
640711055	-0.608443466
640711056	-0.119804481
640711057	-0.505873027
640711058	-0.455455981
640711059	-0.635932406
640711060	0.12720894
640711061	-1.201214877
640711062	-0.630266599
640711063	0.14994447
640711064	-0.024469367
640711065	0.307222233
640711066	0.393302361
640711067	-0.565317997
640711068	-0.29018696
637798356	0.067198385
637798357	0.053453801
637798358	0.129995898
637798359	0.063940163
637798360	-0.365872226
637798361	-0.113657414
637798362	0.121066092
637798363	0.159353614
637798364	-0.150680233
637798365	0.074602873
637798366	-0.163510177
637798367	-0.152163506
637798368	0.017960976
637798369	-0.054788032
637798370	-0.405342822
637798371	0.133197455
637798372	-0.030160549
637798373	-0.081730012
637798374	-0.082595692
637798375	-0.234506427
637798376	-0.285432497
637798377	-0.166429262
637798378	-0.09567954
637798379	0.020643215
637798380	-0.089385615
637798381	0.286769434
637798382	-0.34121034
637798383	0.162069791
637798384	-0.372197983
637798385	0.054821835
637798386	-0.052087087
637798387	0.074123031
637798388	-0.073284399
637798389	-0.044493172
637798390	0.12737123
637798391	0.162214333
637798392	0.108634622
637798393	0.031378548
637798394	0.266622023
637798395	0.322220165
637798396	0.038562961
637798397	-0.021270049
637798398	0.095572083
637798399	0.117221979
637798400	0.802504085
637798401	-0.070051436
637798402	-0.084333595
637798403	-0.226695554
637798404	-0.089544769
637798405	0.118139134
pANS_predictedORF_1	-0.07760241
pANS_predictedORF_2	0.024270225
pANS_predictedORF_3	-0.11951958
pANS_predictedORF_4	-0.23125058
pANS_predictedORF_5	-0.021056639
pANS_predictedORF_6	0.220794314
pANS_predictedORF_7	-0.041304772
pANS_predictedORF_8	-0.07760241
