Reporter Identifier	VALUE
637798406	-0.012735043
637798407	0.004442194
637798408	0.081733019
637798409	0.060794268
637798410	-0.11143512
637798411	-0.319056312
637798412	0.045165891
637798413	0.041176839
637798414	-0.005258012
637798415	-0.237956371
637798416	-0.211225292
637798417	-0.14657882
637798418	0.175196133
637798419	-0.288900136
637798420	0.005130269
637798421	-0.186620258
637798422	-0.179459334
637798423	0.080532231
637798424	-0.340003602
637798425	0.01397476
637798426	-0.153121152
637798427	0.083103631
637798428	-0.037913139
637798429	-0.077707744
637798430	0.171621433
637798431	0.010291272
637798432	0.150147092
637798433	0.45882431
637798434	-0.101532955
637798435	0.083064255
637798436	-0.013995687
637798437	-0.221184499
637798438	-0.383964874
637798439	-0.012203458
637798440	-0.049054307
637798441	0.213630934
637798442	-0.061496949
637798443	-0.105416617
637798444	-0.963252972
637798445	-0.119591579
637798446	-0.076911688
637798448	0.216086591
637798449	-0.156171926
637798450	0.092754276
637798451	0.003874773
637798452	-0.487448606
637798453	0.032431425
637798454	-0.181850802
637798455	0.081540684
637798456	-0.069872933
637798457	-0.091241874
637798458	-0.13482801
637798459	-0.045435732
637798460	-0.368206723
637798461	-0.200899392
637798462	-0.343152088
637798463	-0.115913072
637798464	-0.142578635
637798465	-0.097974984
637798466	-0.186063507
637798467	0.063137595
637798468	-0.052572313
637798469	-0.053727655
637798470	-0.002542069
637798471	0.10515018
637798472	-0.19403823
637798473	0.050171959
637798474	-0.118692822
637798475	-0.249897065
637798476	0.044722388
637798477	0.227712986
637798478	0.136151119
637798479	-0.030259309
637798480	0.122039717
637798481	-0.166839745
637798482	-0.05652313
637798483	0.031040013
637798484	0.008908616
637798485	-0.19528206
637798486	0.032859794
637798487	-0.113162221
637798488	-0.031423894
637798489	0.214878512
637798490	0.06503192
637798491	-0.149628
637798492	-0.490930052
637798493	-0.220333925
637798494	0.078487874
637798495	-0.051097968
637798496	-0.03005975
637798497	0.07134967
637798498	-0.188606236
637798499	-0.130005316
637798500	0.23265853
637798501	-0.326813674
637798502	-0.554423432
637798503	-0.007526588
637798504	-0.306389149
637798505	0.297022006
637798506	-0.715678057
637798507	-0.294487098
637798508	-0.008739546
637798509	-0.185345996
637798510	0.086561532
637798511	-0.084494641
637798512	0.128033161
637798513	-0.082199223
637798514	0.021126342
637798515	-0.295413113
637798516	0.050661935
637798517	-0.020217317
637798518	0.065429134
637798519	0.054642056
637798520	-0.264359683
637798521	0.049150658
637798522	-0.012249463
637798523	-0.146131396
637798524	0.091386758
637798525	-0.176673118
637798526	-0.650383574
637798527	-0.148978482
637798528	-0.052501376
637798529	-0.145752133
637798530	0.082164629
637798531	0.058596146
637798532	-0.114843071
637798533	-0.268444351
637798534	0.047302524
637798535	0.190940796
637798536	-0.340181853
637798537	-0.062301703
637798538	0.086506389
637798539	0.302448849
637798540	0.259513955
637798541	-0.144648426
637798542	0.071807019
637798543	0.157768411
637798544	-0.201888238
637798545	-0.269369534
637798546	-0.214057342
637798547	0.13915091
637798548	-0.142008783
637798549	-0.292803584
637798550	-0.003985884
637798551	-0.023483214
637798552	0.002748169
637798553	-0.133691995
637798554	-0.087795994
637798555	0.047498993
637798556	-0.050974444
637798557	0.052535813
637798558	-0.134922235
637798559	-0.190561592
637798560	0.035337043
637798561	-0.029796615
637798562	-0.083718395
637798563	-0.440246091
637798564	-0.194267783
637798565	0.029484357
637798566	-0.119873037
637798567	0.142477164
637798568	-0.025596672
637798569	-0.142176031
637798570	-0.124851339
637798571	0.014834235
637798572	-0.238946674
637798573	0.181766886
637798574	-0.309880653
637798575	0.053280936
637798576	0.013191854
637798577	0.01349889
637798578	0.212391319
637798579	0.096113822
637798580	-0.064258037
637798581	-0.071413889
637798582	-0.241585998
637798583	0.012143469
637798584	-0.010364602
637798585	0.129569256
637798586	-0.202924239
637798587	-0.491523265
637798588	0.249784062
637798589	-0.319103956
637798590	-0.190658387
637798591	-0.054858397
637798592	0.245352068
637798593	-0.152645941
637798594	-0.023012712
637798595	-0.200706106
637798596	-0.01532767
637798597	0.161827577
637798598	-0.283503192
637798599	-0.198679077
637798600	0.059040723
637798601	-0.10942213
637798602	0.191417102
637798603	0.123913144
637798604	-0.379503565
637798605	0.031355916
637798606	-0.256635793
637798607	-0.201026673
637798608	-0.085979613
637798609	-0.069061433
637798610	-0.064984809
637798611	0.027986413
637798612	0.003106455
637798613	0.179669335
637798614	-0.03092324
637798615	-0.011654571
637798616	0.03251945
637798617	0.07259189
637798618	0.045083172
637798619	-0.057938048
637798620	-0.281225531
637798621	-0.458155269
637798622	0.017541036
637798623	0.039238682
637798624	0.003954113
637798625	0.147581762
637798626	-0.021372146
637798627	0.09859482
637798628	0.090045063
637798629	-0.10966074
637798630	-0.47537204
637798631	0.081364495
637798632	0.083573627
637798633	0.074664902
637798634	0.076873957
637798635	-0.131454325
637798636	0.091796202
637798637	-0.044331499
637798638	0.104684967
637798639	-0.16149476
637798640	0.087984929
637798641	-0.034270941
637798642	-0.34977351
637798643	0.017258511
637798644	-0.181668606
637798645	0.021379399
637798646	-0.046702153
637798647	0.112938925
637798648	-0.147775004
637798649	-0.388322611
637798650	-0.820019211
637798651	-0.756741797
637798652	0.143440902
637798653	0.054241632
637798654	0.025593338
637798655	-0.004814555
637798656	-0.144222184
637798657	0.080495992
637798658	-0.01616407
637798659	-0.571025393
637798660	-0.074193064
637798661	-0.34276459
637798662	-0.291991533
637798663	0.04318762
637798664	-0.328078049
637798665	-0.345910164
637798666	0.241967552
637798667	0.099557235
637798668	0.030731612
637798669	-0.094968118
637798670	-0.019562126
637798671	0.09307552
637798672	0.186021233
637798673	-0.022340872
637798674	0.033960263
637798675	0.172202169
637798676	-0.010965798
637798677	0.230899953
637798678	-0.056125346
637798679	0.260912522
637798680	-0.179045363
637798681	-0.123719519
637798682	-0.093803975
637798683	-0.045055572
637798684	-0.094110348
637798685	-0.042102822
637798686	0.093545109
637798687	-0.164834021
637798688	-0.06409001
637798689	0.128908668
637798690	0.039120551
637798691	-0.048140429
637798692	-0.110316796
637798693	0.019182864
637798694	0.190649901
637798695	-0.165656045
637798696	0.3661755
637798697	-0.158095112
637798698	0.139567735
637798699	0.065250152
637798700	0.292636367
637798701	-0.074422994
637798702	-0.065632799
637798703	-0.531306954
637798704	-0.055989191
637798705	-0.11909308
637798706	0.069965301
637798707	-0.18752962
637798708	-0.163231724
637798709	-0.225806512
637798710	-0.823183038
637798711	-0.329088238
637798712	-0.06901385
637798713	-0.150367939
637798714	-0.269950527
637798715	-0.271810734
637798716	0.032348573
637798717	0.051797879
637798718	-0.306335639
637798719	-0.043673185
637798720	-0.024614521
637798721	-0.026796319
637798722	-0.334481986
637798723	-0.154556667
637798724	-0.150453342
637798725	0.175307241
637798726	0.03007826
637798727	-0.034290542
637798728	0.027244165
637798729	-0.109753999
637798730	0.044327619
637798731	0.393432107
637798732	-0.065148128
637798733	0.054579142
637798734	0.173379758
637798735	0.232712235
637798736	0.184109487
637798737	0.15821902
637798738	0.312412905
637798739	0.432588957
637798740	0.541179208
637798741	0.211984722
637798742	0.374969973
637798743	0.204198211
637798744	0.172604882
637798745	-0.054201384
637798746	0.140570604
637798747	-0.013084573
637798748	-0.518383112
637798749	-0.466877859
637798750	-0.433491187
637798751	-0.034176416
637798752	-0.301105233
637798753	0.137516468
637798754	-0.248259996
637798755	-0.152070001
637798756	0.004439579
637798757	-0.094196024
637798758	0.087974013
637798759	-0.031197071
637798760	0.031418147
637798761	-0.160237693
637798762	-0.065694994
637798763	0.015954808
637798764	0.188997298
637798765	0.278753967
637798766	-0.070211185
637798767	0.046631613
637798768	0.281573063
637798769	-0.02478907
637798770	-0.227208957
637798771	-0.7317395
637798772	0.043665281
637798773	0.039303996
637798774	0.051887171
637798775	-0.212448467
637798776	-0.580980218
637798777	-0.2262167
637798778	-0.097198073
637798779	-0.059246118
637798780	-0.551463768
637798781	-0.006849191
637798782	-0.171207716
637798783	-0.204400956
637798784	-0.392242019
637798785	-0.231628637
637798786	-0.037923441
637798787	-0.472088968
637798788	-0.191171284
637798789	-0.510452186
637798790	0.13257032
637798791	0.101677945
637798792	0.064938805
637798793	0.116510517
637798794	0.023877516
637798795	-0.019381913
637798796	0.033696929
637798797	-0.483827966
637798798	0.131631799
637798799	-0.022875936
637798800	-0.063942427
637798801	-0.082844799
637798802	0.13220523
637798803	0.171594378
637798804	-0.086564481
637798805	0.072681385
637798806	-0.194459986
637798807	-0.333791416
637798808	0.048332999
637798809	-0.302980657
637798810	0.007840067
637798811	0.072935442
637798812	0.089533262
637798813	-0.02137292
637798814	-0.114983319
637798815	-0.113233728
637798816	0.001559565
637798817	0.031045274
637798818	0.17544795
637798819	-0.056198376
637798820	0.153743058
637798821	-0.0324938
637798822	0.007132983
637798823	-0.029323956
637798824	-0.134105468
637798825	-0.095461955
637798826	0.024815125
637798827	-0.166710801
637798828	-0.700115095
637798829	0.026439514
637798830	-0.36086781
637798831	-0.361356883
637798832	0.348681514
637798833	-0.004518554
637798834	-0.208964415
637798835	-0.1442792
637798836	-0.470215978
637798837	-0.072627506
637798838	-0.095121107
637798839	-0.3876309
637798840	-0.028280132
637798841	0.019088905
637798842	0.200817518
637798843	-0.26381289
637798844	-0.237036618
637798845	0.063071456
637798846	0.011645353
637798847	-0.167322873
637798848	-0.293736156
637798849	-0.199575945
637798850	-0.156930193
637798851	-0.047134201
637798852	0.297447023
637798853	-0.174949551
637798854	-0.164309031
637798855	0.025400648
637798856	-0.314079791
637798857	0.051704382
637798858	0.392722637
637798860	0.115695035
637798861	-0.057952713
637798862	-0.005444465
637798863	0.56314857
637798864	-0.032318876
637798865	0.055010563
637798866	-0.048643304
637798867	-0.035981535
637798868	0.017274879
637798869	0.026825966
637798870	0.10875331
637798871	-0.063947278
637798872	-0.295003345
637798873	0.008327817
637798874	-0.067985646
637798875	-0.339445239
637798876	-0.139317467
637798877	-0.069374751
637798878	-0.259705914
637798879	0.140238763
637798880	-0.309136696
637798881	-0.145682283
637798882	-0.086259463
637798883	-0.298944221
637798884	-0.14240238
637798885	-0.035357268
637798886	-0.012299874
637798887	0.138850706
637798888	-0.014139925
637798889	-0.011295296
637798890	-0.303675579
637798891	0.158161839
637798892	0.433041999
637798893	0.330421478
637798894	-0.202258076
637798895	-0.105118004
637798896	-0.136347237
637798897	-0.370788941
637798898	-0.217437229
637798899	-0.105331146
637798900	-0.173929766
637798901	-0.10298874
637798902	-0.30642838
637798903	0.058511313
637798904	-0.219447614
637798905	-0.372960027
637798906	-0.68663074
637798907	-0.047156811
637798908	-0.061086537
637798909	-0.07294419
637798910	0.018841105
637798911	-0.068419242
637798912	0.436817049
637798913	0.144168567
637798914	0.031770375
637798915	0.057777614
637798916	0.025344777
637798917	0.155863193
637798918	-0.051464715
637798919	-0.066787313
637798920	0.180411019
637798921	-0.129502197
637798922	-0.142483547
637798923	-0.222290597
637798924	0.069733254
637798926	-0.214986716
637798927	-0.141270845
637798928	0.204708565
637798929	-0.144990954
637798930	-0.210791359
637798931	0.048495061
637798932	0.085760727
637798933	0.219805909
637798934	0.067381405
637798935	-0.383671046
637798936	-0.000747848
637798937	-0.047814107
637798938	-0.285648343
637798939	-0.188758146
637798940	0.180194268
637798941	0.059997807
637798942	0.134969822
637798943	0.026503188
637798944	0.345658452
637798945	0.250460289
637798946	-0.082770123
637798947	-0.095864611
637798948	-0.183166213
637798949	-0.027546023
637798950	-0.145918852
637798951	-0.097367005
637798952	0.231304666
637798953	0.146303878
637798954	-0.234544573
637798955	0.078867895
637798956	0.153054205
637798957	0.042380724
637798958	0.022626432
637798959	-0.253022898
637798960	0.253266454
637798961	-0.046370375
637798962	-0.052153623
637798963	0.089374371
637798964	-0.396216959
637798965	-0.167750313
637798966	-0.153966158
637798967	0.081643429
637798968	-0.171158874
637798969	0.02846041
637798970	-0.060722157
637798971	0.045728023
637798972	-0.191316814
637798973	0.153351667
637798974	-0.082534333
637798975	0.103089927
637798976	-0.274936429
637798977	0.006515707
637798978	0.003075228
637798979	-0.311871739
637798980	0.114305728
637798981	-0.403770929
637798982	0.265131548
637798983	-0.092085739
637798984	0.274082331
637798985	0.189390064
637798986	-0.027628947
637798987	-0.047476644
637798988	-0.046593455
637798989	-0.222960824
637798990	0.023977316
637798991	0.035644896
637798992	-0.038086052
637798993	-0.42940815
637798994	-0.023325001
637798998	-0.103668868
637798999	-0.060970999
637799000	-0.091407363
637799001	2.75E-05
637799002	0.150378126
637799003	-0.111147393
637799004	0.092124874
637799005	0.024597458
637799006	-0.490516525
637799007	-0.022044814
637799008	0.126435534
637799009	-0.140080149
637799010	-0.402431455
637799011	-0.078157941
637799012	-0.384351087
637799013	-0.103832381
637799014	0.027987667
637799015	-0.005548404
637799016	0.043654136
637799017	0.026848702
637799018	0.183662965
637799019	0.032769952
637799020	0.195040377
637799021	0.08910858
637799022	0.05976006
637799023	-0.030488545
637799024	-0.045426163
637799025	-0.068168118
637799026	0.183223639
637799027	0.151469137
637799028	-0.089341605
637799029	-0.393826843
637799030	-0.12727525
637799031	-0.243424903
637799032	-0.053819223
637799033	-0.149084166
637799035	-0.263664924
637799036	0.041213671
637799037	0.193295527
637799038	-0.128707388
637799039	-0.040448721
637799040	-0.196460193
637799041	0.069879205
637799042	-0.209853129
637799043	0.559611618
637799044	0.139380997
637799045	-0.202497798
637799046	0.027865832
637799047	-0.048381822
637799048	-0.153590487
637799049	0.135851329
637799050	-0.04867332
637799051	-0.09922789
637799052	-0.069662731
637799053	-0.093877534
637799054	-0.051460083
637799055	-0.076091937
637799056	-0.193761653
637799057	0.07281588
637799058	-0.290929324
637799059	-0.299428316
637799060	-0.758225548
637799061	-0.024880308
637799062	-0.0767181
637799063	0.224228981
637799064	0.006787099
637799065	-0.049303739
637799066	-0.331594137
637799067	0.036700056
637799068	-0.183818021
637799069	-0.156366924
637799070	0.156846017
637799071	0.139956199
637799072	0.046727125
637799073	0.091540868
637799074	-0.401781298
637799075	0.143005104
637799076	-0.178080896
637799077	0.129083969
637799078	-0.127779563
637799079	-0.340509549
637799080	-0.498635761
637799081	-0.125445502
637799082	-0.030731483
637799083	-0.208254829
637799084	0.078748082
637799085	-0.158059698
637799086	0.043430669
637799087	-0.08021626
637799088	0.128811023
637799089	-0.175055224
637799090	0.177326334
637799091	-0.043363069
637799092	-0.517536925
637799093	0.269623759
637799094	-0.046980268
637799095	-0.005618736
637799096	0.109884361
637799097	-0.357305082
637799098	-0.180559537
637799099	-0.340253341
637799100	-0.070910441
637799101	-0.136806294
637799102	-0.253782284
637799103	-0.004097021
637799104	-0.126549155
637799105	0.330136345
637799106	-0.123527909
637799107	-0.279700685
637799108	0.236277804
637799109	0.210605681
637799110	0.140769516
637799111	0.26264311
637799112	0.09119573
637799113	-0.091407367
637799114	-0.085725806
637799115	-0.62534504
637799116	-0.397197979
637799117	-0.270976042
637799118	0.032092492
637799119	-0.157475776
637799121	-0.035525325
637799122	0.116248611
637799123	0.121753114
637799124	0.169601901
637799125	-0.18887467
637799126	-0.112296503
637799127	-0.011227135
637799128	0.111515875
637799129	0.106666448
637799130	0.111606564
637799131	-0.143837586
637799132	-0.267947922
637799133	0.118087191
637799134	0.128881078
637799135	-0.027866398
637799136	-0.136826587
637799137	0.234344679
637799138	-0.117389714
637799139	-0.093456956
637799140	-0.206897843
637799141	0.15373605
637799142	0.04856758
637799143	0.216812687
637799144	0.096542121
637799146	0.136055689
637799147	0.029440928
637799148	-0.108652718
637799149	-0.016691786
637799150	0.023540753
637799151	0.093371764
637799152	0.070443152
637799153	0.166482054
637799154	-0.104749687
637799155	0.099387398
637799157	0.009562678
637799158	0.060036618
637799159	0.04334564
637799160	-0.309084108
637799161	-0.02441875
637799162	-0.048870759
637799163	0.036389304
637799164	0.059382016
637799165	-0.095610365
637799166	0.260060887
637799167	-0.073187982
637799168	-0.256499725
637799169	-0.125646145
637799170	0.306099581
637799171	-0.162440676
637799172	-0.040331027
637799173	-0.260832319
637799174	-0.333085151
637799175	-0.196051058
637799176	-0.620551271
637799177	-0.350671127
637799178	0.172104251
637799179	0.204802692
637799180	0.061393002
637799181	-0.132187098
637799182	0.040712979
637799184	-0.623271691
637799185	-0.278190308
637799186	-0.301340764
637799187	-0.08073028
637799188	0.206127837
637799189	0.09339726
637799190	-0.088745202
637799191	-0.061067594
637799192	-0.099247582
637799193	-0.092094437
637799194	-0.001759768
637799195	-0.009558016
637799196	-0.239073545
637799197	-0.223591604
637799198	-0.270505166
637799199	0.101119854
637799200	0.09719338
637799201	0.009384176
637799202	0.092336406
637799203	-0.015186699
637799204	0.067465818
637799205	-0.276623919
637799206	0.031477028
637799207	0.026217003
637799208	0.221191209
637799209	-0.071417331
637799210	0.060782368
637799211	0.223425058
637799212	0.009078498
637799213	0.106056487
637799214	-0.041328523
637799215	-0.124986892
637799216	0.15783543
637799217	-0.108488714
637799218	0.015125318
637799220	-0.153037666
637799221	-0.029059634
637799222	-0.083700701
637799223	0.028430817
637799224	-0.145036029
637799225	0.040639767
637799226	0.035385554
637799227	0.241332025
637799228	-0.125021102
637799229	-0.100547227
637799230	-0.228096115
637799231	-0.105178451
637799232	0.041528964
637799233	0.14007248
637799234	0.193942457
637799235	-0.095773817
637799236	0.33276706
637799237	0.140235793
637799238	0.02542268
637799239	-0.10980181
637799240	-0.146808308
637799241	-0.184570221
637799242	0.186025966
637799243	-0.151507467
637799244	-0.251263289
637799245	-0.186409259
637799246	0.264339492
637799247	0.028243485
637799248	0.174111704
637799249	0.141355814
637799250	-1.355052865
637799251	0.099096745
637799252	-0.197296234
637799253	-0.004752781
637799254	0.005807935
637799255	-0.14017821
637799256	-0.343879191
637799257	-0.18168139
637799258	0.280294839
637799259	0.060437131
637799260	-0.186244618
637799261	-0.325026618
637799262	0.071907491
637799263	-0.070357457
637799264	0.150027345
637799265	0.170504744
637799266	-0.127776877
637799267	-0.060231291
637799268	0.015944338
637799270	0.139625038
637799271	-0.29171062
637799272	-0.209352368
637799273	-0.242081924
637799274	-0.395955123
637799275	-0.251342304
637799276	-0.229068993
637799277	0.003858197
637799278	-0.454308654
637799279	0.141766454
637799280	-0.029938942
637799281	0.011904056
637799282	0.069255434
637799283	-0.067835905
637799284	-0.156657076
637799285	0.119903076
637799286	-0.117528822
637799287	-0.28498923
637799288	-0.081218884
637799289	-0.156397436
637799290	-0.015785535
637799291	0.095316532
637799292	-0.181225934
637799293	0.042036103
637799294	-0.228367995
637799295	0.177604557
637799296	-0.058085364
637799297	0.138161221
637799298	0.022231126
637799299	0.054233284
637799300	-0.130278236
637799301	0.027353751
637799302	0.092598759
637799303	0.214243354
637799304	0.03543247
637799305	0.058040572
637799307	-0.109559732
637799308	-0.700924986
637799309	-0.002588698
637799310	-0.727517395
637799311	0.014354006
637799312	-0.111036231
637799313	0.138073319
637799314	0.110354724
637799315	-0.270158129
637799316	-0.237528737
637799317	-1.477144347
637799318	-0.167383912
637799319	-0.295335114
637799320	-0.090137948
637799321	-0.342430236
637799322	-0.101468245
637799323	-0.105800007
637799324	0.005598728
637799325	0.16418659
637799326	-0.067676732
637799327	-0.037815574
637799328	0.053241033
637799329	-0.115404022
637799330	0.147389082
637799331	-0.032062257
637799332	-0.457351562
637799333	0.331864938
637799334	-0.318468705
637799335	-0.029818026
637799336	-0.364895723
637799337	0.118869408
637799338	0.141546416
637799339	-0.076799318
637799340	-0.221520066
637799341	0.106334018
637799343	0.245873151
637799344	0.03205992
637799345	0.074052317
637799346	-0.066785173
637799347	0.212711257
637799348	-0.066461171
637799349	-0.038226651
637799350	0.142516031
637799351	-0.016931146
637799352	0.202705274
637799353	-0.15372434
637799354	0.132098122
637799355	0.020929359
637799356	-0.018652539
637799357	0.179986758
637799358	-0.307490245
637799359	0.11674746
637799360	0.019744857
637799361	0.004631626
637799362	-0.019523401
637799363	-0.073226531
637799364	0.124978598
637799366	-0.112807248
637799367	-0.069151727
637799368	-0.293053428
637799369	-0.044258018
637799370	0.076540065
637799371	-0.003021691
637799372	0.124516778
637799373	0.043185484
637799374	0.070514598
637799375	0.05732231
637799376	-0.112728028
637799377	0.202463942
637799378	0.253149059
637799379	0.017098353
637799380	0.018688246
637799381	-0.082663797
637799382	0.060772018
637799383	-0.077710953
637799384	-0.036689506
637799385	-0.024343154
637799386	0.065035034
637799387	0.152629713
637799388	0.095607964
637799389	-0.107883959
637799390	-0.473139138
637799391	0.097685917
637799392	0.170853621
637799393	0.07195438
637799394	-0.05063701
637799395	-0.032968579
637799396	0.221773706
637799397	0.152558645
637799398	0.115097915
637799399	-0.050035864
637799400	0.000898276
637799401	-0.160734541
637799402	0.067482127
637799403	-0.018113638
637799404	-0.135678473
637799405	-0.040601534
637799406	-0.258492354
637799407	-0.445485811
637799408	-0.478397815
637799409	-0.268071493
637799410	-0.024072484
637799411	-0.152076796
637799412	-0.027906098
637799413	0.09291519
637799414	-0.014489619
637799415	0.051079802
637799416	0.310458796
637799417	-0.00354216
637799418	0.038569801
637799419	0.105664206
637799420	0.058935195
637799422	0.325416809
637799423	0.018112859
637799424	-0.025064148
637799425	-0.013023995
637799426	-0.148017559
637799427	-0.199527389
637799428	-0.030391326
637799429	-0.037250871
637799430	-0.177151897
637799431	0.307374541
637799432	0.235591585
637799433	-0.137315514
637799434	-0.213563019
637799435	-0.293435072
637799436	-0.237043658
637799437	0.014097738
637799438	-0.084818115
637799439	-0.003319337
637799440	0.05405497
637799441	0.065387496
637799442	0.143344069
637799443	-0.099028382
637799444	-0.162670585
637799445	0.135066697
637799448	-0.074388234
637799449	-0.011133179
637799450	0.068057625
637799451	0.147493213
637799452	0.121591167
637799453	-0.160766005
637799454	-0.431285763
637799455	-0.261929974
637799456	-0.070014837
637799457	0.007038497
637799458	-0.540095024
637799459	0.022503722
637799460	0.059524115
637799461	0.368585485
637799462	-0.312697698
637799463	-0.012390169
637799464	-0.133347028
637799465	0.155491045
637799466	-0.171988056
637799467	0.074489773
637799468	-0.05756601
637799469	0
637799470	0
637799471	-0.059760776
637799472	-0.013264398
637799473	0.225624118
637799474	-0.071595555
637799475	0.247287459
637799476	-0.290795383
637799477	-0.132045122
637799478	-0.266580817
637799479	-0.116031456
637799480	-0.099666549
637799481	-0.56958496
637799482	-0.048246535
637799483	-0.418937325
637799484	-0.485465146
637799485	-0.267481453
637799486	-0.412544424
637799489	-0.341582474
637799490	-0.224973651
637799491	-0.306636989
637799492	0.245117213
637799493	0.075966086
637799494	0.089161917
637799495	-0.031437619
637799497	0.137628876
637799498	0.127883023
637799499	0.159380866
637799500	-0.137210412
637799501	-0.041491786
637799502	0.043328964
637799503	-0.271404634
637799504	-0.076707487
637799505	-0.012746108
637799506	-0.056234169
637799508	0.182849458
637799509	0.210481238
637799510	-0.066363108
637799511	-0.013303558
637799512	-0.032192319
637799513	-0.009955027
637799514	0.131862606
637799515	-0.028858433
637799516	0.049538745
637799517	0.073548107
637799518	-0.126644742
637799519	0.033551009
637799520	-0.224884557
637799521	-0.253005691
637799522	-0.31614373
637799523	-0.016737291
637799524	-0.107613026
637799525	0.081412027
637799526	0.122686919
637799527	-0.391813949
637799528	0.022856321
637799529	0.009123612
637799530	-0.055505723
637799531	0.030310322
637799532	0.141180393
637799533	-0.093043531
637799534	-0.335605195
637799535	-0.012290216
637799536	-0.423602135
637799537	-0.045989406
637799538	-0.008275956
637799539	0.002881542
637799540	-0.039138752
637799541	-0.061610044
637799542	0.194618445
637799543	-0.473543539
637799544	-0.122376307
637799545	-0.201650435
637799546	-0.272967569
637799547	0.099320299
637799548	0.036363092
637799549	0.144800049
637799550	-0.205732696
637799551	-0.371902883
637799552	-0.103169084
637799553	-0.332426118
637799554	0.056173072
637799555	0.009708574
637799556	0.095918232
637799557	-0.092146502
637799558	0.025212021
637799559	-0.003915507
637799560	-0.164212761
637799561	-0.039710651
637799562	-0.075242377
637799563	-0.191474128
637799564	-0.12552513
637799565	-0.006112407
637799566	0.239649732
637799567	0.002067761
637799568	0.060997386
637799569	0.061722955
637799570	-0.011701537
637799571	-0.258887411
637799572	-0.280114001
637799573	-0.076574641
637799574	-0.496067368
637799575	-0.233045753
637799576	0.117813761
637799577	-0.14589213
637799578	-0.023667828
637799579	-0.150505026
637799580	0.100933042
637799581	-0.045386098
637799582	-0.468411826
637799583	-0.218983891
637799584	-0.213875221
637799585	-0.045235826
637799586	0.148419466
637799587	-0.29128871
637799588	-0.154084477
637799589	-0.09431696
637799590	-0.62877751
637799591	0.050895678
637799592	0.037812917
637799594	-0.084726744
637799595	-0.044866457
637799596	-0.046855798
637799597	0.063009822
637799598	0.157096038
637799599	-0.121728809
637799600	0.313998705
637799601	0.044658271
637799602	0.122620342
637799603	0.02686487
637799604	0.233225388
637799605	0.124270791
637799606	0.142325563
637799607	-0.028009413
637799608	-0.027037441
637799609	-0.070039493
637799610	-0.037729088
637799611	-0.103275391
637799612	-0.144298346
637799613	-0.09555285
637799614	-0.068928429
637799615	0.063182632
637799616	0.010519032
637799617	-0.269616048
637799618	0.095277635
637799619	0.099288191
637799620	-0.016885546
637799621	-0.153213982
637799622	-0.073068165
637799623	-0.00852236
637799624	0.417296226
637799625	0.318348927
637799626	-0.031298194
637799627	0.024752501
637799628	0.105786239
637799629	0.32657798
637799630	0.146325735
637799631	-0.125863602
637799632	-0.058965248
637799634	0.052061301
637799635	0.111652188
637799636	-0.169590329
637799637	0.069543244
637799638	-0.150870102
637799639	0.009488154
637799640	-0.120973915
637799641	-0.132189756
637799643	0.082027826
637799644	-0.091372099
637799645	-0.379381988
637799646	-0.43593538
637799647	-0.016722198
637799648	-0.074950551
637799649	-0.039589266
637799650	-0.194415256
637799651	0.049197029
637799652	-0.267623081
637799653	-0.077927099
637799654	-0.375675526
637799655	0.015844981
637799656	-0.375162089
637799657	-0.16568284
637799658	-0.044421715
637799659	0.210665832
637799660	0.093903783
637799661	0.303787385
637799662	0.002787721
637799663	-0.02903837
637799664	-0.274847138
637799665	0.08319491
637799666	-0.040355342
637799667	-0.209203396
637799668	0.051593305
637799669	-0.318143778
637799670	-0.439005329
637799671	0.232474808
637799672	-0.009892234
637799673	-0.054083157
637799674	-0.040977626
637799675	0.114265755
637799676	-0.027702642
637799677	0.101351687
637799678	-0.057212454
637799679	0.24024243
637799680	-0.428652748
637799681	0.070153182
637799682	0.018931124
637799683	0.053478298
637799684	-0.111709353
637799685	-0.121360311
637799687	-0.061067787
637799688	-0.036590759
637799689	0.024653824
637799690	-0.010393362
637799691	0.231935752
637799692	-0.14772215
637799693	0.01755816
637799694	-0.065275419
637799695	-0.064730289
637799696	0.227188822
637799697	0.192826093
637799698	0.162131467
637799699	0.325011842
637799700	-0.049953401
637799701	0.181957494
637799702	0.01789641
637799703	-0.032476197
637799704	-0.039165459
637799705	-0.061558565
637799706	0.089435361
637799707	-0.004393159
637799708	0.209617797
637799709	-0.008790082
637799710	-0.162674481
637799711	-0.140689809
637799712	0.144605169
637799713	0.025976894
637799714	-0.165224625
637799715	0.211200167
637799716	0.02718069
637799717	-0.241359872
637799718	-0.014637676
637799719	-0.128361093
637799720	-0.459593088
637799721	-0.154868055
637799722	-0.196795471
637799723	0.133426318
637799724	-0.065107557
637799725	0.025062989
637799726	0.086904421
637799727	0.281954298
637799728	-0.186186409
637799729	0.043142381
637799730	0.134161803
637799731	-0.179653302
637799732	-0.026806084
637799733	0.140645203
637799734	-0.051117255
637799735	0.029224421
637799737	-0.125247199
637799738	-0.049852183
637799739	0.091956571
637799740	0.12444808
637799741	0.24720851
637799742	0.373839693
637799743	-0.053954156
637799744	-0.022234513
637799745	-0.586259115
637799746	0.075485596
637799747	0.033348978
637799748	-0.1423267
637799749	0.035752594
637799750	0.115612579
637799751	0.135362783
637799752	0.099506679
637799753	-0.145256408
637799754	0.024373986
637799755	0.180629215
637799756	-0.001317861
637799757	0.094216753
637799758	-0.194440131
637799759	0.088234439
637799760	-0.191587339
637799761	0.109743815
637799762	-0.230800393
637799763	0.107654442
637799764	-0.077040059
637799765	0.059501
637799766	-0.037107656
637799767	0.010830781
637799768	-0.215983708
637799769	-0.216894838
637799770	-0.005347497
637799771	-0.228175481
637799772	0.205401077
637799773	0.130908446
637799774	-0.287100553
637799775	-0.110313759
637799776	-0.18800169
637799777	0.130703599
637799778	-0.023162234
637799779	-0.033268752
637799780	0.023614894
637799781	-0.025696676
637799782	0.199434027
637799783	-0.100823631
637799784	0.107187622
637799785	-0.180194077
637799786	-0.139641152
637799787	0.008062603
637799788	0.10037854
637799789	0.032033676
637799790	-0.121005663
637799791	0.116520097
637799793	-0.00290858
637799794	-0.14663626
637799795	0.183276371
637799796	0.170172933
637799797	-0.245434168
637799798	0.095382928
637799799	-0.120494932
637799800	-0.049152702
637799801	0.278993753
637799802	-0.107216096
637799803	0.195559663
637799804	-0.046754085
637799805	0.385250488
637799806	0.140694795
637799807	-0.093740056
637799808	-0.018909899
637799809	-0.1048509
637799810	-0.050550816
637799811	0.072390194
637799812	-0.465284746
637799813	-0.125393409
637799814	-0.222233669
637799815	0.100118198
637799816	0.092618401
637799817	-0.040744287
637799818	0.044440455
637799819	0.176429394
637799820	-0.016649611
637799821	-0.592448018
637799822	-0.338818189
637799823	-0.176137685
637799824	-0.041392689
637799825	-0.045184321
637799826	0.171065566
637799827	-0.005867422
637799828	-0.372193575
637799829	-0.085552519
637799830	-0.260532533
637799831	-0.090392909
637799832	-0.397942592
637799833	-0.119809471
637799834	-0.408410284
637799835	-0.164040866
637799836	-0.189298758
637799837	0.045067518
637799838	0.178796538
637799839	0.053966242
637799840	-0.083314996
637799841	0.128530049
637799842	-0.181721635
637799843	-0.402215336
637799844	-0.772930171
637799845	0.184071954
637799846	-0.087650637
637799847	0.02824452
637799848	-0.318874524
637799849	0.095332585
637799850	0.068954766
637799851	-0.421551001
637799852	0.050077242
637799853	0.215645415
637799854	0.470138654
637799855	0.453453203
637799856	0.235279164
637799857	-0.126078371
637799858	0.212938223
637799859	0.2387736
637799860	-0.049636387
637799861	-0.122400226
637799862	-0.336321892
637799863	-0.354369686
637799864	-0.102960046
637799865	0.037363951
637799866	-6.58E-05
637799867	-0.088250748
637799868	-0.064046787
637799869	0.109047804
637799870	0.052828857
637799871	-0.850136503
637799872	0.194855162
637799873	0.10566773
637799874	0.106677051
637799875	0.056893276
637799876	-0.117247658
637799877	-0.342264715
637799878	-0.678369546
637799879	0.159910162
637799880	-0.166320011
637799881	0.034289804
637799882	0.223859763
637799883	-0.41171458
637799884	-0.009544237
637799885	-0.067623405
637799886	-0.023159821
637799887	0.13417684
637799888	0.107591473
637799889	0.000134306
637799890	-0.003445027
637799891	-0.185639449
637799892	-0.265385553
637799893	0.016509083
637799894	-0.221016105
637799895	-0.180231668
637799896	0.41909939
637799897	-0.153488555
637799898	-0.371426895
637799899	-0.209344254
637799900	0.061668404
637799901	-0.158369269
637799902	0.097879033
637799903	-0.228002386
637799904	-0.244968975
637799905	-0.092622666
637799906	-0.071764415
637799907	-0.202013205
637799908	-0.093217948
637799909	-0.06702133
637799910	0.091979569
637799911	0.167960601
637799912	0.17286866
637799913	-0.009192941
637799914	0.308679555
637799915	0.090466128
637799916	0.123950534
637799917	0.172198559
637799918	0.131217387
637799919	-0.198625604
637799921	-0.096394126
637799922	-0.032725642
637799923	-0.143064095
637799924	-0.073412133
637799925	0.101105767
637799926	-0.140973688
637799927	-0.058428974
637799928	0.009491604
637799929	-0.151620267
637799930	-0.031917478
637799931	0.024830519
637799932	-0.142382508
637799933	0.01424712
637799934	-0.188391682
637799935	0.108392196
637799936	0.070280825
637799937	0.169091659
637799938	-0.015271728
637799939	-0.344168867
637799940	-0.176851081
637799941	0.212459826
637799942	-0.10893528
637799943	-0.257508365
637799944	0.135147776
637799945	0.119266238
637799946	0.347736892
637799947	0.185842391
637799948	-0.301114698
637799949	0.058259437
637799950	0.022705205
637799951	0.262629924
637799952	0.320847677
637799953	0.297203951
637799954	-0.064380294
637799955	-0.371426123
637799956	-0.277262717
637799957	-0.040438802
637799958	0.047990925
637799959	-0.159960215
637799960	-0.010648163
637799961	-0.009388346
637799962	0.094328958
637799963	-0.304015107
637799964	-0.120833217
637799965	0.122547278
637799966	0.046396826
637799967	-0.553113502
637799968	-0.286411406
637799969	-0.15647128
637799970	-0.063635371
637799971	0.029292461
637799972	-0.116860288
637799973	0.0218519
637799974	0.034824642
637799975	0.08834868
637799976	-0.008321668
637799977	0.084162127
637799978	0.063893647
637799979	-0.261796798
637799980	-0.120805836
637799981	-0.218756273
637799982	0.092074326
637799983	-0.432450887
637799984	-0.305745787
637799985	0.196908625
637799986	-0.026895162
637799987	-0.023045846
637799988	-0.356059318
637799989	-0.338169776
637799990	-0.196479628
637799991	-0.054318645
637799992	-0.215294107
637799993	-0.061100838
637799994	0.00022711
637799995	-0.027308274
637799996	0.015734587
637799997	0.179898378
637799998	0.230559457
637799999	-0.020468687
637800000	-0.553930845
637800001	-0.148788953
637800002	-0.21196897
637800003	-0.485070073
637800004	-0.065815789
637800005	-0.476315013
637800006	-0.751687808
637800007	-0.17435707
637800008	-0.294479893
637800009	-0.173282551
637800010	0.320083115
637800011	0.114475493
637800012	-0.038883922
637800013	-0.043135361
637800014	0.115911874
637800015	-0.302157402
637800016	-0.012241924
637800017	0.069800505
637800018	0.043116395
637800019	0.045808036
637800020	-0.349522253
637800021	0.018464557
637800022	0.128062173
637800023	-0.048053973
637800024	-0.095759942
637800025	-0.035189982
637800026	-0.097366642
637800027	-0.180668268
637800028	0.229895381
637800029	0.259319786
637800030	-0.285045484
637800031	-0.168274387
637800032	-0.153632038
637800033	0.122439455
637800034	-0.101568043
637800035	0.183602567
637800037	-0.209657373
637800038	-0.262490924
637800039	-0.044158801
637800040	-0.248107545
637800041	0.094728304
637800042	0.160852229
637800043	0.132885592
637800044	-0.240782564
637800045	-0.736132273
637800046	-0.589107433
637800047	-0.033548941
637800048	0.131269196
637800049	0.073194844
637800052	-0.217771147
637800053	-0.013711193
637800054	0.193835129
637800055	-0.156906678
637800056	-0.007222697
637800057	-0.234874477
637800058	0.025747626
637800059	-0.02034725
637800060	-0.061037341
637800061	-0.216038981
637800062	-0.230073953
637800063	-0.431402415
637800064	-0.059869652
637800065	0.057007154
637800066	-0.770890038
637800067	-0.565847383
637800068	-0.451207707
637800070	-0.094779257
637800071	-0.230733156
637800072	-0.291151236
637800073	-0.6320019
637800074	0.044830692
637800075	0.032212411
637800076	0.090955496
637800077	0.078683528
637800078	-0.071066682
637800079	-0.189213249
637800080	-0.240720804
637800081	-0.090910578
637800082	0.215185304
637800083	-0.323240561
637800084	0.043778039
637800085	0.176098695
637800086	0.260674581
637800087	0.005952895
637800088	0.032208479
637800089	-0.053843628
637800090	-0.163941377
637800091	-0.287271643
637800092	-0.41674975
637800093	-0.677424883
637800094	-0.188908056
637800095	0.018707432
637800096	-0.243816426
637800097	0.067368777
637800098	-0.983703603
637800099	0.046668979
637800101	0.189172665
637800102	0.2050498
637800103	0.024136915
637800104	-0.130814343
637800105	-0.087362743
637800106	-0.370416787
637800107	-0.247954579
637800108	-0.233532293
637800109	0.028060422
637800110	0.109615553
637800111	0.119357272
637800112	-0.03200524
637800113	-0.035129327
637800114	-0.112058401
637800115	0.038506993
637800116	-0.263169085
637800117	-0.023916018
637800118	-0.774643473
637800119	-0.520583464
637800120	-0.03307207
637800121	-0.148858243
637800122	-0.064769365
637800123	-0.248545496
637800124	-0.855665963
637800125	-0.075601148
637800126	0.231615626
637800127	0.007973993
637800128	0.06501821
637800129	0.174382304
637800130	0.093369568
637800131	0.06275656
637800132	-0.154608274
637800133	0.144589425
637800134	-0.203246198
637800135	0.061040017
637800136	7.09E-02
637800137	-0.178810222
637800138	0.163128445
637800139	-0.034061239
637800140	0.195814622
637800141	-0.120840128
637800142	0.161266327
637800143	0.626382172
637800144	-0.005472688
637800145	-0.180219987
637800146	0.168338258
637800147	-0.013183037
637800148	0.110603046
637800149	0.024568652
637800150	-0.196775115
637800151	-0.415506296
637800152	0.308147508
637800153	-0.196195425
637800154	-0.086552785
637800156	0.120509984
637800157	-0.062567949
637800158	-0.145363207
637800159	0.153514811
637800160	0.040307791
637800161	0.019135721
637800162	0.002142709
637800163	-0.040273187
637800164	-0.149112308
637800165	0.069869747
637800166	0.293407378
637800167	-0.136861257
637800168	0.287492938
637800169	0.045241286
637800170	0.029060301
637800171	0.117484248
637800172	-0.079510861
637800173	-0.079068745
637800174	-0.255652888
637800175	-0.254882245
637800176	-0.05649841
637800177	-0.106009338
637800178	-0.083367069
637800179	-0.029328197
637800180	-0.123223811
637800181	0.032666755
637800182	-0.332117845
637800183	-0.058775422
637800184	-0.039421044
637800185	-0.136684605
637800186	0.147108114
637800187	-0.192857852
637800188	-0.08339804
637800189	-0.310501742
637800190	-0.205833747
637800191	-0.128391645
637800192	0.379574805
637800194	-0.021930299
637800195	-0.086635184
637800197	-0.129292226
637800198	-0.35494613
637800199	-0.156736657
637800200	-0.190636707
637800201	0.040786872
637800202	-0.219022488
637800203	0.071599175
637800204	-0.117878335
637800205	-0.001117852
637800206	0.10276881
637800207	-0.082392226
637800208	-0.218595316
637800209	-0.26261314
637800210	-0.121244437
637800211	-0.056031354
637800212	-0.025268311
637800213	0.073067965
637800214	-0.110271363
637800215	0.325413917
637800216	0.079437498
637800217	-0.205196168
637800218	-0.214672165
637800219	-0.210446205
637800220	-0.020814912
637800221	0.012557363
637800222	-0.073768134
637800223	0.114793787
637800224	-0.12624257
637800225	-0.770594349
637800226	0.084265192
637800227	0.154253133
637800228	0.137864543
637800229	0.020706693
637800230	0.147528759
637800231	0.089483657
637800232	-0.027002071
637800233	-0.219904787
637800234	-0.118510592
637800235	0.029753263
637800236	-0.020200606
637800237	0.082418153
637800238	-0.244047853
637800239	0.061898413
637800240	0.005178956
637800241	-0.442041544
637800242	0.056719086
637800243	-0.196550894
637800244	-0.313937244
637800245	-0.12156579
637800246	0.034713718
637800247	0.109819109
637800248	0.119578426
637800249	0.140758396
637800250	0.037641351
637800251	0.29396325
637800252	-0.105075853
637800253	-0.176552878
637800254	-0.453874845
637800255	0.006531074
637800256	0.063507465
637800257	-0.153302831
637800258	-0.054241059
637800259	-0.248263537
637800260	0.198408334
637800261	-0.495444432
637800262	-0.251648178
637800263	-0.400995168
637800264	0.148755933
637800265	-0.396159653
637800266	0.035451496
637800267	0.163684504
637800268	-0.309328961
637800269	-0.111433654
637800270	-0.045106295
637800271	-0.181569095
637800272	0.004145854
637800273	-0.229695568
637800274	0.43839584
637800275	0.209636809
637800276	0.06154367
637800277	0.040300277
637800278	-0.458358588
637800279	-0.617651249
637800280	-0.029700085
637800281	-0.134041994
637800282	-0.20116229
637800283	0.002137024
637800284	-0.075639037
637800285	-0.04845407
637800286	-0.274243541
637800287	-0.220076357
637800288	0.065647814
637800289	-0.056147702
637800290	-0.964231457
637800291	0.24027262
637800292	0.019485052
637800293	0.249766717
637800294	0.024241479
637800295	0.131746994
637800296	0.212202176
637800297	0.052838323
637800298	0.015160351
637800299	-0.104375512
637800300	-0.120055664
637800301	0.075650841
637800302	0.129899584
637800303	-0.229040312
637800304	0.010239962
637800305	-0.161621259
637800306	-0.222582462
637800307	0.002082835
637800308	-0.083991068
637800309	0.009370373
637800310	-0.054009282
637800311	0.132544286
637800312	-0.239057637
637800313	-0.127388394
637800314	-0.010504248
637800315	0.106130668
637800316	-0.016421808
637800317	-0.184717801
637800318	0.15875163
637800319	-0.112081247
637800320	-0.175770003
637800321	-0.358523025
637800322	0.088368779
637800323	0.18011026
637800324	-0.036693771
637800325	0.159279328
637800326	0.125014986
637800327	0.03733876
637800328	0.102114807
637800329	-0.159527124
637800330	-0.105230597
637800331	-0.216742671
637800332	-0.20299369
637800333	0.03959737
637800334	-0.389971295
637800335	-0.031330852
637800336	-0.124616232
637800337	-0.026276261
637800338	0.111405004
637800339	-0.070443146
637800340	-0.090629329
637800341	0.154519922
637800342	-0.094528568
637800343	-0.20058245
637800344	-0.318886869
637800345	-0.496737926
637800346	-0.376077285
637800347	-0.094970897
637800348	-0.404704104
637800349	-0.148238451
637800350	0.055975985
637800351	-0.143929486
637800352	0.045709152
637800353	0.078924172
637800354	0.213207672
637800355	0.070671482
637800356	-0.398884113
637800357	-0.015147509
637800358	-0.068142795
637800359	-0.274620742
637800360	-0.335619868
637800361	0.023444818
637800362	0.305723026
637800363	0.195227894
637800364	-0.371113576
637800365	-0.521423365
637800366	0.33001969
637800367	-0.071727644
637800368	0.163251724
637800369	0.004909673
637800370	-0.32355737
637800371	0.202586756
637800372	0.243102383
637800373	0.098998035
637800374	0.08017803
637800375	0.069448969
637800376	-0.118681381
637800377	0.183697169
637800378	-0.037276223
637800379	-0.30779639
637800380	-0.198665515
637800381	0.214570317
637800382	0.234631794
637800383	-0.074692407
637800384	0.144043819
637800385	0.027135351
637800386	-0.052546528
637800387	0.091684711
637800389	-0.052776794
637800390	-0.066312742
637800391	-0.212889554
637800392	-0.615935597
637800393	-0.60554601
637800394	0.150696554
637800395	0.215259013
637800396	0.065924404
637800397	0.349763092
637800398	0.070132112
637800399	0.150727291
637800400	-0.012931867
637800401	-0.038244067
637800402	0.09700884
637800403	-0.14186397
637800404	-0.014430726
637800405	0.030191613
637800406	0.173629721
637800407	-0.147975785
637800408	0.14304209
637800411	0.028872318
637800412	-0.081877108
637800413	0.214049013
637800414	0.107413985
637800415	-0.072520155
637800416	-0.122308681
637800417	-0.094709979
637800418	0.008676758
637800419	-0.053590433
637800420	-0.392015596
637800421	-0.601562718
637800422	-0.172962779
637800423	-0.110636034
637800424	0.137227184
637800425	0.100706419
637800426	0.063395003
637800427	-0.105169425
637800428	0.220740025
637800429	0.190107013
637800430	-0.163050311
637800431	-0.137693478
637800432	-0.289954854
637800433	-0.007611098
637800434	-0.073422224
637800435	0.204884636
637800436	-0.658448811
637800437	-0.037645403
637800438	0.010813516
637800439	-0.202203167
637800440	0.004371759
637800441	-0.109602158
637800442	-0.724910268
637800443	-0.093993091
637800444	-0.13688432
637800445	0.218193614
637800446	-0.199093181
637800447	-0.088036107
637800448	-0.224836423
637800449	-0.227980365
637800450	-0.099681045
637800451	-0.115471035
637800452	-0.06805935
637800453	0.113898165
637800454	0.038988682
637800455	-0.024688702
637800456	-0.03940373
637800457	0.017291935
637800458	0.160553586
637800459	-0.031948202
637800460	-0.352452596
637800461	-0.170394301
637800462	0.010492332
637800463	0.181497806
637800464	-0.074203133
637800465	-0.244148745
637800466	-0.050198479
637800467	-0.121524931
637800468	-0.131132799
637800469	0.096932603
637800470	0.054877959
637800471	-0.159551724
637800472	-0.187219303
637800473	0.173345725
637800474	-0.207020662
637800475	-0.13208663
637800476	0.258417928
637800477	0.241067252
637800478	0.088402103
637800479	0.167284409
637800480	0.037447385
637800481	0.111261437
637800482	-0.138464096
637800483	0.064826264
637800484	-0.176953704
637800485	0.027912577
637800486	0.122618408
637800487	-0.052728304
637800488	-0.032173235
637800489	-0.277417866
637800490	-0.063762895
637800491	-0.622206093
637800492	-0.258101154
637800493	-0.128500804
637800494	-0.483042107
637800495	0.230171919
637800496	0.151337064
637800497	0.067105151
637800498	0.054644241
637800499	0.394717949
637800500	-0.118721356
637800501	-0.200077003
637800502	-0.020713671
637800503	-0.004529763
637800504	-0.130044358
637800505	-0.255728261
637800506	-0.222090181
637800507	0.099799572
637800508	0.167358038
637800509	0.052441854
637800510	-0.149461861
637800511	-0.16691849
637800512	0.033153324
637800513	0.0005887
637800514	-0.456858905
637800515	-0.283469232
637800516	-0.113300705
637800517	-0.165344349
637800518	-0.226184242
637800519	-0.094482217
637800520	0.143471386
637800521	0.076997813
637800522	0.096536917
637800523	-0.076244346
637800524	-0.739477455
637800525	-0.319584709
637800526	-0.055230442
637800527	-0.625129459
637800528	-0.02232575
637800529	0.090497024
637800530	0.054101013
637800531	-0.065265352
637800532	0.072175064
637800533	-0.086201038
637800534	-0.353603692
637800535	0.011347615
637800536	0.103261915
637800537	-0.051405612
637800538	-0.06047924
637800539	0.008390456
637800540	0.146349078
637800541	-0.345972572
637800542	0.054925699
637800543	0.18320709
637800544	-0.052997513
637800545	0.105940175
637800546	0.098910073
637800547	-0.066019649
637800548	-0.122494808
637800549	-0.048387052
637800550	-0.010642136
637800551	0.174369268
637800552	-0.009531595
637800553	-0.021745412
637800554	-0.222187635
637800555	0.069044993
637800556	0.005267316
637800557	-0.227016703
637800558	-0.082781199
637800559	-0.135997545
637800560	-0.224725235
637800561	-0.165234989
637800562	-0.069719975
637800563	-0.268592486
637800564	-0.167986647
637800565	0.034096247
637800566	-0.198922884
637800567	-0.216376606
637800568	0.120005857
637800569	0.06991314
637800570	-0.133018652
637800571	-0.209741892
637800572	-0.233858414
637800573	-0.240430363
637800574	0.143530797
637800575	0.079961242
637800576	0.260162779
637800577	0.204897184
637800578	-0.029127417
637800579	0.075295725
637800580	-0.050200978
637800581	-0.007498255
637800582	-0.265042636
637800583	-0.250633988
637800584	-0.160604191
637800585	0.244742169
637800586	-0.228601927
637800587	-0.025315873
637800588	-0.122948373
637800589	-0.056485694
637800590	0.148093121
637800591	0.116488199
637800592	0.12166711
637800593	0.035271441
637800594	-0.291983652
637800595	-0.253682581
637800596	-0.280934203
637800597	-0.63619124
637800598	-0.072762421
637800599	-0.232743978
637800600	-0.06374156
637800601	0.137453466
637800602	0.230079969
637800603	0.234730433
637800604	0.097006483
637800605	0.119083697
637800606	0.068598815
637800607	-0.070433837
637800608	-0.147409226
637800609	-0.148985347
637800610	-0.08709079
637800611	-0.096606537
637800612	-0.365613631
637800613	-0.026746224
637800614	0.162029327
637800615	-0.235336673
637800616	0.229380665
637800617	-0.157277924
637800618	-0.055162447
637800619	-0.056777148
637800620	-0.121382273
637800621	0.060980588
637800622	0.104490067
637800623	-0.172917494
637800624	-0.013585656
637800625	-0.196069729
637800626	-0.099425539
637800627	0.02130587
637800628	0.029714239
637800629	0.098587927
637800630	0.157606199
637800631	-0.091844027
637800632	-0.12539104
637800633	0.065798947
637800634	0.04995061
637800635	-0.222423669
637800636	-0.085213669
637800637	-0.082145733
637800638	-0.15123417
637800639	0.140884144
637800640	0.059267513
637800641	-0.147469548
637800642	0.143242021
637800643	0.230860966
637800644	-0.347815281
637800645	-0.519338563
637800646	-0.282228209
637800647	-0.338795188
637800648	-0.161408171
637800650	-0.041157986
637800651	-0.062904513
637800652	-0.010076369
637800653	-0.081867678
637800654	-0.048636022
637800655	-0.101261782
637800657	0.091431849
637800658	0.068890163
637800659	0.168088789
637800660	-0.054432679
637800661	-0.025245493
637800662	0.238664464
637800663	0.168986964
637800664	0.230748942
637800665	0.222130958
637800666	0.28025304
637800667	0.03490881
637800668	0.295300565
637800669	0.135274879
637800670	-0.049592878
637800671	0.207116567
637800672	0.341387461
637800673	0.039028326
637800674	-0.058004646
637800675	0.009166934
637800676	-0.332939659
637800677	0.039135836
637800678	0.175905409
637800679	0.106587494
637800680	-0.259946754
637800681	0.123762184
637800682	0.081486189
637800683	0.147667101
637800684	0.066301424
637800685	-0.175080156
637800686	-0.168629227
637800687	-0.034339487
637800688	-0.323073565
637800689	-0.136226494
637800690	-0.162462887
637800691	0.20016994
637800692	0.18157457
637800693	-0.050467773
637800694	0.167277714
637800695	0.024969702
637800696	0.042812659
637800697	-0.033430857
637800698	-0.119770966
637800699	0.215838744
637800700	-0.26849122
637800701	-0.556531158
637800702	0.153164709
637800703	-0.035606843
637800704	-0.2701824
637800705	-0.238888045
637800706	-0.136343664
637800707	0.080348058
637800708	-0.022066785
637800709	0.14036026
637800710	-0.03553703
637800711	0.060892455
637800712	-0.083106751
637800713	0.028897843
637800714	-0.460928203
637800715	0.093748326
637800716	0.041981237
637800717	-0.133301379
637800718	0.053852759
637800719	-0.275749807
637800720	-0.162564142
637800721	0.109849353
637800722	-0.10374025
637800723	-0.160513998
637800724	0.174551481
637800725	-0.118617837
637800726	-0.18082563
637800727	0.059332501
637800728	0.115041326
637800729	0.002002169
637800730	-0.016855864
637800731	-0.065778393
637800732	0.020222822
637800733	-0.04954111
637800734	0.034085637
637800735	0.001158299
637800736	-0.01411051
637800737	-0.309814104
637800738	-0.058588306
637800740	0.030502428
637800741	-0.060425283
637800742	-0.11998067
637800743	-0.237250657
637800744	-0.155995216
637800745	-0.461847141
637800746	-0.167983337
637800747	0.269122458
637800748	-0.024810507
637800749	-0.638466856
637800750	0.200648183
637800751	-0.187142608
637800752	-0.012722938
637800753	-0.094678758
637800754	-0.655142031
637800755	-0.738499152
637800756	-0.359162351
637800757	0.047906477
637800758	0.138284252
637800759	0.010702391
637800760	-0.077334621
637800761	-0.248744642
637800762	-0.386235848
637800763	0.311470123
637800764	0.228193672
637800765	-0.37414452
637800766	-0.328364907
637800767	-0.265694438
637800768	-0.050104782
637800769	-0.514527545
637800770	-0.541135186
637800771	-0.352121187
637800772	-0.377277744
637800773	0.061700372
637800774	-0.518706448
637800775	0.230775286
637800776	0.068287757
637800777	-0.119102286
637800778	-0.149943589
637800779	-0.373413162
637800780	-0.187106946
637800781	-0.544122776
637800782	-0.71432869
637800783	-0.403669586
637800784	-0.309276907
637800785	-0.097381934
637800786	-0.245280746
637800787	-0.202455442
637800788	-0.055273721
637800789	0.132584823
637800790	0.125820117
637800791	-0.029176888
637800792	-0.111545125
637800793	0.153203199
637800794	-0.087196091
637800795	0.234538416
637800796	-0.1217158
637800797	-0.354420844
637800798	0.015486453
637800799	0.032690851
637800800	-0.154206611
637800801	0.008965263
637800802	-0.324725921
637800803	-0.097734254
637800804	0.258393359
637800805	0.094092714
637800806	-0.05909016
637800807	-0.350589458
637800808	0.048115188
637800809	0.035408257
637800810	0.147726501
637800811	0.060907177
637800812	0.177181491
637800813	0.053679802
637800814	-0.213041633
637800815	0.01691027
637800816	-0.207568061
637800817	-0.416211034
637800818	-0.133623992
637800819	0.25919634
637800820	0.148365418
637800821	-0.127965881
637800822	-0.196058237
637800823	0.176116786
637800824	-0.154480116
637800825	0.014307362
637800826	-0.198285301
637800827	-0.114839886
637800828	-0.375212193
637800829	-0.082071842
637800830	-0.213413885
637800831	0.002168696
637800832	-0.198320346
637800833	-0.287067877
637800834	-0.145751946
637800835	-0.320578446
637800836	-0.75109343
637800837	0.08483677
637800838	-0.076799684
637800839	-0.308707309
637800840	-0.163097371
637800841	-0.014715033
637800842	0.070841573
637800843	-0.137941436
637800844	-0.050358737
637800845	0.039075913
637800846	0.099712292
637800847	-0.106965357
637800848	0.281622422
637800849	-0.517073234
637800850	0.121198636
637800851	-0.04677173
637800852	-0.23872233
637800853	0.050790228
637800854	-0.136912674
637800855	-0.076039762
637800856	0.217365287
637800857	0.134995347
637800858	0.119782329
637800859	-0.014263376
637800860	0.003591781
637800861	0.097116978
637800862	0.001300281
637800863	-0.040606493
637800864	0.040384832
637800865	-0.104773386
637800866	0.009811796
637800867	-0.080124652
637800868	-0.26644912
637800869	-0.118937915
637800870	0.107541821
637800871	-0.110807515
637800872	-0.237473718
637800873	0.293528772
637800874	0.403385917
637800875	-0.046900321
637800876	-0.226492741
637800877	0.144326513
637800878	-0.12184694
637800879	0.111399815
637800880	-0.28843886
637800881	-0.277870373
637800882	-0.231820602
637800883	0.151804707
637800884	0.041500946
637800885	0.033167504
637800886	0.189280438
637800887	-0.253830777
637800888	-0.414831586
637800889	0.131399619
637800890	0.153217414
637800891	-0.088392563
637800892	0.010881071
637800893	0.070916333
637800894	-0.177896701
637800895	0.052179817
637800896	-0.085955572
637800897	-0.4250473
637800898	-0.154232355
637800899	-0.227816247
637800900	-0.096912952
637800901	-0.233709318
637800902	-0.091795777
637800903	0.002992921
637800905	-0.042270721
637800906	-0.097844763
637800907	-0.183770348
637800908	-0.060081374
637800909	-0.182067944
637800910	-0.557114194
637800911	-0.070044448
637800912	-0.005120434
637800913	-0.073482641
637800914	-0.080985632
637800915	0.043107946
637800916	0.1136297
637800917	-0.206601722
637800918	0.043253592
637800919	0.062225517
637800920	-0.220570785
637800921	-0.085380653
637800922	-0.28813518
637800923	-0.060314662
637800924	0.088110969
637800925	-0.078912182
637800926	-0.20987557
637800927	-0.332445585
637800928	0.099006039
637800929	-0.496752201
637800930	-0.607124624
637800931	-0.438597198
637800932	-0.245601387
637800933	-0.367272574
637800934	-0.509107649
637800935	-0.505612119
637800936	-0.506642839
637800937	0.132480049
637800938	-0.008639988
637800939	0.071535893
637800940	0.255211288
637800941	0.067581982
637800942	0.031692462
637800943	0.082360409
637800944	0.154178226
637800945	-0.012393399
637800946	-0.292971588
637800947	-0.517533928
637800948	-0.327286283
637800949	-0.364381125
637800950	-0.466491593
637800951	0.239325573
637800952	0.10773677
637800953	0.278830015
637800954	-0.122532578
637800955	-0.388169314
637800956	-0.347967421
637800957	-0.225784278
637800958	-0.046773458
637800959	0.178261043
637800960	0.075966781
637800961	0.055069744
637800962	0.030994707
637800963	0.167667199
637800964	0.009077444
637800965	0.061114782
637800966	-0.055336832
637800967	-0.124033723
637800968	-0.136099387
637800969	0.066964638
637800970	0.075818444
637800971	0.204501552
637800972	0.019783821
637800973	-0.139044049
637800974	-0.346788594
637800975	-0.243155997
637800976	0.107113776
637800978	-0.100573936
637800979	-0.532432372
637800980	0.057373367
637800981	-0.007076968
637800982	-0.118317361
637800983	-0.073791598
637800984	-0.056813215
637800985	-0.10424575
637800986	0.094936078
637800987	-0.057023779
637800988	-0.371957552
637800989	0.176102874
637800990	-0.009964754
637800991	-0.00074314
637800992	0.011884643
637800993	-0.061482568
637800994	0.043805847
637800995	0.101720109
637800996	-0.049714012
637800997	-0.128119716
637800998	-0.157454112
637800999	-0.002580389
637801000	0.046892932
637801001	-0.065376296
637801002	-0.156250459
637801003	-0.24256895
637801004	-0.423123197
637801005	-0.072893738
637801006	-0.388284007
637801007	-0.446210063
637801008	-0.243528947
637801009	0.232388726
637801010	0.02593503
637801011	-0.431729926
637801012	-0.058589541
637801013	-0.024936554
637801014	0.121339808
637801015	0.352542276
637801016	-0.161938442
637801017	-0.00405643
637801018	0.030808404
637801019	-0.115338495
637801020	0.128638546
637801021	0.059970402
637801022	0.022115312
637801023	0.001144681
637801024	-0.163342654
637801025	0.166165939
637801029	-0.122589881
637801030	-0.156330675
637801031	0.031849361
637801032	0.103022692
637801033	0.279546308
637801034	0.062895084
637801035	0.176230631
637801036	0.021683007
637801037	0.084982707
637801038	0.100319007
637801040	0.256938996
637801041	0.021800123
637801042	0.094080863
637801043	0.070563216
637801044	-1.08898932
637801045	-1.049862805
637801046	0.166453692
637801047	-0.509106709
637801048	-0.146617733
637801049	0.044721614
637801050	-0.199451958
637801051	0.166446739
637801052	-0.0115179
637801053	-0.142145608
637801054	0.141113674
637801055	-0.418232995
637801056	-0.534798021
637801057	-0.370158491
637801058	-0.292530577
637801059	-0.450469739
637801060	-0.15249029
637801061	0.045711073
637801062	-0.189148384
637801063	-0.460499252
637801064	0.238163371
637801065	0.110223437
637801066	0.029702488
637801067	0.076091457
640711016	-0.605175819
640711017	-0.234841797
640711018	-0.459607988
640711019	0.094138372
640711020	-0.36499646
640711021	-0.432285928
640711022	-0.208906828
640711023	-0.629946878
640711024	0
640711025	0
640711026	0
640711027	0
640711028	0
640711029	-0.495620127
640711030	0.246450588
640711031	-1.115284692
640711032	-1.0153027
640711033	-0.50812116
640711034	-0.326667303
640711035	-0.407675477
640711036	-0.416626447
640711037	0.261155058
640711038	0.245399886
640711039	-0.166021554
640711040	-0.211468325
640711041	0.021751324
640711042	-0.541952955
640711043	-0.428872071
640711044	-0.101099391
640711045	0.4683081
640711046	-0.25834877
640711047	-0.279116411
640711048	0.029702718
640711049	-0.636029355
640711050	-0.566099903
640711051	-0.175915181
640711052	0.119619699
640711053	-0.312275044
640711054	0.076024097
640711055	-0.362754685
640711056	0.050777022
640711057	-0.507807995
640711058	-0.145242096
640711059	-0.585433363
640711060	0.099262205
640711061	-1.418670424
640711062	-0.003342619
640711063	0.43574815
640711064	-0.393866175
640711065	-0.222555649
640711066	0.689762994
640711067	-0.164382948
640711068	-0.247745412
637798356	0.033015308
637798357	0.29595824
637798358	0.211598798
637798359	0.151426715
637798360	-0.206965892
637798361	0.229983345
637798362	-0.126648958
637798363	-0.081678554
637798364	-0.104147564
637798365	0.169645292
637798366	-0.236985124
637798367	-0.074098104
637798368	0.187421709
637798369	0.014174448
637798370	-0.170478822
637798371	-0.107809164
637798372	0.071817626
637798373	0.022246813
637798374	-0.109100085
637798375	-0.104259268
637798376	-0.203849271
637798377	0.008367347
637798378	-0.231436942
637798379	-0.035341932
637798380	-0.178842465
637798381	0.1537109
637798382	-0.637517069
637798383	-0.446723821
637798384	-0.171470358
637798385	0.215786829
637798386	0.01673316
637798387	-0.13412997
637798388	0.375431095
637798389	0.180349326
637798390	0.157694784
637798391	0.177156643
637798392	0.24168815
637798393	-0.013029868
637798394	0.218644562
637798395	-0.158098871
637798396	0.055803147
637798397	0.265620636
637798398	-0.047149956
637798399	0.020360838
637798400	-0.272293694
637798401	-0.185585232
637798402	0.482392764
637798403	0.197036103
637798404	-0.121745032
637798405	0.121491853
pANS_predictedORF_1	-0.068734224
pANS_predictedORF_2	0.3809012
pANS_predictedORF_3	-0.371681774
pANS_predictedORF_4	-0.428789657
pANS_predictedORF_5	0.0234312
pANS_predictedORF_6	0.177387002
pANS_predictedORF_7	-0.267345926
pANS_predictedORF_8	-0.068734224
