Reporter Identifier	VALUE
637798406	-0.125503211
637798407	-0.228898444
637798408	0.224701538
637798409	0.421942144
637798410	-0.335303292
637798411	-0.149862062
637798412	0.132269523
637798413	-0.067143632
637798414	0.306602497
637798415	-0.21129826
637798416	-0.377021441
637798417	-0.297041018
637798418	-0.213126242
637798419	-0.29609694
637798420	-0.061418773
637798421	0.001727034
637798422	-0.005222166
637798423	-0.05789994
637798424	-0.653073959
637798425	-0.132921672
637798426	0.013658023
637798427	0.241443735
637798428	0.151350705
637798429	0.066617617
637798430	0.105925677
637798431	0.20672534
637798432	0.001699224
637798433	0.417111071
637798434	-0.06660896
637798435	0.066487363
637798436	0.139116397
637798437	-0.400066612
637798438	-0.573369074
637798439	-0.109471171
637798440	-0.308505391
637798441	-0.158391827
637798442	0.186632805
637798443	-0.027901585
637798444	-0.872487756
637798445	-0.271496835
637798446	-0.183860946
637798448	-0.335155223
637798449	0.048634895
637798450	0.268581052
637798451	-0.23486687
637798452	-0.053559891
637798453	0.036977678
637798454	-0.379252661
637798455	-0.331494906
637798456	-0.195917946
637798457	0.13173937
637798458	0.146212662
637798459	0.0413004
637798460	0.076219074
637798461	-0.107816786
637798462	0.256051765
637798463	-0.026456532
637798464	0.069715835
637798465	-0.119148735
637798466	-0.157043324
637798467	-0.154649544
637798468	-0.121727207
637798469	0.148585244
637798470	0.054385012
637798471	-0.259839626
637798472	0.159372454
637798473	0.031128405
637798474	0.280520256
637798475	-0.4733448
637798476	0.187607155
637798477	0.17530518
637798478	0.099913821
637798479	-0.264276177
637798480	-0.002459667
637798481	-0.190195223
637798482	-0.217943488
637798483	-0.10803795
637798484	-0.193414406
637798485	-0.19393827
637798486	0.232151511
637798487	-0.118150356
637798488	0.2554559
637798489	0.043873697
637798490	-0.013847107
637798491	-0.53106935
637798492	-0.595753562
637798493	-0.092587407
637798494	0.047513789
637798495	0.080010106
637798496	0.171454126
637798497	0.059359834
637798498	-0.028752638
637798499	0.187281933
637798500	0.019646775
637798501	-0.446305619
637798502	-0.539684585
637798503	-0.055072473
637798504	-0.272163736
637798505	-0.309400338
637798506	-0.874928103
637798507	-0.065973622
637798508	-0.21103941
637798509	-0.127899849
637798510	0.228342404
637798511	0.155854307
637798512	0.065160666
637798513	0.022028295
637798514	-0.060549266
637798515	-0.529720506
637798516	-0.020208178
637798517	0.010195624
637798518	0.161760247
637798519	0.055523908
637798520	-0.053383523
637798521	-0.201105375
637798522	0.040372406
637798523	0.20856238
637798524	0.014656564
637798525	0.254868436
637798526	0.151047695
637798527	-0.155287649
637798528	0.162610998
637798529	-0.068204864
637798530	-0.027810603
637798531	-0.214160219
637798532	-0.022618032
637798533	0.20307036
637798534	-0.126908195
637798535	0.008428827
637798536	-0.483289761
637798537	0.004575495
637798538	-0.124896476
637798539	0.054611854
637798540	0.047908448
637798541	-0.018930439
637798542	-0.132953885
637798543	-0.142825228
637798544	-0.150041252
637798545	-0.222229849
637798546	-0.061990972
637798547	-0.029277561
637798548	0.124153125
637798549	-0.292395425
637798550	0.226308266
637798551	0.410704398
637798552	0.066069378
637798553	-0.243277798
637798554	-0.191302995
637798555	0.136462928
637798556	-0.008924682
637798557	0.157289682
637798558	-0.044008736
637798559	0.162945303
637798560	0.064049717
637798561	0.126414894
637798562	-0.017569814
637798563	-0.956843061
637798564	-0.053140029
637798565	0.004732731
637798566	-0.091196034
637798567	0.181488519
637798568	-0.270023123
637798569	-0.135581462
637798570	-0.39417821
637798571	-0.22691549
637798572	-0.169520075
637798573	0.352213694
637798574	-0.057180475
637798575	-0.228340347
637798576	-0.221720056
637798577	0.017595458
637798578	-0.114140032
637798579	0.035742027
637798580	0.020349072
637798581	0.0218614
637798582	-0.370390645
637798583	0.317760445
637798584	0.20158517
637798585	0.1983768
637798586	-0.065039752
637798587	-0.189209443
637798588	-0.114766605
637798589	-0.087643991
637798590	-0.017450817
637798591	0.09494942
637798592	-0.122875872
637798593	0.143213846
637798594	0.092415983
637798595	0.08708474
637798596	-0.021634675
637798597	0.484454311
637798598	-0.275083237
637798599	-0.288155947
637798600	0.131859195
637798601	-0.434024281
637798602	0.192534057
637798603	0.023119257
637798604	-0.581851319
637798605	-0.478981482
637798606	-0.662664067
637798607	-0.38741883
637798608	-0.563931117
637798609	0.503759476
637798610	-0.017838656
637798611	-0.085812297
637798612	-0.020238549
637798613	-0.188611555
637798614	-0.063244331
637798615	-0.105138531
637798616	-0.087240179
637798617	-0.135044763
637798618	-0.099856872
637798619	-0.233201514
637798620	-0.059308147
637798621	-0.743272256
637798622	0.069656746
637798623	-0.108641428
637798624	0.197482109
637798625	-0.134966679
637798626	-0.015748508
637798627	0.106302668
637798628	0.135074016
637798629	-0.062026305
637798630	-0.189797275
637798631	-0.078285092
637798632	-0.2339289
637798633	0.254194536
637798634	-0.032163652
637798635	0.030208656
637798636	-0.25616447
637798637	0.031902886
637798638	0.158804249
637798639	0.017942518
637798640	0.045203206
637798641	0.18152473
637798642	-0.338754939
637798643	-0.173042156
637798644	0.160990916
637798645	0.241357482
637798646	-0.146269956
637798647	0.236239908
637798648	-0.166034429
637798649	-0.719007649
637798650	-1.202287836
637798651	-1.29634854
637798652	0.196071915
637798653	0.012595739
637798654	0.044015678
637798655	-0.081672665
637798656	-0.038896388
637798657	0.146697761
637798658	-0.583833867
637798659	-0.546066876
637798660	0.143487939
637798661	-0.143898032
637798662	-0.277884827
637798663	0.044729763
637798664	0.016511574
637798665	0.292608958
637798666	-0.137881243
637798667	0.058516184
637798668	-0.255729073
637798669	-0.169640283
637798670	0.069173691
637798671	0.015369925
637798672	0.000684509
637798673	-0.323940093
637798674	0.141787355
637798675	-0.46725356
637798676	0.23897844
637798677	0.301277428
637798678	0.124817739
637798679	0.089624996
637798680	0.196453977
637798681	0.198851247
637798682	-0.063833778
637798683	0.07417259
637798684	-0.626693013
637798685	-0.36501986
637798686	-0.136580156
637798687	-0.071508397
637798688	-0.209699579
637798689	-0.002393912
637798690	0.26054555
637798691	0.179454244
637798692	-0.095127297
637798693	0.059431768
637798694	0.46884761
637798695	-0.056108131
637798696	-0.061580282
637798697	-0.521159119
637798698	-0.018042824
637798699	0.065769633
637798700	0.13532561
637798701	0.389412233
637798702	0.327300598
637798703	-0.039815307
637798704	-0.064695818
637798705	0.011820498
637798706	0.042878451
637798707	0.032116736
637798708	-0.660386778
637798709	-0.131507885
637798710	-1.337870791
637798711	-0.533304846
637798712	-0.045026774
637798713	-0.252235297
637798714	-0.373898839
637798715	-0.232980796
637798716	0.143264358
637798717	-0.181951162
637798718	-0.61781845
637798719	0.152043846
637798720	0.003382246
637798721	-0.027966004
637798722	-0.811107838
637798723	-0.228095125
637798724	0.104083575
637798725	0.053633259
637798726	0.139908546
637798727	0.097164447
637798728	0.090045013
637798729	0.082884077
637798730	-0.001027133
637798731	0.12845619
637798732	0.067242479
637798733	0.117450392
637798734	0.054268283
637798735	0.150885068
637798736	0.128983867
637798737	0.430173805
637798738	0.452159871
637798739	0.598670011
637798740	0.607871528
637798741	0.260579827
637798742	0.469567993
637798743	0.391253912
637798744	0.090361404
637798745	0.275255792
637798746	-0.071892069
637798747	-0.061640725
637798748	-0.433888427
637798749	-0.267666254
637798750	-0.307452356
637798751	0.164285361
637798752	0.054737501
637798753	-0.329551944
637798754	-0.216699446
637798755	0.017440354
637798756	-0.114046248
637798757	0.277968643
637798758	-0.073472288
637798759	-0.217746997
637798760	0.135684217
637798761	-0.387673534
637798762	-0.157333405
637798763	0.083172679
637798764	0.133825053
637798765	0.201319176
637798766	-0.101352943
637798767	-0.129379561
637798768	0.2271748
637798769	0.23128116
637798770	0.103891769
637798771	-0.350972255
637798772	-0.134737093
637798773	0.102530056
637798774	-0.147122141
637798775	-0.709585511
637798776	-0.661585491
637798777	-0.338590331
637798778	-0.076838196
637798779	-0.051515337
637798780	0.354341994
637798781	0.060770516
637798782	0.42718181
637798783	-0.19571911
637798784	-0.451569992
637798785	-0.270350708
637798786	-0.250336884
637798787	-0.406891338
637798788	-0.380057791
637798789	-0.82346632
637798790	-0.161403306
637798791	-0.015616194
637798792	0.020418466
637798793	-0.05620209
637798794	0.082626424
637798795	-0.157410307
637798796	-0.202885315
637798797	-0.784061956
637798798	0.108657415
637798799	0.120382671
637798800	-0.286935237
637798801	-0.146606126
637798802	0.236166983
637798803	0.225713068
637798804	-0.022459088
637798805	0.311066959
637798806	-0.000497337
637798807	-0.294940625
637798808	-0.028540968
637798809	-0.159675086
637798810	-0.286151388
637798811	0.102730082
637798812	0.112876731
637798813	-0.322873698
637798814	0.004699855
637798815	0.079921163
637798816	0.003074816
637798817	0.425467835
637798818	0.057236825
637798819	-0.074947288
637798820	0.04148308
637798821	-0.224888435
637798822	-0.481770631
637798823	-0.213114414
637798824	-0.452984553
637798825	-0.15583175
637798826	-0.257064084
637798827	-0.481115898
637798828	-0.754214529
637798829	-0.658165313
637798830	-0.155071115
637798831	0.101880579
637798832	-0.033099834
637798833	0.14990915
637798834	0.157438915
637798835	-0.294045271
637798836	-0.097007885
637798837	-0.071652824
637798838	0.062935079
637798839	-0.239477718
637798840	-0.095981388
637798841	0.017668119
637798842	0.015757072
637798843	0.057402752
637798844	0.277277508
637798845	0.299185453
637798846	-0.03873068
637798847	0.066522769
637798848	0.149460244
637798849	-0.033843922
637798850	0.01624772
637798851	0.172923486
637798852	0.007973767
637798853	0.106346855
637798854	-0.003942315
637798855	0.181612256
637798856	-0.284771229
637798857	-0.086136046
637798858	0.011665967
637798860	0.146941606
637798861	-0.07402637
637798862	0.140263639
637798863	0.14732486
637798864	-0.217047158
637798865	-0.151283581
637798866	0.232967059
637798867	-0.040294811
637798868	-0.253062156
637798869	-0.095665141
637798870	0.065104162
637798871	-0.037641185
637798872	-0.157205279
637798873	0.471391511
637798874	0.047026413
637798875	-0.204273571
637798876	0.333522124
637798877	-0.178156709
637798878	0.073170019
637798879	-0.018994716
637798880	0.359411201
637798881	-0.168756233
637798882	0.10545168
637798883	-0.536904791
637798884	-0.277713688
637798885	0.218477821
637798886	0.09788086
637798887	-0.450830129
637798888	-0.388015734
637798889	-0.031832175
637798890	0.159966235
637798891	0.405908464
637798892	0.377802534
637798893	0.159500372
637798894	-0.31859419
637798895	-0.144151074
637798896	0.236900125
637798897	-0.094158484
637798898	-0.720255211
637798899	0.051343586
637798900	-0.446330705
637798901	-0.07859594
637798902	-0.374399391
637798903	0.158426701
637798904	0.261191797
637798905	-0.266029118
637798906	-0.742401063
637798907	-0.245909908
637798908	-0.042802164
637798909	0.316891112
637798910	0.03211366
637798911	0.139244683
637798912	0.412831712
637798913	0.118424898
637798914	0.220546081
637798915	0.305846276
637798916	-0.178086078
637798917	0.132636481
637798918	0.02241023
637798919	0.019291852
637798920	-0.161922178
637798921	-0.290479601
637798922	-0.042371273
637798923	0.231309571
637798924	0.163744077
637798926	0.064964889
637798927	0.091397089
637798928	0.341053211
637798929	0.272902144
637798930	-0.127343636
637798931	0.053996881
637798932	-0.380228996
637798933	0.034556152
637798934	0.056323457
637798935	-0.816570109
637798936	-0.153503656
637798937	-0.205706336
637798938	0.326850874
637798939	-0.128979851
637798940	0.168945057
637798941	0.226585496
637798942	-0.109620052
637798943	-0.25639345
637798944	0.066620258
637798945	0.047729881
637798946	-0.134264453
637798947	0.06184889
637798948	-0.111227472
637798949	0.187955103
637798950	-0.071935892
637798951	-0.110257297
637798952	0.273082097
637798953	0.210227512
637798954	-0.302890473
637798955	0.030593604
637798956	0.042669383
637798957	-0.178890988
637798958	0.014999743
637798959	-0.565043
637798960	0.365874148
637798961	0.1747982
637798962	0.33843474
637798963	0.001824883
637798964	-1.198047261
637798965	-0.486828593
637798966	-0.3374933
637798967	-0.050640849
637798968	-0.204010728
637798969	0.09235027
637798970	-0.086774193
637798971	-0.120728798
637798972	0.04369558
637798973	0.151011784
637798974	0.336136389
637798975	0.078828701
637798976	-0.213821242
637798977	-0.160777126
637798978	-0.011184004
637798979	-0.292572842
637798980	-0.338100725
637798981	-0.796858031
637798982	0.154032313
637798983	-0.24137307
637798984	0.067819851
637798985	-0.15726919
637798986	-0.0561856
637798987	0.018706773
637798988	0.060920501
637798989	-0.667615778
637798990	-0.168486032
637798991	0.269348389
637798992	0.039338078
637798993	0.139664052
637798994	0.029130915
637798998	0.105274851
637798999	0.096250533
637799000	-0.180684902
637799001	-0.129467414
637799002	-0.022718233
637799003	-0.110317634
637799004	-0.01556572
637799005	-0.052959562
637799006	-0.521474301
637799007	0.109592176
637799008	-0.177651412
637799009	0.00654923
637799010	-1.112921347
637799011	-0.003909762
637799012	-0.110426126
637799013	0.116410876
637799014	-0.007891406
637799015	-0.092565228
637799016	0.100760745
637799017	0.043615052
637799018	-0.343270547
637799019	0.04004556
637799020	0.187574375
637799021	0.250645442
637799022	0.198973184
637799023	0.245375942
637799024	0.089703367
637799025	0.233637784
637799026	-0.024635964
637799027	0.06924807
637799028	-0.164147112
637799029	-0.052380309
637799030	-0.007068885
637799031	-0.024752702
637799032	0.034666455
637799033	-0.038711983
637799035	-0.027710028
637799036	0.158592656
637799037	-0.136562483
637799038	-0.049177983
637799039	0.057858246
637799040	-0.065126989
637799041	0.328773764
637799042	0.05358936
637799043	-0.111049028
637799044	-0.141113036
637799045	-0.211639182
637799046	-0.296359931
637799047	0.065674176
637799048	-0.232468324
637799049	0.093548285
637799050	0.080886467
637799051	0.731001747
637799052	0.073189134
637799053	-0.069854038
637799054	0.057902616
637799055	-0.069480393
637799056	-0.643630403
637799057	-0.314119489
637799058	-0.053298281
637799059	-0.592285081
637799060	-0.6235895
637799061	-0.255091345
637799062	0.06411793
637799063	-0.096293265
637799064	0.23667365
637799065	-0.075426167
637799066	-0.036879368
637799067	-0.024288169
637799068	0.147650112
637799069	0.075559524
637799070	-0.282329613
637799071	-0.077560061
637799072	0.123160557
637799073	0.133331586
637799074	-0.614566773
637799075	-0.139725597
637799076	0.021119333
637799077	0.087648343
637799078	-0.119348375
637799079	-0.41575898
637799080	-0.768211822
637799081	0.111453312
637799082	-0.183160411
637799083	-0.208611659
637799084	-0.249367267
637799085	0.111360411
637799086	0.303131123
637799087	-0.066980804
637799088	0.042678552
637799089	-0.631386322
637799090	-0.026574855
637799091	-0.049172948
637799092	-0.762304039
637799093	0.097792258
637799094	-0.038656917
637799095	-0.089742527
637799096	-0.154133282
637799097	-0.473846315
637799098	-0.556981941
637799099	-0.376604707
637799100	-0.366183523
637799101	0.171893956
637799102	-0.171042634
637799103	0.050594222
637799104	-0.084371802
637799105	0.05820874
637799106	-0.271700134
637799107	-0.211308065
637799108	0.284496341
637799109	0.360697236
637799110	0.170940934
637799111	-0.026474426
637799112	-0.150869933
637799113	-0.306126426
637799114	-0.214626083
637799115	-0.79201784
637799116	-0.605784024
637799117	-0.520685628
637799118	0.855196084
637799119	-0.125644161
637799121	0.027443601
637799122	-0.399595301
637799123	0.073444838
637799124	0.225214023
637799125	-0.145517204
637799126	0.11619305
637799127	-0.082671844
637799128	0.189051894
637799129	0.122880815
637799130	0.086150567
637799131	-0.003666506
637799132	0.033625714
637799133	-0.171098041
637799134	0.152395616
637799135	-0.118451692
637799136	-0.162057741
637799137	0.024520222
637799138	0.005446902
637799139	0.137789785
637799140	-0.268535835
637799141	-0.194197045
637799142	0.234085712
637799143	-0.047094696
637799144	0.22977454
637799146	-0.08794977
637799147	-0.166584318
637799148	-0.016015361
637799149	0.012159017
637799150	0.053780555
637799151	0.166468638
637799152	0.065578585
637799153	-0.003537809
637799154	0.073727244
637799155	0.095341369
637799157	-0.265735089
637799158	-0.310714673
637799159	-0.062620123
637799160	-0.114834123
637799161	0.017135192
637799162	0.552927854
637799163	0.263943343
637799164	0.012475571
637799165	0.071492406
637799166	0.095125662
637799167	0.194294835
637799168	-0.174428748
637799169	0.064445536
637799170	-0.219828325
637799171	-0.500261506
637799172	-0.062018919
637799173	0.06860129
637799174	-0.09616623
637799175	-0.025649343
637799176	-0.227966697
637799177	-0.166728001
637799178	-0.052910815
637799179	-0.134927574
637799180	-0.09882984
637799181	-0.073049487
637799182	0.040413966
637799184	-0.623847623
637799185	-0.462246135
637799186	-0.389335846
637799187	0.127789175
637799188	0.208860762
637799189	0.060425247
637799190	-0.216857489
637799191	0.069987359
637799192	0.090847066
637799193	-0.055395584
637799194	-0.005769095
637799195	-0.279144764
637799196	-0.203775674
637799197	-0.400296086
637799198	-0.116008787
637799199	-0.003179088
637799200	-0.142240865
637799201	0.152223373
637799202	0.173543793
637799203	-0.058017016
637799204	0.020659422
637799205	-0.120120783
637799206	-0.17412899
637799207	0.057533882
637799208	0.070210678
637799209	-0.142459435
637799210	-0.268103017
637799211	0.024862244
637799212	-0.41864148
637799213	-1.056065565
637799214	-0.100699272
637799215	0.060643563
637799216	0.138061814
637799217	-0.11134705
637799218	-0.021183078
637799220	-0.022444145
637799221	0.056178891
637799222	0.07164268
637799223	0.372701109
637799224	-0.590721047
637799225	0.263752214
637799226	0.102238137
637799227	-0.028869215
637799228	0.237992075
637799229	-0.298989933
637799230	-0.177317062
637799231	-0.1365509
637799232	0.137631792
637799233	0.137538302
637799234	-0.232328207
637799235	0.111195044
637799236	0.145036382
637799237	0.171364726
637799238	0.112647263
637799239	0.088588773
637799240	0.064488393
637799241	0.176300641
637799242	0.06140845
637799243	0.130632851
637799244	-0.181602751
637799245	-0.356931325
637799246	-0.179594971
637799247	0.128569377
637799248	0.132765602
637799249	-0.227471996
637799250	-2.849712825
637799251	0.288267655
637799252	0.025257083
637799253	-0.167867777
637799254	-0.010114155
637799255	0.008327496
637799256	-0.036438892
637799257	0.053763034
637799258	0.14824963
637799259	-0.193770427
637799260	-0.362353201
637799261	-0.111342714
637799262	-0.193781703
637799263	-0.501482361
637799264	0.046849048
637799265	-0.04843887
637799266	0.102294912
637799267	-0.001322709
637799268	0.422687969
637799270	0.221104904
637799271	0.469118852
637799272	0.351930885
637799273	0.40081805
637799274	0.454692381
637799275	0.341953905
637799276	0.402940022
637799277	-0.257960813
637799278	-0.62782881
637799279	0.181861914
637799280	0.194562031
637799281	0.224786723
637799282	0.216848365
637799283	0.160177182
637799284	0.034692785
637799285	-0.29017121
637799286	-0.121962881
637799287	-0.215256664
637799288	-0.052265938
637799289	0.031035901
637799290	0.203338497
637799291	0.078278579
637799292	0.07050705
637799293	0.063340516
637799294	-0.29987779
637799295	-0.232419288
637799296	0.003156695
637799297	0.174888882
637799298	0.008313603
637799299	-0.112738933
637799300	-0.044678246
637799301	-0.233249119
637799302	-0.134430067
637799303	-0.24389038
637799304	0.046963126
637799305	0.692218231
637799307	-0.106608643
637799308	-0.701040317
637799309	-0.097740042
637799310	-0.278124761
637799311	0.399801067
637799312	-0.010490193
637799313	0.012872057
637799314	-0.207561646
637799315	-0.022252565
637799316	-0.014608554
637799317	-0.548167174
637799318	0.316934933
637799319	-0.319521426
637799320	0.17650857
637799321	-0.254460353
637799322	0.299367584
637799323	0.086001973
637799324	-0.021743335
637799325	0.133003449
637799326	-0.2581445
637799327	-0.235296448
637799328	-0.119807892
637799329	0.013697114
637799330	0.059246561
637799331	-0.154914476
637799332	-0.242215206
637799333	-0.374587754
637799334	-0.062082058
637799335	-0.042004772
637799336	0.028277547
637799337	0.084409047
637799338	-0.040898461
637799339	-0.107358364
637799340	0.145736675
637799341	-0.018769969
637799343	0.152868473
637799344	0.351054282
637799345	0.142001005
637799346	0.297238608
637799347	0.150854435
637799348	0.029274012
637799349	0.094273662
637799350	0.102555253
637799351	0.198887839
637799352	0.052008067
637799353	-0.065309307
637799354	-0.197675743
637799355	-0.096950675
637799356	-0.065174482
637799357	0.272242101
637799358	-0.441507562
637799359	0.464497207
637799360	-0.189819865
637799361	0.052475206
637799362	0.030135223
637799363	0.177765053
637799364	0.075795948
637799366	-0.170500795
637799367	-0.161102454
637799368	0.35167627
637799369	-0.126912042
637799370	0.137826801
637799371	-0.260169144
637799372	0.0085911
637799373	0.140866925
637799374	-0.045496849
637799375	-0.111641606
637799376	-0.006289821
637799377	0.034408294
637799378	0.140001073
637799379	0.133276934
637799380	0.282394664
637799381	-0.067182332
637799382	-0.240064087
637799383	-0.220204205
637799384	0.097106987
637799385	-0.103243427
637799386	0.274178879
637799387	-0.175100565
637799388	0.087730103
637799389	0.495704813
637799390	-0.62269878
637799391	0.3733437
637799392	-0.024098915
637799393	-0.174602088
637799394	0.06538584
637799395	-0.145809541
637799396	0.03982799
637799397	0.095570077
637799398	-0.357878187
637799399	-0.020469542
637799400	0.087932053
637799401	-0.243995199
637799402	0.091065717
637799403	-0.190476092
637799404	-0.066018685
637799405	-0.061692296
637799406	-0.330914502
637799407	-0.35812641
637799408	-0.796521653
637799409	0.040543927
637799410	-0.022841614
637799411	-0.036791259
637799412	0.263922358
637799413	0.066701418
637799414	-0.001976679
637799415	0.097508691
637799416	-0.364448339
637799417	0.081768746
637799418	-0.030793526
637799419	0.066220279
637799420	0.159455227
637799422	-0.196126618
637799423	-0.023083323
637799424	-0.040713634
637799425	0.216587345
637799426	0.069576534
637799427	0.041145758
637799428	0.1626243
637799429	0.086763023
637799430	-0.094282031
637799431	-0.030524573
637799432	0.193054987
637799433	0.024849613
637799434	-0.206608636
637799435	-0.139140595
637799436	-0.01881299
637799437	-0.101334238
637799438	0.15249613
637799439	-0.009718036
637799440	0.031425485
637799441	-0.020047791
637799442	0.094836064
637799443	-0.116035489
637799444	0.127027504
637799445	0.092201136
637799448	0.40627197
637799449	-0.267278892
637799450	0.045638569
637799451	-0.09997332
637799452	0.080884288
637799453	-0.246291541
637799454	-0.547304728
637799455	-0.564158796
637799456	-0.128343712
637799457	-0.122935744
637799458	-0.413091778
637799459	-0.049282166
637799460	0.029385515
637799461	0.090278159
637799462	-0.613099497
637799463	0.148623019
637799464	-0.651489774
637799465	0.080801458
637799466	-0.213431048
637799467	-0.075573442
637799468	0.165959001
637799469	0
637799470	0
637799471	0.009503163
637799472	0.043058002
637799473	0.063688754
637799474	-0.057428434
637799475	-0.302053341
637799476	0.071314709
637799477	0.072787418
637799478	-0.180296058
637799479	-0.172760116
637799480	-0.251546908
637799481	-0.545376876
637799482	0.026389075
637799483	-0.300493282
637799484	-0.36941749
637799485	-0.291444031
637799486	-0.364392329
637799489	-0.416017411
637799490	-0.424083315
637799491	-0.054609002
637799492	0.061697194
637799493	-0.087064115
637799494	-0.049698693
637799495	-0.198052399
637799497	0.174209523
637799498	0.177417657
637799499	-0.313340134
637799500	-0.083189591
637799501	-0.062247272
637799502	0.075204386
637799503	-0.278935033
637799504	-0.17631883
637799505	0.366532661
637799506	0.122247366
637799508	-0.076491837
637799509	0.178207158
637799510	0.066865535
637799511	0.176455759
637799512	0.073153664
637799513	-0.07520549
637799514	-0.129972722
637799515	-0.100497098
637799516	0.197515799
637799517	-0.456771442
637799518	-0.065582085
637799519	0.074390282
637799520	-0.484414938
637799521	-0.675046882
637799522	-0.244072966
637799523	-0.098674833
637799524	-0.055889404
637799525	0.246727793
637799526	-0.032988866
637799527	-0.223300817
637799528	-0.001681956
637799529	-0.129443516
637799530	0.017968802
637799531	0.034378628
637799532	0.016264169
637799533	0.037568218
637799534	-0.180776667
637799535	-0.061638654
637799536	-0.572330403
637799537	-0.162639866
637799538	-0.124354444
637799539	-0.118527211
637799540	-0.011389005
637799541	-0.10778272
637799542	-0.180482677
637799543	0.303915774
637799544	-0.007571249
637799545	-0.029953343
637799546	-0.280138387
637799547	-0.120535748
637799548	-0.383786758
637799549	-0.318212492
637799550	-0.272064009
637799551	-0.364557294
637799552	0.088379552
637799553	-0.173370918
637799554	-0.014576228
637799555	0.264291926
637799556	0.058861429
637799557	0.188659332
637799558	0.067646858
637799559	-0.149087744
637799560	-0.238945287
637799561	-0.031128293
637799562	0.085524513
637799563	0.016058804
637799564	0.006834003
637799565	-0.007955213
637799566	-0.173144605
637799567	-0.243977828
637799568	0.088188662
637799569	0.489221942
637799570	0.253981321
637799571	-0.294922456
637799572	-0.444303953
637799573	0.089727287
637799574	-0.531199565
637799575	-0.160110609
637799576	-0.615781753
637799577	0.055501658
637799578	-0.437869126
637799579	-0.270273316
637799580	-0.272377017
637799581	-0.08234297
637799582	-0.867593126
637799583	-0.892103178
637799584	0.004217643
637799585	-0.021423381
637799586	-0.058056267
637799587	-0.141065055
637799588	-0.14492564
637799589	-0.110672441
637799590	-0.977654963
637799591	0.219445019
637799592	-0.093188039
637799594	-0.088854469
637799595	0.011587626
637799596	0.060386139
637799597	0.014301176
637799598	-0.159454265
637799599	0.787918866
637799600	0.008709364
637799601	0.12574029
637799602	-0.017534394
637799603	-0.056215451
637799604	0.072273957
637799605	-0.067233899
637799606	-0.284612903
637799607	-0.185159807
637799608	-0.260340886
637799609	-0.234063634
637799610	0.1060834
637799611	-0.299867217
637799612	-0.407382406
637799613	-0.022879204
637799614	-0.05815541
637799615	-0.108682348
637799616	-0.045486886
637799617	0.192070867
637799618	0.141946758
637799619	0.241575247
637799620	0.076218473
637799621	-0.000635333
637799622	-0.263845229
637799623	-0.023596414
637799624	0.28545265
637799625	0.112271482
637799626	-0.057148185
637799627	-0.083597806
637799628	0.134467996
637799629	0.283820827
637799630	-0.185175874
637799631	-0.128360425
637799632	-0.052699037
637799634	0.316718185
637799635	-0.001458164
637799636	-0.316611809
637799637	-0.193727468
637799638	-0.28518678
637799639	-0.099570649
637799640	-0.202222642
637799641	0.144657458
637799643	-0.149078066
637799644	0.173351863
637799645	-0.889965318
637799646	-1.10502755
637799647	0.17106073
637799648	-0.42163509
637799649	-0.439502486
637799650	-0.072734354
637799651	0.1543309
637799652	0.045086437
637799653	0.057686799
637799654	-0.134576146
637799655	-0.041157183
637799656	-0.689701986
637799657	-0.06830992
637799658	0.037239108
637799659	0.034999868
637799660	-0.083972967
637799661	0.043939612
637799662	-0.062250275
637799663	-0.680791074
637799664	-0.134538027
637799665	-0.174219346
637799666	0.046046863
637799667	-0.158181966
637799668	-0.122090726
637799669	-0.166977684
637799670	0.02981851
637799671	-0.186869239
637799672	0.067409245
637799673	0.431924723
637799674	0.07821335
637799675	0.04696996
637799676	0.083506419
637799677	0.110761633
637799678	-0.220931139
637799679	-0.127891109
637799680	-0.209105993
637799681	0.036885703
637799682	-0.101237481
637799683	-0.06077199
637799684	0.028606514
637799685	-0.024463756
637799687	0.053784014
637799688	0.144138068
637799689	0.026635957
637799690	0.015289433
637799691	0.226666909
637799692	-0.22924512
637799693	0.168351615
637799694	0.04281273
637799695	0.108712611
637799696	0.204636672
637799697	0.08994393
637799698	0.215812325
637799699	0.319006719
637799700	-0.41787781
637799701	0.216659842
637799702	-0.056607402
637799703	-0.120296073
637799704	0.045140091
637799705	-0.192048111
637799706	-0.03658143
637799707	0.083141797
637799708	-0.032203804
637799709	0.108343998
637799710	-0.182364525
637799711	-0.054376344
637799712	-0.011342558
637799713	0.095338106
637799714	-0.129108891
637799715	0.160892114
637799716	0.04341849
637799717	-0.042252448
637799718	-0.138073354
637799719	-0.091484631
637799720	-0.797222608
637799721	-0.009219858
637799722	-0.102033294
637799723	0.40355426
637799724	-0.138706386
637799725	-0.414250507
637799726	-0.077203903
637799727	0.071250408
637799728	0.239592856
637799729	-0.246504069
637799730	-0.010916947
637799731	-0.454337466
637799732	-0.072085159
637799733	0.086568627
637799734	0.224799796
637799735	0.173819462
637799737	0.111422614
637799738	-0.161024696
637799739	0.1799353
637799740	-0.004261472
637799741	0.110877507
637799742	0.018236781
637799743	0.2068682
637799744	0.172341364
637799745	-0.399063418
637799746	-0.063526339
637799747	0.102783391
637799748	-0.345958151
637799749	0.097484524
637799750	0.228253974
637799751	0.023686549
637799752	0.174949311
637799753	-0.210918963
637799754	-0.009095958
637799755	0.012060113
637799756	0.058967119
637799757	-0.00693856
637799758	-0.395553419
637799759	-0.119094315
637799760	0.090607095
637799761	0.228084865
637799762	-0.38045175
637799763	-0.274261503
637799764	-0.116372587
637799765	-0.009507599
637799766	-0.077162515
637799767	-0.478723865
637799768	-0.205487953
637799769	-0.08618972
637799770	0.06632142
637799771	-0.185741065
637799772	0.126245015
637799773	0.067436068
637799774	0.022764366
637799775	-0.214710494
637799776	0.015886222
637799777	-0.210475542
637799778	-0.148291275
637799779	-0.167353867
637799780	0.286375394
637799781	0.038870928
637799782	-0.018352565
637799783	0.024476364
637799784	-0.089721213
637799785	-0.613171318
637799786	0.008366479
637799787	0.137726263
637799788	-0.104743496
637799789	-0.069821497
637799790	0.007928645
637799791	0.184426209
637799793	-0.248019576
637799794	-0.175340255
637799795	0.151202338
637799796	0.318058024
637799797	-0.283444795
637799798	0.041163243
637799799	0.156112976
637799800	0.090885093
637799801	0.042424362
637799802	-0.477507897
637799803	-0.096978408
637799804	-0.044406141
637799805	-0.180514259
637799806	0.007057655
637799807	0.010878699
637799808	0.062464105
637799809	-0.236818381
637799810	0.006520375
637799811	-0.090581889
637799812	-0.398757966
637799813	0.366863235
637799814	-0.156879251
637799815	0.047163633
637799816	0.074790551
637799817	-0.152617762
637799818	0.186412854
637799819	0.145325764
637799820	-0.067391567
637799821	-0.137030708
637799822	0.141696389
637799823	-0.500154791
637799824	-0.11207641
637799825	-0.299028455
637799826	-0.084265875
637799827	-0.123250635
637799828	-0.615224908
637799829	-0.62002795
637799830	0.073385036
637799831	0.19256446
637799832	0.186562921
637799833	0.049137818
637799834	-0.602905178
637799835	-0.136046681
637799836	0.02786695
637799837	0.027402384
637799838	-0.274815849
637799839	-0.231127635
637799840	0.043738291
637799841	-0.150718479
637799842	-0.089296226
637799843	-0.532677237
637799844	-0.658366248
637799845	-0.155290313
637799846	0.06328329
637799847	0.169014929
637799848	-0.421481486
637799849	-0.186197249
637799850	-0.005662438
637799851	-0.712073776
637799852	-0.636605133
637799853	0.476129769
637799854	0.646374249
637799855	0.637263448
637799856	-0.145974198
637799857	-0.151311043
637799858	0.541695284
637799859	0.401911357
637799860	-0.059292444
637799861	-0.201854481
637799862	-0.252742116
637799863	-0.492577034
637799864	-0.145004669
637799865	0.288845744
637799866	0.146744801
637799867	-0.031269581
637799868	-0.070220841
637799869	-0.378405853
637799870	-0.012551174
637799871	-0.643045129
637799872	0.186489084
637799873	0.019443362
637799874	0.046894726
637799875	0.175940255
637799876	0.113164458
637799877	-0.311572424
637799878	-0.697615446
637799879	0.156527252
637799880	-0.261869799
637799881	0.045209301
637799882	-0.162573006
637799883	-0.330792527
637799884	-0.137710107
637799885	0.228973047
637799886	0.144684697
637799887	0.432108607
637799888	0.037262366
637799889	0.133998073
637799890	-0.241772757
637799891	-0.158069128
637799892	-0.575135787
637799893	0.237804435
637799894	0.215535259
637799895	0.045486985
637799896	0.445577598
637799897	0.019393115
637799898	-0.420233002
637799899	-0.245304251
637799900	0.126652349
637799901	0.166701631
637799902	0.121755557
637799903	0.057086151
637799904	0.033740486
637799905	0.134649743
637799906	0.233613479
637799907	0.256874164
637799908	0.06369902
637799909	-0.051709891
637799910	-0.292971883
637799911	0.047163079
637799912	0.060999499
637799913	-0.00427907
637799914	0.177379211
637799915	0.028194589
637799916	0.112125352
637799917	-0.038093029
637799918	-0.098324643
637799919	-0.424009297
637799921	0.068255315
637799922	-0.098895836
637799923	0.014851898
637799924	-0.156352863
637799925	0.248594386
637799926	0.209291765
637799927	0.304493348
637799928	-0.103692243
637799929	-0.225729131
637799930	-0.195583435
637799931	0.058132239
637799932	-0.638289113
637799933	0.036264576
637799934	-0.197718545
637799935	0.127453532
637799936	-0.014447796
637799937	-0.369056241
637799938	0.031343729
637799939	-0.821413048
637799940	0.085182808
637799941	0.143670206
637799942	-0.157733638
637799943	-0.341089918
637799944	0.010226189
637799945	0.134514363
637799946	0.237375411
637799947	0.147874551
637799948	-0.126516348
637799949	-0.081761369
637799950	-0.017503656
637799951	0.107795327
637799952	0.108849796
637799953	-0.162725166
637799954	0.040309762
637799955	-0.331932995
637799956	-0.325608293
637799957	-0.256996532
637799958	-0.018637116
637799959	0.153675346
637799960	0.058708872
637799961	-0.232842147
637799962	0.278519184
637799963	-0.173175084
637799964	0.107861571
637799965	0.010186723
637799966	-0.111057488
637799967	0.01373481
637799968	-0.09316487
637799969	-0.043084467
637799970	-0.26207206
637799971	0.013917773
637799972	0.471587614
637799973	-0.02353434
637799974	0.337442028
637799975	0.241139791
637799976	-0.098664369
637799977	-0.063918173
637799978	-0.105329509
637799979	-0.109234742
637799980	0.018969152
637799981	0.347374016
637799982	0.084635101
637799983	-0.004450501
637799984	-0.161856377
637799985	0.244236139
637799986	-0.209125863
637799987	0.0848577
637799988	0.146574008
637799989	-0.834678297
637799990	-0.947554803
637799991	-0.251409963
637799992	-0.286622853
637799993	-0.197153393
637799994	-0.327009379
637799995	-0.211478316
637799996	0.126638594
637799997	-0.130878672
637799998	0.323370608
637799999	-0.027440627
637800000	-1.322053633
637800001	-0.658162377
637800002	-0.867008406
637800003	-0.896061254
637800004	-0.302828038
637800005	-0.919847084
637800006	-1.207496856
637800007	-0.791497783
637800008	-0.377171448
637800009	-0.056560535
637800010	0.211917893
637800011	-0.068873741
637800012	0.00164153
637800013	0.093709291
637800014	0.079492763
637800015	-0.276589671
637800016	-0.302175371
637800017	-0.124767973
637800018	0.080746307
637800019	-0.148169388
637800020	-0.454821571
637800021	0.000870564
637800022	0.04287503
637800023	0.075065902
637800024	0.143504377
637800025	0.071058706
637800026	0.006891609
637800027	-0.031287502
637800028	-0.009748924
637800029	-0.298313089
637800030	-0.121419348
637800031	-0.200873331
637800032	-0.264525337
637800033	-0.015738377
637800034	-0.022627592
637800035	-0.153371225
637800037	0.184604531
637800038	0.190287131
637800039	-0.256212213
637800040	0.101266616
637800041	0.391683596
637800042	0.199111849
637800043	0.43916458
637800044	-0.873541167
637800045	-1.430596294
637800046	-1.418187665
637800047	-0.176696793
637800048	-0.357751458
637800049	0.034893703
637800052	0.165286718
637800053	0.086830881
637800054	0.339931403
637800055	0.109688496
637800056	-0.03421528
637800057	-0.497431096
637800058	-0.022427779
637800059	0.407026835
637800060	-0.006492055
637800061	-0.013103883
637800062	-0.303198797
637800063	-0.217202975
637800064	0.355281327
637800065	0.422139387
637800066	-0.512852962
637800067	-0.196863146
637800068	0.065989774
637800070	-0.171498678
637800071	-0.313798227
637800072	-0.37788727
637800073	-0.643999561
637800074	0.023454092
637800075	-0.173273774
637800076	0.094693448
637800077	-0.078362231
637800078	0.136743172
637800079	-0.164497462
637800080	-0.223189447
637800081	-0.242179493
637800082	-0.074554458
637800083	-0.841004313
637800084	-0.123913501
637800085	-0.148143381
637800086	0.238985011
637800087	0.165547896
637800088	0.026570868
637800089	0.022918535
637800090	-0.353286264
637800091	-0.482227958
637800092	-0.578310929
637800093	-0.686587251
637800094	-0.29466897
637800095	0.29574279
637800096	0.050120353
637800097	0.023641041
637800098	-2.408025442
637800099	0.079409713
637800101	-0.064577903
637800102	0.014845198
637800103	0.133372896
637800104	-0.240078851
637800105	0.191841371
637800106	-0.706590137
637800107	-0.711732651
637800108	-0.412136499
637800109	-0.530063799
637800110	-0.117423931
637800111	0.186082118
637800112	0.046079688
637800113	-0.11010073
637800114	0.20794819
637800115	-0.058305773
637800116	-0.425066059
637800117	-0.14456709
637800118	-0.464003958
637800119	-0.277947742
637800120	-0.071497849
637800121	-0.041590363
637800122	-0.120312845
637800123	0.118660209
637800124	-0.040111678
637800125	0.084284625
637800126	0.020722074
637800127	-0.060554597
637800128	-0.080243576
637800129	0.067008507
637800130	0.050832274
637800131	0.019566585
637800132	-0.052254938
637800133	0.398406153
637800134	-0.205674256
637800135	-0.014565576
637800136	5.01E-05
637800137	0.054115734
637800138	0.126639429
637800139	-0.252102177
637800140	-0.25626706
637800141	-0.260536762
637800142	0.118265385
637800143	-0.325940967
637800144	0.077116489
637800145	0.324700158
637800146	0.068186576
637800147	-0.029346163
637800148	-0.359555211
637800149	-0.078758089
637800150	-0.105889571
637800151	0.198246901
637800152	-0.057136935
637800153	0.056134935
637800154	-0.04482908
637800156	0.268141892
637800157	0.453216821
637800158	0.346205542
637800159	0.034101385
637800160	0.075880761
637800161	-0.048646921
637800162	0.201490016
637800163	-0.095694021
637800164	-0.08931352
637800165	0.263742033
637800166	-0.176181246
637800167	-0.088532918
637800168	-0.237491299
637800169	-0.047527927
637800170	-0.004726557
637800171	0.042762571
637800172	-0.086778486
637800173	-0.09487381
637800174	-0.30788679
637800175	-0.198112859
637800176	-0.173054384
637800177	-0.102044776
637800178	-0.201183554
637800179	0.018582452
637800180	-0.254521374
637800181	0.437169964
637800182	0.01981447
637800183	0.190665742
637800184	0.067891895
637800185	-0.079115929
637800186	-0.024931357
637800187	-0.029933408
637800188	-0.247246352
637800189	-0.1901078
637800190	-0.45101169
637800191	0.006246914
637800192	0.154470368
637800194	-0.048793806
637800195	-0.261402105
637800197	-0.46893356
637800198	-1.447040239
637800199	-0.122515965
637800200	-0.296208662
637800201	0.30628838
637800202	-0.014775408
637800203	-0.191814957
637800204	-0.037210525
637800205	0.095415917
637800206	0.079921814
637800207	0.199401288
637800208	0.063460194
637800209	-0.470779176
637800210	-0.247665868
637800211	-0.054726995
637800212	-0.276773046
637800213	-0.357024492
637800214	-0.201754495
637800215	-0.036524553
637800216	0.110935954
637800217	-0.673028765
637800218	-0.260553887
637800219	0.312801733
637800220	0.082784715
637800221	-0.251635849
637800222	0.103807968
637800223	-0.224744877
637800224	-0.248632497
637800225	-1.292145646
637800226	0.354213851
637800227	0.268356722
637800228	0.090920525
637800229	0.076715078
637800230	0.144968124
637800231	0.082416558
637800232	0.030093444
637800233	-0.201843136
637800234	0.08799931
637800235	0.104337549
637800236	0.065903314
637800237	-0.046438649
637800238	-0.060015311
637800239	-0.216509079
637800240	-0.059790903
637800241	0.007656206
637800242	0.084036961
637800243	0.044605566
637800244	-0.405511994
637800245	-0.589743484
637800246	-0.103746442
637800247	-0.066375064
637800248	-0.030692692
637800249	0.094661499
637800250	0.224641804
637800251	0.327673461
637800252	0.208417583
637800253	-0.157322767
637800254	-0.377654857
637800255	0.140362132
637800256	-0.023467044
637800257	-0.02426829
637800258	0.097667587
637800259	0.188299721
637800260	-0.20150738
637800261	-0.495900509
637800262	-0.340398724
637800263	-0.13965231
637800264	0.081724185
637800265	-0.483190441
637800266	-0.058541908
637800267	0.125359582
637800268	-0.210013289
637800269	0.005247053
637800270	0.00389813
637800271	-0.603526419
637800272	0.275149659
637800273	0.132302154
637800274	0.012340142
637800275	0.253185204
637800276	0.116350396
637800277	-0.018046982
637800278	0.093627957
637800279	-0.95159129
637800280	-0.065415999
637800281	0.063304331
637800282	0.138286765
637800283	-0.002363385
637800284	0.430800591
637800285	0.06534863
637800286	-0.219128417
637800287	-0.245013154
637800288	-0.06484605
637800289	-0.079995426
637800290	-2.120328181
637800291	-0.409882761
637800292	0.248193951
637800293	0.201758491
637800294	0.303917944
637800295	0.155842258
637800296	-0.0125548
637800297	-0.007935563
637800298	0.150261878
637800299	-0.132943614
637800300	-0.246873426
637800301	0.014663174
637800302	0.052659301
637800303	-0.205864506
637800304	0.197304861
637800305	-0.08293763
637800306	-0.387540584
637800307	-0.158295802
637800308	-0.032460975
637800309	-0.125094031
637800310	0.353308576
637800311	0.182982772
637800312	-0.387126431
637800313	0.156478955
637800314	0.044846727
637800315	0.120862727
637800316	-0.024334759
637800317	-0.038069177
637800318	-0.006330443
637800319	0.075610133
637800320	0.080529851
637800321	-0.59829611
637800322	0.165660372
637800323	0.123125998
637800324	-0.066659145
637800325	0.116291219
637800326	-0.072727825
637800327	-0.05368022
637800328	0.031202418
637800329	0.104443936
637800330	0.032600835
637800331	-0.220987824
637800332	-0.06022003
637800333	0.042679942
637800334	-0.485753628
637800335	-0.1310271
637800336	-0.295116042
637800337	-0.328586193
637800338	0.135158189
637800339	0.221329648
637800340	0.0614896
637800341	0.117662874
637800342	0.135334571
637800343	0.092231432
637800344	-0.025809132
637800345	-0.119100604
637800346	-0.136571059
637800347	0.1216993
637800348	-0.005626194
637800349	0.002627442
637800350	-0.037289851
637800351	-0.020864734
637800352	-0.099203757
637800353	0.018385615
637800354	-0.286602055
637800355	-0.131492194
637800356	-0.663783534
637800357	0.026246487
637800358	0.213651889
637800359	0.013622636
637800360	-0.235940422
637800361	-0.074608165
637800362	-0.073631356
637800363	0.070056051
637800364	-0.115879438
637800365	0.084285087
637800366	0.05136262
637800367	-0.156452932
637800368	-0.237298162
637800369	0.239593827
637800370	-0.223442969
637800371	0.002361289
637800372	0.023915149
637800373	0.004845675
637800374	0.184761475
637800375	0.20895055
637800376	0.123262072
637800377	-0.061123032
637800378	0.031887281
637800379	-0.355060385
637800380	0.084586326
637800381	0.048076694
637800382	0.016973568
637800383	0.052843291
637800384	0.147269867
637800385	0.224825536
637800386	0.170117686
637800387	0.621446619
637800389	-0.225185139
637800390	0.26815606
637800391	-0.212616723
637800392	-1.038720077
637800393	-0.868531956
637800394	0.110478851
637800395	0.155281007
637800396	-0.099791182
637800397	0.021107624
637800398	-0.102599354
637800399	-0.192667506
637800400	-0.100163968
637800401	-0.226993862
637800402	0.265377313
637800403	-0.719017896
637800404	0.028038957
637800405	-0.163828548
637800406	0.030871108
637800407	0.081347024
637800408	-0.070031071
637800411	-0.031875585
637800412	0.139599446
637800413	-0.180805798
637800414	0.374996819
637800415	-0.026015248
637800416	-0.123734467
637800417	0.159807348
637800418	0.178643535
637800419	-0.029244304
637800420	-0.358943339
637800421	-0.673881315
637800422	0.155340491
637800423	-0.000157068
637800424	-0.127167997
637800425	-0.011382296
637800426	0.097104712
637800427	-0.00206632
637800428	-0.045475056
637800429	0.156615118
637800430	-0.079940395
637800431	-0.3631143
637800432	-0.831291893
637800433	0.323453613
637800434	0.090764563
637800435	0.179157356
637800436	-0.728482398
637800437	0.076837458
637800438	0.022045768
637800439	0.452979919
637800440	-0.001733733
637800441	-0.281608772
637800442	-0.592870091
637800443	-0.06458983
637800444	-0.466114401
637800445	0.018658591
637800446	0.157926
637800447	-0.424113155
637800448	-0.109938513
637800449	-0.092002621
637800450	-0.099021139
637800451	-0.077060266
637800452	-0.125939765
637800453	0.114418781
637800454	-0.130861925
637800455	0.011887633
637800456	0.043480872
637800457	0.223577951
637800458	-0.081200257
637800459	0.121378696
637800460	-0.066675484
637800461	-0.067130956
637800462	-0.020951049
637800463	0.19077626
637800464	-0.204201573
637800465	-0.071868634
637800466	-0.157144433
637800467	-0.096723785
637800468	-0.090971666
637800469	0.06526104
637800470	-0.070289222
637800471	0.016504329
637800472	-0.077828446
637800473	0.011582765
637800474	-0.367254582
637800475	-0.111290139
637800476	0.014620439
637800477	0.196758148
637800478	0.39706576
637800479	0.151518648
637800480	-0.258585961
637800481	-0.004866678
637800482	0.128778095
637800483	-0.057323352
637800484	-0.025343884
637800485	0.127889431
637800486	0.142200552
637800487	-0.067175509
637800488	-0.409085598
637800489	-0.001881443
637800490	0.001125341
637800491	-0.448151399
637800492	-0.131427316
637800493	0.271544138
637800494	0.151174059
637800495	0.157822153
637800496	0.179583209
637800497	0.046786605
637800498	-0.050459204
637800499	0.17618508
637800500	-0.085122351
637800501	-0.132932442
637800502	0.190612965
637800503	0.130321015
637800504	-0.284305883
637800505	0.11531479
637800506	-0.364710935
637800507	-0.012215467
637800508	0.066222103
637800509	-0.065506951
637800510	-0.033076688
637800511	-0.026504967
637800512	-0.103858815
637800513	0.153964363
637800514	-0.178904497
637800515	-0.101024775
637800516	-0.033570732
637800517	-0.161384668
637800518	-0.079347899
637800519	-0.05815509
637800520	0.128379394
637800521	0.023198076
637800522	0.100209738
637800523	-0.294893975
637800524	-0.756376005
637800525	-0.335290376
637800526	0.198807846
637800527	-1.215736715
637800528	-0.081675717
637800529	0.183395649
637800530	0.227334632
637800531	-0.045903057
637800532	0.000955504
637800533	-0.284807671
637800534	0.042922012
637800535	0.046221217
637800536	0.062582879
637800537	0.108419142
637800538	-0.041074498
637800539	0.122218515
637800540	0.059027475
637800541	-0.10373959
637800542	-0.084952637
637800543	0.132006597
637800544	0.251551429
637800545	0.125748303
637800546	0.010942645
637800547	-0.119723296
637800548	-0.467992235
637800549	0.319150529
637800550	0.322579226
637800551	0.142497208
637800552	0.154306652
637800553	0.013213988
637800554	-0.17559439
637800555	-0.055108125
637800556	0.157668033
637800557	0.063341542
637800558	0.100810569
637800559	-0.054141547
637800560	0.203223769
637800561	0.005553139
637800562	-0.010151248
637800563	-0.180460237
637800564	-0.237567506
637800565	-0.092375973
637800566	-0.148559711
637800567	-0.030743393
637800568	0.195214998
637800569	-0.065058809
637800570	-0.122304595
637800571	-0.360989859
637800572	-0.463344469
637800573	-0.086920625
637800574	-0.235113692
637800575	-0.028673165
637800576	0.242941743
637800577	0.354000611
637800578	0.033527704
637800579	0.224816046
637800580	0.206911207
637800581	0.305342331
637800582	0.067112334
637800583	0.168308394
637800584	0.142177929
637800585	0.112985711
637800586	0.122905559
637800587	-0.173266461
637800588	-0.052822631
637800589	0.720965463
637800590	0.107182111
637800591	-0.111297982
637800592	-0.034757484
637800593	-0.106225517
637800594	-0.241461994
637800595	-0.040446521
637800596	-0.268610565
637800597	-0.434508136
637800598	0.020150658
637800599	-0.166795078
637800600	-0.0607715
637800601	0.398694007
637800602	-0.006309145
637800603	0.040774695
637800604	0.138200485
637800605	0.077961992
637800606	0.037428343
637800607	-0.072685896
637800608	-0.006737711
637800609	0.035300104
637800610	-0.131869648
637800611	-0.012740674
637800612	-0.220692026
637800613	0.171348866
637800614	-0.344058249
637800615	0.106358326
637800616	-0.543781375
637800617	-0.466252461
637800618	-0.262388394
637800619	0.33083758
637800620	0.106260619
637800621	-0.018487084
637800622	0.155982747
637800623	0.099474945
637800624	-0.1551981
637800625	-0.132326711
637800626	-0.334309493
637800627	-0.258014408
637800628	-0.139300857
637800629	-0.029989249
637800630	-0.646731415
637800631	-0.047453747
637800632	-0.089327839
637800633	-0.039262222
637800634	-0.129700547
637800635	-0.286504707
637800636	0.118389444
637800637	-0.420312162
637800638	0.04114087
637800639	-0.117929878
637800640	-0.187001026
637800641	-0.457114622
637800642	-0.013707651
637800643	0.02214265
637800644	-0.155310032
637800645	-0.633547212
637800646	-0.137424385
637800647	-0.316502027
637800648	-0.274414079
637800650	-0.339744493
637800651	-0.285101642
637800652	-0.092841566
637800653	-0.166633498
637800654	-0.207012756
637800655	-0.128553955
637800657	-0.18530258
637800658	-0.074209345
637800659	-0.174224438
637800660	-0.098349252
637800661	-0.179845255
637800662	-0.31753654
637800663	-0.266811543
637800664	-0.202432906
637800665	-0.143977592
637800666	-0.254053325
637800667	-0.20981874
637800668	-0.259261838
637800669	-0.244070461
637800670	-0.307805601
637800671	-0.294622764
637800672	-0.335715196
637800673	-0.39167318
637800674	-0.37512619
637800675	-0.285531004
637800676	-0.195870683
637800677	-0.208138215
637800678	-0.21338226
637800679	-0.192536512
637800680	-0.241791451
637800681	0.083377969
637800682	0.062326751
637800683	-0.083590675
637800684	-0.301234362
637800685	-0.670012836
637800686	0.148501953
637800687	0.272290784
637800688	-0.21147493
637800689	0.095031761
637800690	-0.004207907
637800691	0.207683724
637800692	-0.104109328
637800693	0.721904838
637800694	0.091010401
637800695	-0.259239184
637800696	-0.276966044
637800697	0.044966545
637800698	0.041492551
637800699	-0.017592624
637800700	-0.673587723
637800701	-0.867685078
637800702	0.129343976
637800703	-0.214191536
637800704	-0.621888501
637800705	-0.024642226
637800706	0.208749892
637800707	0.056713057
637800708	-0.196614366
637800709	0.110823959
637800710	0.18295937
637800711	-0.25270504
637800712	-0.129899937
637800713	-0.035798369
637800714	-1.691813557
637800715	-0.063999484
637800716	-0.092519667
637800717	0.042250698
637800718	-0.258252637
637800719	-0.270648503
637800720	0.333207479
637800721	0.236771885
637800722	-0.09368552
637800723	0.163210843
637800724	-0.065148902
637800725	-0.046937186
637800726	-0.633092334
637800727	0.225474389
637800728	0.120235538
637800729	-0.298688713
637800730	0.203748807
637800731	0.046220236
637800732	-0.33445384
637800733	0.060838907
637800734	-0.191299584
637800735	0.095260077
637800736	-0.051018853
637800737	-0.395387796
637800738	0.202532411
637800740	0.121529798
637800741	-0.288914135
637800742	-0.150118901
637800743	0.279990054
637800744	-0.161472713
637800745	-0.797291347
637800746	-0.006914032
637800747	-0.323838133
637800748	-0.135022224
637800749	-0.472371479
637800750	-0.040567409
637800751	0.068118009
637800752	0.012569143
637800753	-0.079243276
637800754	-0.853616953
637800755	-0.893908772
637800756	-0.625531099
637800757	0.021398868
637800758	0.054250108
637800759	-0.046707011
637800760	-0.198249524
637800761	-0.685664675
637800762	-0.748385928
637800763	0.623872426
637800764	0.46983057
637800765	-0.283908175
637800766	-0.056381184
637800767	-0.347761209
637800768	-0.041389794
637800769	-0.541470311
637800770	-0.446377184
637800771	-0.285666422
637800772	0.023273744
637800773	0.312412449
637800774	-0.882861372
637800775	0.251569406
637800776	-0.124322671
637800777	-0.04216398
637800778	-0.028847228
637800779	-0.016369913
637800780	0.176453442
637800781	-1.092199046
637800782	-1.210150826
637800783	-1.179515545
637800784	-1.843203084
637800785	-0.316265377
637800786	0.153859777
637800787	-0.052393176
637800788	-0.134699965
637800789	-0.068392399
637800790	0.014284908
637800791	0.0495494
637800792	-0.265427441
637800793	-0.387270704
637800794	-0.443632909
637800795	0.078441645
637800796	-0.122113997
637800797	-0.174322426
637800798	-0.053923851
637800799	-0.024539095
637800800	-0.657471513
637800801	0.052672563
637800802	-0.150588757
637800803	-0.216564938
637800804	-0.085869861
637800805	0.059759955
637800806	-0.132544069
637800807	0.044861081
637800808	0.151136254
637800809	-0.05477689
637800810	0.057309135
637800811	-0.082595522
637800812	0.169203488
637800813	0.133411569
637800814	-0.429614792
637800815	0.02632059
637800816	-0.201237992
637800817	-0.151882257
637800818	0.20749931
637800819	-0.121588892
637800820	-0.007176785
637800821	-0.016736351
637800822	-0.052200556
637800823	-0.010816202
637800824	0.017151358
637800825	0.009488008
637800826	-0.195836094
637800827	0.005976745
637800828	-0.298194399
637800829	0.154606228
637800830	0.01709625
637800831	-0.075444467
637800832	-0.796133896
637800833	-0.652531671
637800834	-0.428553606
637800835	-0.616578836
637800836	-0.979708354
637800837	-0.254689599
637800838	0.000101618
637800839	-0.462915709
637800840	0.014906294
637800841	0.183255785
637800842	-0.095003952
637800843	-0.101028731
637800844	0.148284269
637800845	0.159636468
637800846	0.036059222
637800847	-0.02960686
637800848	0.550700623
637800849	-0.419563675
637800850	0.255013351
637800851	-0.198386
637800852	-0.119373404
637800853	0.342082212
637800854	0.112571866
637800855	-0.301056712
637800856	0.122682836
637800857	-0.008498235
637800858	0.00607823
637800859	-0.01058789
637800860	-0.246716483
637800861	-0.05330913
637800862	0.029533742
637800863	0.081533616
637800864	0.051870795
637800865	0.675077061
637800866	-0.024032513
637800867	-0.240611624
637800868	-0.017716932
637800869	0.183478099
637800870	-0.062391649
637800871	-0.028917473
637800872	-0.462219494
637800873	0.053778697
637800874	-0.048203575
637800875	-0.087750557
637800876	-0.221806863
637800877	0.024278401
637800878	-0.104844169
637800879	-0.197700421
637800880	-0.301760744
637800881	-0.276145616
637800882	0.081417492
637800883	0.058691112
637800884	0.153266285
637800885	0.187352097
637800886	0.106595816
637800887	0.05261444
637800888	-0.269683714
637800889	-0.05747245
637800890	-0.013638531
637800891	-0.035886332
637800892	-0.010815273
637800893	-0.126015624
637800894	0.030448078
637800895	-0.077422283
637800896	-0.1660448
637800897	-0.581770122
637800898	-0.036398366
637800899	-0.148638636
637800900	-0.057689971
637800901	0.143809624
637800902	-0.182042133
637800903	0.005417427
637800905	-0.057952911
637800906	0.190969851
637800907	-0.365089017
637800908	0.267579306
637800909	-0.057648832
637800910	-1.052123534
637800911	-0.039859719
637800912	0.134942068
637800913	-0.144264159
637800914	-0.61649802
637800915	-0.082197024
637800916	0.006589087
637800917	-0.31265076
637800918	0.150135652
637800919	-0.001686244
637800920	0.009295097
637800921	-0.029899412
637800922	-0.353264875
637800923	-0.065418878
637800924	0.169198871
637800925	-0.26378935
637800926	0.086703343
637800927	-0.167587407
637800928	0.165211299
637800929	0.070909313
637800930	-0.00162425
637800931	0.200657179
637800932	0.127453476
637800933	-0.135674326
637800934	-0.522692406
637800935	-0.634070543
637800936	-0.220231687
637800937	-0.229569412
637800938	-0.065525719
637800939	-0.09579645
637800940	-0.153416462
637800941	0.080751843
637800942	0.097521945
637800943	-0.059734012
637800944	0.063838444
637800945	0.111954936
637800946	0.066412222
637800947	-0.435927918
637800948	-0.463269706
637800949	-0.4614085
637800950	-0.291868534
637800951	0.192013608
637800952	0.119114097
637800953	0.189613082
637800954	-0.056708863
637800955	-0.389383998
637800956	-0.580488205
637800957	0.0238407
637800958	-0.073071174
637800959	-0.523970598
637800960	0.357680875
637800961	0.16276055
637800962	-0.073173918
637800963	0.033170716
637800964	-0.105082497
637800965	-0.141988056
637800966	0.093445181
637800967	0.099207395
637800968	-0.061740022
637800969	0.201477128
637800970	0.069817409
637800971	-0.051382268
637800972	0.125676438
637800973	-0.212569701
637800974	-0.096351958
637800975	-0.332029934
637800976	-0.154044343
637800978	0.003247665
637800979	-0.660099355
637800980	-0.1290969
637800981	-0.274237731
637800982	0.178838145
637800983	-0.11204165
637800984	0.094671011
637800985	-0.375827433
637800986	0.026966588
637800987	-0.021074772
637800988	-0.144287218
637800989	0.236466481
637800990	-0.359904061
637800991	-0.321394905
637800992	-0.129422475
637800993	0.009305345
637800994	0.418616427
637800995	0.328088739
637800996	0.140716794
637800997	-0.306908569
637800998	0.057254578
637800999	-0.175214849
637801000	0.012761151
637801001	-0.277268388
637801002	-0.302751334
637801003	-0.364229736
637801004	-0.596783246
637801005	-0.788799164
637801006	-0.824500012
637801007	-1.081957666
637801008	-0.200126395
637801009	0.257658402
637801010	-0.009794438
637801011	-0.212914131
637801012	-0.055068702
637801013	0.389763674
637801014	0.350255486
637801015	0.13237665
637801016	-0.242129998
637801017	-0.020123718
637801018	-0.039370476
637801019	0.325510576
637801020	0.481994234
637801021	0.072129607
637801022	-0.159418562
637801023	-0.204676249
637801024	-0.006485487
637801025	0.063069331
637801029	0.244808444
637801030	0.037144721
637801031	-0.159345128
637801032	-0.00388566
637801033	0.099342932
637801034	0.081432808
637801035	0.074336452
637801036	0.027118909
637801037	0.178540855
637801038	0.124514114
637801040	0.096255502
637801041	0.08535337
637801042	0.138577751
637801043	0.057087881
637801044	-1.801441224
637801045	-1.487769524
637801046	0.186840582
637801047	-0.346421599
637801048	0.126283797
637801049	0.233708073
637801050	-0.101210295
637801051	-0.040597672
637801052	-0.170815943
637801053	-0.055600886
637801054	-0.293204354
637801055	-0.362107815
637801056	-0.556791648
637801057	-0.477007096
637801058	-0.426762773
637801059	-0.35043877
637801060	-0.093925943
637801061	-0.348092316
637801062	0.124336459
637801063	-0.567755594
637801064	-0.090238694
637801065	0.063112909
637801066	0.23035404
637801067	-0.186887216
640711016	0.309574751
640711017	0.342769752
640711018	0.233137178
640711019	0.626263134
640711020	0.033924028
640711021	-0.068419345
640711022	0.519841881
640711023	0.244893337
640711024	0
640711025	0
640711026	0
640711027	0
640711028	0
640711029	0.375466954
640711030	0.885835226
640711031	0.028294198
640711032	0.285016429
640711033	0.333459423
640711034	0.027342625
640711035	-0.127418983
640711036	0.194876428
640711037	-0.390743037
640711038	-0.189513526
640711039	0.745686032
640711040	0.631002878
640711041	0.212112377
640711042	0.637266291
640711043	0.445853716
640711044	0.332144883
640711045	-0.015790621
640711046	0.448097337
640711047	-0.341285504
640711048	0.65635148
640711049	0.225725198
640711050	-0.015843678
640711051	-0.033586039
640711052	0.571866549
640711053	-0.115409348
640711054	0.55989532
640711055	0.303210228
640711056	0.256094665
640711057	-0.108661532
640711058	-0.116019477
640711059	0.335393
640711060	0.243948808
640711061	-0.154882898
640711062	-0.127835087
640711063	-0.423802186
640711064	-0.051684364
640711065	-0.110610581
640711066	-0.715784388
640711067	0.398707961
640711068	0.459275238
637798356	-0.167943098
637798357	0.437882821
637798358	-0.061493235
637798359	0.040345543
637798360	0.028859147
637798361	0.127465163
637798362	-0.223063149
637798363	-0.046265831
637798364	0.017644306
637798365	0.042158199
637798366	0.029591899
637798367	0.001984885
637798368	-0.169742677
637798369	-0.013034788
637798370	-0.075781753
637798371	-0.04517983
637798372	-0.087512899
637798373	-0.142172752
637798374	-0.053097596
637798375	0.096636751
637798376	-0.077132724
637798377	-0.109692
637798378	-0.034353202
637798379	-0.216009267
637798380	-0.161880237
637798381	0.024158395
637798382	-0.687756431
637798383	-0.777012651
637798384	-0.280258802
637798385	0.21913465
637798386	0.090351167
637798387	-0.356515043
637798388	0.182963978
637798389	-0.200998225
637798390	-0.088390952
637798391	-0.236070797
637798392	-0.080492101
637798393	-0.112044527
637798394	-0.004902391
637798395	-0.11861753
637798396	0.058151703
637798397	0.339697485
637798398	-0.658734994
637798399	-0.247652301
637798400	-0.544031882
637798401	-0.399640583
637798402	0.214635584
637798403	0.041404182
637798404	0.274944969
637798405	-0.030983813
pANS_predictedORF_1	0.159674462
pANS_predictedORF_2	-0.049361342
pANS_predictedORF_3	-0.385652667
pANS_predictedORF_4	-0.175222136
pANS_predictedORF_5	-0.134273641
pANS_predictedORF_6	0.051042353
pANS_predictedORF_7	0.513733603
pANS_predictedORF_8	-0.042140652
