Reporter Identifier	VALUE
637798406	-0.271208126
637798407	-0.221373177
637798408	0.014964123
637798409	0.023903943
637798410	-0.353948375
637798411	-0.28577154
637798412	-0.018712803
637798413	0.105928589
637798414	0.020261679
637798415	-0.312195662
637798416	-0.165511126
637798417	-0.538236048
637798418	-0.150798294
637798419	-0.075428531
637798420	-0.069707801
637798421	-0.098882553
637798422	-0.220021379
637798423	-0.066664621
637798424	-0.319590198
637798425	-0.139283387
637798426	-0.090479271
637798427	0.078563108
637798428	0.134199259
637798429	0.093956808
637798430	0.106375756
637798431	0.326139526
637798432	-0.030135515
637798433	0.477724988
637798434	0.029151879
637798435	0.177665549
637798436	0.073365253
637798437	-0.295060543
637798438	-0.339529926
637798439	-0.102709536
637798440	-0.171257552
637798441	0.121644044
637798442	-0.001212326
637798443	-0.065245305
637798444	-0.838453549
637798445	-0.155745697
637798446	0.16568357
637798448	-0.057894625
637798449	-0.065660902
637798450	0.017731077
637798451	0.066619465
637798452	-0.142499877
637798453	-0.101807327
637798454	0.077520282
637798455	0.077520282
637798456	-0.051880068
637798457	0.180295299
637798458	0.394853457
637798459	0.322963993
637798460	0.02916318
637798461	0.153270745
637798462	-0.06410222
637798463	0.062848669
637798464	0.033950466
637798465	0.198555553
637798466	-0.200470997
637798467	-0.102353885
637798468	-0.005167159
637798469	-0.027931992
637798470	0.117073461
637798471	-0.053033663
637798472	-0.123254192
637798473	0.15072562
637798474	-0.035484423
637798475	-0.349232324
637798476	0.226697892
637798477	0.225938042
637798478	-0.048120099
637798479	0.20847072
637798480	0.050048276
637798481	0.011300187
637798482	-0.040257906
637798483	-0.007257173
637798484	-0.244280958
637798485	-0.156264971
637798486	0.075810298
637798487	-0.341939345
637798488	-0.061342837
637798489	0.241720469
637798490	0.082422183
637798491	-0.242680376
637798492	-0.553944056
637798493	-0.077253083
637798494	0.097168095
637798495	-0.108565516
637798496	-0.011381938
637798497	-0.013809973
637798498	-0.165586784
637798499	-0.13967155
637798500	0.016119567
637798501	-0.270296273
637798502	-0.310598295
637798503	-0.061392802
637798504	-0.197036868
637798505	0.270488231
637798506	-0.704731021
637798507	-0.413193565
637798508	-0.026449402
637798509	-0.046553317
637798510	0.067537057
637798511	-0.039754913
637798512	-0.034803533
637798513	0.166837796
637798514	0.202225729
637798515	-0.247378339
637798516	-0.113548476
637798517	-0.263221462
637798518	-0.079779531
637798519	0.159434517
637798520	-0.206769668
637798521	-0.174287052
637798522	0.098818264
637798523	0.34328972
637798524	-0.236590435
637798525	-0.144080026
637798526	-0.336450951
637798527	0.05057001
637798528	-0.031467015
637798529	-0.170700034
637798530	0.109907979
637798531	0.124132891
637798532	0.015793644
637798533	-0.187072177
637798534	0.198871655
637798535	0.085147396
637798536	-0.382699018
637798537	-0.085653402
637798538	0.357952815
637798539	-0.002582374
637798540	0.032530012
637798541	-0.09896513
637798542	-0.078764237
637798543	0.049282592
637798544	-0.157141547
637798545	-0.429139398
637798546	-0.273254749
637798547	0.048825337
637798548	0.039220216
637798549	-0.052764741
637798550	0.076351876
637798551	0.265684809
637798552	0.068000161
637798553	-0.111859485
637798554	-0.030197944
637798555	-0.056859242
637798556	-0.019038519
637798557	0.051291451
637798558	-0.211273219
637798559	-0.4379167
637798560	-0.018900168
637798561	-0.103237864
637798562	0.231404493
637798563	-0.508174559
637798564	-0.262758072
637798565	-0.014290422
637798566	-0.259544319
637798567	-0.045495407
637798568	-0.010536695
637798569	-0.202889843
637798570	-0.463000088
637798571	-0.217020978
637798572	-0.281960756
637798573	0.206306016
637798574	-0.142231261
637798575	-0.276641988
637798576	-0.272786554
637798577	0.031699248
637798578	0.041203423
637798579	-0.038870508
637798580	0.062226983
637798581	-0.173462314
637798582	-0.240895686
637798583	0.046160984
637798584	-0.045320848
637798585	0.150588934
637798586	-0.00063324
637798587	0.084440667
637798588	-0.041742891
637798589	-0.234842412
637798590	0.001972011
637798591	0.195589606
637798592	0.268825987
637798593	-0.218623299
637798594	-0.019967251
637798595	-0.087634919
637798596	-0.008090702
637798597	0.077584657
637798598	-0.128338954
637798599	-0.277423141
637798600	-0.029818696
637798601	-0.154901318
637798602	0.019054126
637798603	0.0676828
637798604	-0.370018054
637798605	-0.198488554
637798606	-0.215550099
637798607	-0.160724393
637798608	-0.072929477
637798609	-0.088864416
637798610	0.046939039
637798611	-0.092135545
637798612	-0.025999333
637798613	0.122111089
637798614	-0.129932146
637798615	0.177033844
637798616	0.175862903
637798617	-0.090105434
637798618	-0.148605792
637798619	-0.039693041
637798620	-0.038897384
637798621	-0.625343005
637798622	-0.037244282
637798623	-0.026684602
637798624	0.021647281
637798625	-0.303381155
637798626	-0.101426158
637798627	0.027815978
637798628	-0.122001565
637798629	0.039018445
637798630	-0.296806489
637798631	-0.057684262
637798632	0.12424545
637798633	0.001982274
637798634	0.145358578
637798635	0.193456659
637798636	0.082485576
637798637	0.215436449
637798638	-0.082409628
637798639	-0.086715824
637798640	-0.087882728
637798641	0.15762537
637798642	-0.292856314
637798643	-0.001743163
637798644	-0.095490449
637798645	0.102918043
637798646	0.05114252
637798647	0.058244123
637798648	0.177420479
637798649	-0.428666185
637798650	-0.740613173
637798651	-0.881091975
637798652	0.094025234
637798653	-0.073964943
637798654	0.000607533
637798655	-0.015412373
637798656	-0.035507809
637798657	0.175937301
637798658	-0.367202362
637798659	-0.073564619
637798660	-0.261596554
637798661	-0.208487131
637798662	-0.266894145
637798663	-0.041614582
637798664	-0.074265547
637798665	-0.165544635
637798666	-0.415042848
637798667	0.039156872
637798668	-0.131060646
637798669	-0.175984629
637798670	0.045175985
637798671	-0.235376186
637798672	0.196536339
637798673	-0.280414794
637798674	-0.027084478
637798675	-0.092555177
637798676	0.127492465
637798677	0.020849816
637798678	-0.118575598
637798679	0.254295762
637798680	-0.095563453
637798681	-0.00935564
637798682	0.027940978
637798683	-0.093088726
637798684	-0.185151486
637798685	0.058613179
637798686	0.124871022
637798687	0.074585668
637798688	-0.430691594
637798689	0.053885564
637798690	-0.059974924
637798691	-0.395313966
637798692	-0.052156805
637798693	-0.00322544
637798694	0.193700743
637798695	-0.053154343
637798696	-0.078093544
637798697	-0.457643327
637798698	0.164708036
637798699	0.032278965
637798700	-0.016287466
637798701	0.206677214
637798702	0.08309201
637798703	-0.462866278
637798704	-0.082089928
637798705	-0.057095089
637798706	0.039188427
637798707	-0.317159989
637798708	-0.287550639
637798709	0.020430573
637798710	-0.773264459
637798711	-0.460031347
637798712	-0.001364637
637798713	-0.082774384
637798714	-0.237647616
637798715	0.307893454
637798716	0.071238055
637798717	-0.089645035
637798718	-0.448659171
637798719	-0.086520011
637798720	0.080441354
637798721	-0.082701088
637798722	-0.45045102
637798723	-0.023301683
637798724	0.064654695
637798725	0.10546724
637798726	-0.131296735
637798727	-0.216535051
637798728	0.002580012
637798729	0.083496253
637798730	0.052085221
637798731	-0.408653853
637798732	-0.068283137
637798733	-0.010374881
637798734	0.404867432
637798735	0.121382446
637798736	0.196003546
637798737	0.35111363
637798738	0.256270414
637798739	0.36644311
637798740	0.327565027
637798741	0.519547992
637798742	0.471483394
637798743	-0.04009148
637798744	0.179165561
637798745	-0.167823481
637798746	0.058577591
637798747	0.01150706
637798748	-0.445504062
637798749	-0.586567203
637798750	-0.119267295
637798751	-0.149005828
637798752	-0.165022246
637798753	-0.161825233
637798754	-0.12126142
637798755	0.007383395
637798756	0.196585294
637798757	0.011114798
637798758	-0.093473844
637798759	-0.025653669
637798760	0.008032728
637798761	-0.162111868
637798762	-0.256565431
637798763	0.129203515
637798764	0.053260915
637798765	0.237868172
637798766	-0.129299174
637798767	-0.220067012
637798768	0.177939039
637798769	-0.146084714
637798770	0.165754497
637798771	-0.373181049
637798772	-0.178661044
637798773	0.053534187
637798774	0.143006787
637798775	-0.234167899
637798776	-0.39391295
637798777	-0.215062961
637798778	-0.040114354
637798779	0.177143598
637798780	0.071849542
637798781	-0.066084642
637798782	-0.034573083
637798783	-0.003873406
637798784	-0.318515932
637798785	-0.16872387
637798786	0.006241815
637798787	-0.091374059
637798788	-0.000815661
637798789	-0.314108847
637798790	-0.086022623
637798791	0.048511847
637798792	-0.030762005
637798793	0.058837737
637798794	0.135907727
637798795	0.089233568
637798796	-0.135817681
637798797	-0.319552603
637798798	0.138436991
637798799	-0.038693702
637798800	-0.354120992
637798801	-0.026412321
637798802	0.113263783
637798803	-0.001866035
637798804	0.109052426
637798805	0.146694048
637798806	-0.33558141
637798807	-0.318202367
637798808	-0.019832454
637798809	-0.369155509
637798810	-0.059185378
637798811	-0.070240873
637798812	-0.085678329
637798813	-0.06826972
637798814	0.030117107
637798815	0.081917039
637798816	0.187084579
637798817	0.151220023
637798818	-0.08633074
637798819	-0.056127707
637798820	0.103813816
637798821	-0.202557977
637798822	-0.223634889
637798823	-0.229019353
637798824	0.00466119
637798825	-0.08193234
637798826	-0.219664596
637798827	-0.004499326
637798828	-0.613025617
637798829	-0.6314522
637798830	-0.00755165
637798831	-0.019590796
637798832	0.184224662
637798833	-0.077997984
637798834	-0.261802349
637798835	0.492663467
637798836	-0.256423795
637798837	0.062716213
637798838	0.048479962
637798839	-0.50504167
637798840	0.141792937
637798841	0.137376175
637798842	0.127341218
637798843	0.13229552
637798844	0.081234616
637798845	0.006089927
637798846	-0.031783179
637798847	0.00659916
637798848	-0.226332851
637798849	-0.052315943
637798850	0.303585322
637798851	-0.031284967
637798852	-0.243938587
637798853	-0.23495242
637798854	-0.082788997
637798855	0.153591776
637798856	-0.439408478
637798857	-0.068902672
637798858	-0.135308129
637798860	0.174909331
637798861	-0.067011787
637798862	0.12811191
637798863	0.107914207
637798864	-0.011299681
637798865	-0.050454395
637798866	-0.097639366
637798867	0.013831672
637798868	0.061829312
637798869	0.162870811
637798870	-0.031645726
637798871	-0.144591807
637798872	0.701636177
637798873	0.192509161
637798874	-0.170098328
637798875	-0.385741165
637798876	-0.18152241
637798877	-0.148496677
637798878	-0.05297856
637798879	-0.080942567
637798880	-0.010903849
637798881	-0.293278704
637798882	0.078730463
637798883	-0.283473368
637798884	-0.381470556
637798885	0.042146593
637798886	-0.261567751
637798887	-0.251230035
637798888	-0.091712247
637798889	0.024142441
637798890	-0.078732151
637798891	0.20146037
637798892	-0.034729006
637798893	0.056291182
637798894	0.012033025
637798895	-0.100807964
637798896	-0.079735266
637798897	-0.21401537
637798898	-0.345498823
637798899	-0.143334797
637798900	-0.154000585
637798901	-0.16913296
637798902	-0.322923178
637798903	-0.033772177
637798904	0.160167338
637798905	-0.132614958
637798906	-0.625223693
637798907	0.221344886
637798908	-0.144356034
637798909	-0.088137533
637798910	0.134757222
637798911	0.025589472
637798912	0.154777772
637798913	0.166096553
637798914	-0.141670602
637798915	-0.015914785
637798916	-0.196993784
637798917	0.032790398
637798918	0.005331013
637798919	-0.042484396
637798920	-0.014070434
637798921	-0.155787957
637798922	-0.244157761
637798923	-0.114500881
637798924	0.07440652
637798926	0.092247443
637798927	-0.245951861
637798928	0.250666282
637798929	0.006088025
637798930	-0.395735669
637798931	-0.103622361
637798932	-0.003624949
637798933	0.191521105
637798934	-0.045373512
637798935	-0.490902193
637798936	-0.127832225
637798937	-0.327780002
637798938	-0.257787924
637798939	0.069529893
637798940	0.187330221
637798941	0.178775281
637798942	-0.015152859
637798943	-0.292371969
637798944	0.198401829
637798945	0.098959321
637798946	0.175191243
637798947	0.028523367
637798948	0.046215984
637798949	0.009740029
637798950	-0.114377461
637798951	-0.197165153
637798952	0.308111962
637798953	0.119148055
637798954	-0.193191174
637798955	0.127501788
637798956	0.142776221
637798957	0.243250647
637798958	-0.093756743
637798959	-0.339732599
637798960	0.342752805
637798961	-0.055600939
637798962	-0.001939912
637798963	0.360864415
637798964	-0.717089612
637798965	-0.265374669
637798966	-0.161311887
637798967	-0.149881766
637798968	-0.170168747
637798969	-0.025865417
637798970	-0.12820785
637798971	0.002816415
637798972	-0.128712726
637798973	0.063419464
637798974	-0.001705404
637798975	0.031462738
637798976	-0.226334999
637798977	0.19712727
637798978	0.036668781
637798979	-0.098362879
637798980	-0.211282551
637798981	-0.585739201
637798982	-0.096608036
637798983	-0.220894448
637798984	0.239719964
637798985	-0.118069596
637798986	0.051483802
637798987	-0.085572844
637798988	0.013814241
637798989	-0.272539324
637798990	0.048354042
637798991	-0.00197454
637798992	-0.032863871
637798993	0.099503913
637798994	0.171824906
637798998	-0.020121577
637798999	-0.038832385
637799000	-0.222868718
637799001	-0.133718043
637799002	-0.023252236
637799003	0.003091908
637799004	0.225106267
637799005	0.19099108
637799006	-0.148518826
637799007	0.150877964
637799008	0.450198478
637799009	0.087746467
637799010	-0.650494529
637799011	0.067509124
637799012	-0.192457756
637799013	-0.118380528
637799014	0.141806514
637799015	0.074183338
637799016	0.039740195
637799017	0.08297165
637799018	0.018015936
637799019	-0.222162842
637799020	-0.059629207
637799021	0.123018162
637799022	-0.109676017
637799023	0.037479897
637799024	0.043617597
637799025	0.037024244
637799026	0.188210956
637799027	-0.038488009
637799028	-0.125536838
637799029	-0.17520318
637799030	0.057595822
637799031	-0.074817834
637799032	0.169854167
637799033	0.037496243
637799035	-0.029640048
637799036	0.02837929
637799037	-0.208348772
637799038	0.091046903
637799039	0.050255668
637799040	-0.027122687
637799041	0.140301087
637799042	-0.230212168
637799043	-0.090547901
637799044	0.060089368
637799045	-0.199820235
637799046	0.060318678
637799047	-0.01436994
637799048	0.031825303
637799049	-0.009102856
637799050	0.003156631
637799051	0.24932254
637799052	0.035034298
637799053	0.03537472
637799054	0.062561682
637799055	-0.231429585
637799056	-0.443177696
637799057	0.076819868
637799058	-0.303209607
637799059	-0.295452068
637799060	-0.464918723
637799061	0.022124054
637799062	-0.210675202
637799063	0.236724125
637799064	-0.095163587
637799065	-0.037910094
637799066	0.020032828
637799067	0.172170651
637799068	0.113036646
637799069	-0.258121698
637799070	-0.08518924
637799071	-0.062307518
637799072	0.15115481
637799073	-0.090936887
637799074	-0.43245032
637799075	-0.066039426
637799076	-0.091554647
637799077	0.090267685
637799078	0.095796106
637799079	-0.50222508
637799080	-0.535082279
637799081	-0.019685804
637799082	-0.095207486
637799083	-0.187665716
637799084	0.035380689
637799085	-0.217483035
637799086	0.004006597
637799087	-0.229114992
637799088	-0.191006751
637799089	-0.606305276
637799090	0.054793769
637799091	-0.44532235
637799092	-0.323798411
637799093	0.187412912
637799094	0.059909944
637799095	-0.148362566
637799096	-0.101648405
637799097	-0.286915261
637799098	-0.148571274
637799099	-0.188176908
637799100	-0.208818869
637799101	-0.080813329
637799102	-0.230711069
637799103	-0.053311858
637799104	0.137848739
637799105	0.042958255
637799106	-0.577769956
637799107	-0.243290965
637799108	0.075256155
637799109	0.220499215
637799110	-0.063204594
637799111	-0.315197843
637799112	0.022270266
637799113	-0.0357816
637799114	-0.072192362
637799115	-0.601808606
637799116	-0.460971998
637799117	-0.455896808
637799118	0.018624419
637799119	-0.018875816
637799121	-0.154872374
637799122	0.128532563
637799123	-0.203645198
637799124	0.178417992
637799125	-0.388866954
637799126	-0.068245397
637799127	0.069834611
637799128	0.041791321
637799129	0.060413567
637799130	0.039530136
637799131	-0.246672971
637799132	0.029814143
637799133	0.258785556
637799134	0.122091933
637799135	-0.161414882
637799136	-0.027674335
637799137	0.066897926
637799138	-0.02425219
637799139	0.215024095
637799140	-0.019916466
637799141	-0.230359237
637799142	-0.047309424
637799143	-0.053022908
637799144	0.091286114
637799146	-0.054639402
637799147	-0.083754123
637799148	0.380830148
637799149	0.073401338
637799150	0.15777185
637799151	0.136596136
637799152	0.114190041
637799153	0.083619412
637799154	-0.208217754
637799155	-0.103527147
637799157	-0.033083414
637799158	0.066014291
637799159	0.021785926
637799160	-0.157072867
637799161	-0.033394244
637799162	0.073294245
637799163	0.067796714
637799164	0.112653779
637799165	0.085247117
637799166	-0.003301631
637799167	-0.16555557
637799168	-0.058396365
637799169	-0.143783662
637799170	0.278313176
637799171	-0.232265055
637799172	0.039103222
637799173	-0.024312416
637799174	-0.009819431
637799175	0.039748756
637799176	-0.183651546
637799177	-0.10140259
637799178	-0.156021546
637799179	0.030255557
637799180	-0.067689109
637799181	0.017054034
637799182	-0.156901724
637799184	-0.689411961
637799185	-0.281450895
637799186	-0.534332504
637799187	-0.134732432
637799188	0.07374989
637799189	0.096521534
637799190	-0.17501874
637799191	-0.257971827
637799192	-0.002217961
637799193	-0.124989481
637799194	0.20108812
637799195	-0.212490747
637799196	-0.302027818
637799197	-0.188695445
637799198	-0.169367518
637799199	-0.112938437
637799200	-0.20736951
637799201	-0.164856296
637799202	0.038995758
637799203	0.047506356
637799204	0.183893226
637799205	-0.146383086
637799206	-0.18188328
637799207	-0.129762801
637799208	0.245500733
637799209	-0.279203135
637799210	-0.261486541
637799211	0.047356174
637799212	0.021814057
637799213	-0.658810347
637799214	-0.089492177
637799215	-0.048056879
637799216	0.246901363
637799217	0.201132924
637799218	0.135852187
637799220	-0.001333985
637799221	0.033248199
637799222	-0.108676787
637799223	-0.028404852
637799224	-0.243457889
637799225	0.057218407
637799226	0.208402487
637799227	0.106347147
637799228	-0.157825981
637799229	-0.175202002
637799230	-0.100362811
637799231	-0.053042379
637799232	0.000544591
637799233	0.084481567
637799234	0.015634354
637799235	-0.444015662
637799236	0.190602277
637799237	-0.014880996
637799238	0.01909228
637799239	-0.161566926
637799240	-0.2481843
637799241	-0.078362799
637799242	0.150775224
637799243	-0.044748854
637799244	-0.144280236
637799245	-0.28110416
637799246	-0.01929102
637799247	-0.064988386
637799248	0.046701936
637799249	-0.021941793
637799250	-1.963535441
637799251	0.031151022
637799252	-0.086274107
637799253	0.001196176
637799254	-0.011327071
637799255	0.218647695
637799256	-0.185865039
637799257	0.042097846
637799258	-0.045131138
637799259	-0.097095259
637799260	-0.22104988
637799261	-0.23286466
637799262	-0.173611
637799263	-0.207089899
637799264	0.064461938
637799265	0.126190277
637799266	-0.164856926
637799267	-0.118490413
637799268	0.184610016
637799270	0.243341712
637799271	0.563651569
637799272	0.554332935
637799273	0.307322596
637799274	0.072205682
637799275	0.07810661
637799276	0.044231867
637799277	0.051974879
637799278	-0.557363324
637799279	0.064065327
637799280	-0.034182915
637799281	0.03207788
637799282	0.049283733
637799283	-0.013277759
637799284	-0.1837733
637799285	0.291435556
637799286	0.051934884
637799287	0.001315292
637799288	0.125135737
637799289	0.11746729
637799290	-0.028216685
637799291	-0.062357687
637799292	-0.165907102
637799293	-0.05575076
637799294	0.179422419
637799295	0.248893989
637799296	0.050348633
637799297	0.077489501
637799298	-0.3145001
637799299	-0.287135583
637799300	-0.139292528
637799301	-0.025390174
637799302	0.082821969
637799303	-0.134379747
637799304	-0.07879449
637799305	0.105437806
637799307	-0.144162316
637799308	-0.730344356
637799309	0.219731773
637799310	-0.08091639
637799311	0.022361976
637799312	-0.042920978
637799313	-0.053443318
637799314	-0.040512422
637799315	0.118906593
637799316	0.063768616
637799317	-0.868191333
637799318	0.025096021
637799319	-0.043797384
637799320	-0.031498415
637799321	-0.511179342
637799322	0.50413357
637799323	0.603310509
637799324	0.065260815
637799325	0.287766412
637799326	-0.264284725
637799327	-0.279335011
637799328	-0.15393088
637799329	0.130448155
637799330	0.3017218
637799331	-0.016086447
637799332	-0.546311307
637799333	-0.124420941
637799334	-0.37868024
637799335	0.202852807
637799336	-0.124620246
637799337	0.43844432
637799338	-0.100592803
637799339	-0.277588837
637799340	0.013921889
637799341	-0.058972426
637799343	0.096986186
637799344	-0.106365858
637799345	0.163704175
637799346	0.381688617
637799347	0.30003413
637799348	0.053231524
637799349	0.093176093
637799350	0.033488347
637799351	-0.061074574
637799352	0.165669059
637799353	-0.241770713
637799354	0.106744969
637799355	0.189616623
637799356	0.170504927
637799357	0.004826019
637799358	-0.372403598
637799359	0.146999597
637799360	-0.036849166
637799361	-0.153796145
637799362	-0.105699607
637799363	-0.072311271
637799364	0.18208627
637799366	-0.177026431
637799367	-0.16394073
637799368	-0.308773894
637799369	0.016823555
637799370	0.135996518
637799371	-0.187378934
637799372	0.132599772
637799373	-0.03404731
637799374	0.020251394
637799375	0.004380763
637799376	-0.341329734
637799377	0.211565814
637799378	0.066041773
637799379	-0.076393875
637799380	0.12982358
637799381	-0.204369106
637799382	-0.125192831
637799383	0.106536877
637799384	0.157476567
637799385	-0.054249089
637799386	0.173315332
637799387	0.504229405
637799388	0.060529437
637799389	-0.176747564
637799390	-0.320493552
637799391	0.247935574
637799392	-0.200829675
637799393	-0.126667313
637799394	0.001510305
637799395	-0.084389435
637799396	0.004426802
637799397	0.003888498
637799398	0.009889951
637799399	-0.156347894
637799400	0.164466467
637799401	-0.14428869
637799402	0.001713131
637799403	-0.086088117
637799404	0.013296906
637799405	-0.041618041
637799406	-0.135751071
637799407	-0.364235969
637799408	-0.549083599
637799409	-0.264612955
637799410	0.012708325
637799411	0.156819286
637799412	-0.029486986
637799413	0.045748893
637799414	0.057554155
637799415	-0.144665701
637799416	-0.40719044
637799417	-0.241887807
637799418	-0.113455305
637799419	-0.099864034
637799420	0.162393198
637799422	-0.130667045
637799423	-0.169434986
637799424	-0.059742641
637799425	-0.023025619
637799426	0.056197639
637799427	-0.065581954
637799428	0.112104865
637799429	0.043106695
637799430	0.014013291
637799431	0.089104242
637799432	0.385931297
637799433	-0.084426433
637799434	0.036940336
637799435	-0.1986523
637799436	-0.009391557
637799437	0.090249226
637799438	-0.10139953
637799439	-0.066497485
637799440	0.15186369
637799441	0.002240203
637799442	0.114961345
637799443	0.054725413
637799444	0.143761393
637799445	0.0649146
637799448	0.085122648
637799449	-0.180051361
637799450	0.037602112
637799451	0.160520048
637799452	-0.01865744
637799453	-0.089040741
637799454	-0.212170756
637799455	-0.242137286
637799456	-0.071992363
637799457	0.126348499
637799458	-0.47786922
637799459	0.139308768
637799460	-0.116520284
637799461	-0.185242963
637799462	-0.520352524
637799463	0.21094088
637799464	-0.044850107
637799465	-0.071136574
637799466	-0.251695493
637799467	-0.003217256
637799468	-0.156572064
637799469	0
637799470	0
637799471	0.137334494
637799472	0.003149423
637799473	0.133232482
637799474	-0.016173561
637799475	-0.33894508
637799476	-0.143183678
637799477	-0.081364642
637799478	-0.307817738
637799479	0.003617153
637799480	-0.081278437
637799481	-0.427492667
637799482	0.034366248
637799483	-0.158796957
637799484	-0.166600107
637799485	-0.233383634
637799486	-0.35429787
637799489	-0.154964771
637799490	-0.331881575
637799491	0.032382816
637799492	0.25535702
637799493	0.073353471
637799494	-0.05803894
637799495	-0.244220801
637799497	0.122172315
637799498	0.164107472
637799499	0.008104788
637799500	-0.107673903
637799501	-0.098470078
637799502	-0.065662039
637799503	-0.07556176
637799504	-0.30870651
637799505	0.058837602
637799506	-0.019331196
637799508	-0.05216587
637799509	-0.054702963
637799510	-0.210583662
637799511	0.191388116
637799512	-0.143359754
637799513	0.143430098
637799514	0.149222338
637799515	-0.112117376
637799516	0.069220231
637799517	0.197602027
637799518	-0.002360884
637799519	0.057835917
637799520	-0.106093576
637799521	-0.206414385
637799522	-0.438583745
637799523	-0.060222553
637799524	-0.046973423
637799525	0.121044904
637799526	0.200335821
637799527	-0.329287757
637799528	0.010708562
637799529	0.042838703
637799530	-0.039204557
637799531	-0.142285121
637799532	-0.14649433
637799533	-0.086532389
637799534	-0.244801316
637799535	0.110100396
637799536	-0.424856431
637799537	-0.113369337
637799538	-0.085586737
637799539	0.015967249
637799540	0.106913036
637799541	-0.034186338
637799542	-0.082181852
637799543	0.093359701
637799544	-0.058256657
637799545	-0.15821375
637799546	0.265378065
637799547	0.092824446
637799548	-0.388088158
637799549	-0.106689107
637799550	-0.274836934
637799551	-0.210538706
637799552	0.085701917
637799553	-0.437048857
637799554	0.076091879
637799555	0.122763844
637799556	-0.026591212
637799557	0.08455962
637799558	0.001484321
637799559	-0.044956302
637799560	-0.094005037
637799561	-0.031011293
637799562	-0.179703634
637799563	-0.140457778
637799564	-0.022655362
637799565	-0.179298038
637799566	0.00527711
637799567	-0.044057593
637799568	0.048488328
637799569	0.102670072
637799570	0.07539758
637799571	-0.04383296
637799572	-0.214189712
637799573	-0.004626097
637799574	-0.409094061
637799575	-0.06725698
637799576	-0.589750771
637799577	-0.308411691
637799578	-0.329771113
637799579	-0.111674454
637799580	-0.065981381
637799581	0.002259862
637799582	-0.628039898
637799583	-0.546898514
637799584	-0.095357655
637799585	0.079939484
637799586	-0.016708051
637799587	-0.267297834
637799588	0.198616019
637799589	-0.020066924
637799590	-0.684807547
637799591	0.01202019
637799592	0.059320847
637799594	-0.089409751
637799595	0.043819359
637799596	-0.198417727
637799597	0.054193725
637799598	0.139396927
637799599	-0.146186345
637799600	-0.017872239
637799601	-0.508990666
637799602	-0.096129906
637799603	-0.074200414
637799604	0.157801739
637799605	-0.118980325
637799606	-0.025971785
637799607	0.084835692
637799608	0.121062891
637799609	-0.110216257
637799610	0.109810706
637799611	-0.155819801
637799612	0.080402786
637799613	0.239643283
637799614	0.128102471
637799615	0.019280891
637799616	-0.048526097
637799617	0.024246739
637799618	-0.013727644
637799619	-0.060624532
637799620	0.157499359
637799621	-0.048884678
637799622	-0.031119626
637799623	0.029585026
637799624	0.070160566
637799625	0.310020795
637799626	0.006313922
637799627	-0.013748832
637799628	0.156161535
637799629	0.492435772
637799630	0.180589016
637799631	-0.247787732
637799632	-0.190891006
637799634	0.151479835
637799635	-0.005260432
637799636	-0.249792979
637799637	-0.021911588
637799638	-0.011236064
637799639	0.079198358
637799640	-0.148675254
637799641	-0.067369786
637799643	-0.13526736
637799644	0.028164354
637799645	-0.637524554
637799646	-0.692569825
637799647	-0.020090522
637799648	-0.374036602
637799649	-0.467644724
637799650	-0.339073768
637799651	-0.106165271
637799652	-0.328525147
637799653	-0.090220624
637799654	-0.239897965
637799655	-0.021522088
637799656	-0.48656357
637799657	-0.079087086
637799658	-0.060857661
637799659	0.191004906
637799660	-0.121570618
637799661	0.50467938
637799662	0.190631136
637799663	-0.310295795
637799664	-0.158915487
637799665	-0.012864625
637799666	-0.066174368
637799667	-0.045011423
637799668	0.173531897
637799669	-0.115414709
637799670	-0.386647853
637799671	-0.168268674
637799672	-0.028595602
637799673	-0.182595656
637799674	-0.025853843
637799675	0.144582221
637799676	0.105083903
637799677	-0.035729419
637799678	-0.185344628
637799679	0.304740711
637799680	-0.161494196
637799681	-0.08764857
637799682	-0.389337594
637799683	-0.151538637
637799684	-0.005049544
637799685	-0.19397309
637799687	-0.072424806
637799688	-0.044849807
637799689	-0.060008189
637799690	-0.010202524
637799691	0.095849717
637799692	-0.17818118
637799693	0.152135792
637799694	-0.044246803
637799695	-0.168766203
637799696	0.199331826
637799697	0.281513984
637799698	0.384220689
637799699	0.240006016
637799700	-0.141937318
637799701	0.179932734
637799702	0.03294146
637799703	0.233938907
637799704	0.031955053
637799705	0.13200329
637799706	0.074891641
637799707	-0.381230641
637799708	-0.309750038
637799709	0.079492591
637799710	-0.242951646
637799711	-0.062582398
637799712	0.200866581
637799713	0.1814398
637799714	0.060762024
637799715	-0.085624943
637799716	-0.083191479
637799717	0.140550797
637799718	-0.28061869
637799719	-0.225472187
637799720	1.166907205
637799721	-0.206067308
637799722	-0.210965134
637799723	0.198077065
637799724	0.019505406
637799725	-0.209165239
637799726	0.082997891
637799727	-0.043281327
637799728	-0.002057213
637799729	0.031021227
637799730	0.048129636
637799731	-0.286251137
637799732	0.023797503
637799733	0.222109467
637799734	0.016612019
637799735	-0.04810825
637799737	-0.004437379
637799738	0.037082463
637799739	-0.019300693
637799740	0.108452172
637799741	0.332714252
637799742	0.128726188
637799743	-0.102811613
637799744	-0.034424111
637799745	-0.247805584
637799746	-0.152685173
637799747	0.12070128
637799748	-0.300379115
637799749	0.132365685
637799750	0.093128668
637799751	0.246457511
637799752	0.110315366
637799753	-0.43593428
637799754	0.015374265
637799755	-0.117101943
637799756	-0.010651981
637799757	-0.111436095
637799758	-0.228966893
637799759	0.100334509
637799760	-0.057937439
637799761	0.048309392
637799762	-0.024594341
637799763	0.001695321
637799764	-0.001742963
637799765	-0.068471587
637799766	0.068788542
637799767	-0.13541921
637799768	-0.145006717
637799769	0.092251389
637799770	0.421927816
637799771	-0.519107493
637799772	0.175632503
637799773	0.304124727
637799774	-0.000446504
637799775	0.14366737
637799776	-0.172790224
637799777	-0.290667569
637799778	-0.068858947
637799779	0.022430748
637799780	0.004006749
637799781	0.000450977
637799782	0.165379672
637799783	-0.107211283
637799784	0.029730708
637799785	-0.341652953
637799786	-0.028169683
637799787	0.002724168
637799788	0.072170885
637799789	0.09620709
637799790	0.001811977
637799791	-0.010138773
637799793	0.102479355
637799794	-0.079632772
637799795	0.267441169
637799796	0.045453911
637799797	-0.117660264
637799798	-0.010601237
637799799	-0.122351137
637799800	0.079684498
637799801	0.132329005
637799802	-0.092130062
637799803	0.01458246
637799804	0.010393095
637799805	0.214617059
637799806	0.053660822
637799807	0.108939396
637799808	-0.137905202
637799809	-0.332811371
637799810	0.170321374
637799811	0.048383836
637799812	-0.200683845
637799813	-0.069935884
637799814	-0.069896004
637799815	-0.251576293
637799816	0.095989225
637799817	-0.169785412
637799818	0.077434126
637799819	0.131390502
637799820	-0.040397829
637799821	-0.066381886
637799822	0.083776663
637799823	-0.069995411
637799824	-0.058804248
637799825	-0.030882408
637799826	0.016187945
637799827	0.087479828
637799828	-0.514993075
637799829	-0.556567802
637799830	0.148750518
637799831	0.119659954
637799832	-0.005056196
637799833	-0.14938223
637799834	-0.146222986
637799835	-0.282548014
637799836	0.103848375
637799837	-0.064047476
637799838	0.293374582
637799839	-0.081059957
637799840	0.172049008
637799841	0.081090711
637799842	0.062654029
637799843	-0.25684452
637799844	-0.578866247
637799845	-0.083628749
637799846	-0.162682381
637799847	0.150765458
637799848	-0.370216561
637799849	-0.050043403
637799850	-0.130941133
637799851	-0.38089967
637799852	-0.269810601
637799853	0.228919637
637799854	0.730194004
637799855	0.554188625
637799856	0.369743532
637799857	-0.224885866
637799858	0.246928117
637799859	0.072472826
637799860	0.227805203
637799861	-0.308917471
637799862	-0.095749386
637799863	-0.487670587
637799864	-0.027978956
637799865	0.017458557
637799866	-0.232954357
637799867	-0.135489257
637799868	-0.204113622
637799869	-0.081101417
637799870	-0.138531039
637799871	-0.442986015
637799872	0.204177561
637799873	-0.077121767
637799874	-0.091917634
637799875	-0.185176194
637799876	0.274484633
637799877	-0.203664272
637799878	-0.596521546
637799879	-0.069398825
637799880	-0.105148717
637799881	-0.029049325
637799882	0.236911656
637799883	-0.227333232
637799884	-0.078861476
637799885	-0.044178071
637799886	0.036027384
637799887	-0.04235851
637799888	0.05514587
637799889	0.185980202
637799890	-0.079818942
637799891	-0.155840674
637799892	-0.45682464
637799893	0.068416868
637799894	-0.253789047
637799895	-0.094767517
637799896	-0.008510165
637799897	-0.269675251
637799898	-0.313909431
637799899	-0.108924148
637799900	0.099305829
637799901	-0.121338054
637799902	0.21745184
637799903	0.065281975
637799904	-0.042378218
637799905	-0.013777687
637799906	-0.034951378
637799907	0.503987841
637799908	0.104090123
637799909	0.067357339
637799910	-0.334690079
637799911	-0.373959756
637799912	0.24366359
637799913	-1.93E-05
637799914	0.108628272
637799915	-0.02013883
637799916	-0.122840467
637799917	0.129148704
637799918	0.164438716
637799919	-0.394954849
637799921	-0.069526076
637799922	-0.192849582
637799923	0.014751064
637799924	0.034086213
637799925	0.203599989
637799926	-0.102672136
637799927	0.048253067
637799928	0.148896886
637799929	-0.2079415
637799930	0.044993831
637799931	-0.139223228
637799932	-0.722206772
637799933	-0.047197375
637799934	-0.086359434
637799935	-0.015049015
637799936	0.157739399
637799937	0.155221828
637799938	-0.216073885
637799939	-0.529270543
637799940	-0.048107067
637799941	0.143132003
637799942	-0.236502608
637799943	-0.232295728
637799944	-0.080844146
637799945	-0.083009903
637799946	0.121112199
637799947	0.109887998
637799948	-0.172783642
637799949	-0.03849728
637799950	-0.015789154
637799951	0.095471858
637799952	0.15554335
637799953	-0.209169873
637799954	-0.069999139
637799955	-0.405191579
637799956	-0.305070335
637799957	-0.427078579
637799958	-0.214859489
637799959	-0.15860754
637799960	0.102090045
637799961	0.014211809
637799962	-0.055710087
637799963	-0.16557541
637799964	-0.057859614
637799965	0.4191079
637799966	-0.007381833
637799967	-0.082230144
637799968	-0.144306403
637799969	-0.007066575
637799970	-0.009311658
637799971	0.353033325
637799972	0.082425125
637799973	0.020254769
637799974	0.263018434
637799975	0.229751835
637799976	-0.331643595
637799977	0.104358033
637799978	-0.001114327
637799979	-0.087792671
637799980	-0.049992472
637799981	0.221950117
637799982	0.044046644
637799983	-0.233636027
637799984	-0.157891832
637799985	0.08857967
637799986	0.040636435
637799987	-0.035629686
637799988	-0.215434812
637799989	-0.680721735
637799990	-0.607641793
637799991	-0.242006149
637799992	-0.338175302
637799993	-0.085667485
637799994	0.173190858
637799995	0.117732253
637799996	-0.057507344
637799997	0.020291308
637799998	-0.050157724
637799999	-0.056085785
637800000	-0.48456981
637800001	-0.252526807
637800002	0.269347364
637800003	0.569165711
637800004	-0.173837202
637800005	-0.527069829
637800006	-0.744785563
637800007	-0.322580679
637800008	-0.356279855
637800009	-0.067027282
637800010	0.190757721
637800011	0.029330966
637800012	-0.126985227
637800013	0.249056874
637800014	0.1375081
637800015	-0.3282401
637800016	-0.121151349
637800017	-0.041848624
637800018	0.085255407
637800019	-0.173942999
637800020	-0.404940207
637800021	0.035941847
637800022	0.078311647
637800023	-0.006950049
637800024	-0.15917566
637800025	0.041701636
637800026	-0.352683116
637800027	-0.053224391
637800028	0.030798881
637800029	-0.161886332
637800030	-0.122627689
637800031	-0.178834744
637800032	-0.035744593
637800033	-0.075822421
637800034	0.143730388
637800035	0.384956693
637800037	0.018596479
637800038	-0.069504821
637800039	0.011940207
637800040	0.088950448
637800041	0.00877781
637800042	0.428094888
637800043	0.154906391
637800044	-0.642422407
637800045	-0.881725423
637800046	-0.803205778
637800047	-0.038575223
637800048	-0.227129493
637800049	-0.142043306
637800052	-0.15967045
637800053	0.101754034
637800054	0.015842303
637800055	-0.033841055
637800056	-0.006455297
637800057	-0.218535903
637800058	-0.110928875
637800059	0.183845766
637800060	0.008585836
637800061	0.057139233
637800062	-0.106044151
637800063	-0.198760211
637800064	0.294994241
637800065	-0.139970073
637800066	-0.387130146
637800067	-0.279749173
637800068	-0.135554185
637800070	-0.122322539
637800071	0.097814139
637800072	-0.004322332
637800073	-0.509738051
637800074	0.127989828
637800075	-0.241565018
637800076	0.117584393
637800077	-0.127146425
637800078	-0.153159167
637800079	-0.312127443
637800080	-0.16358756
637800081	-0.391103243
637800082	0.068254743
637800083	-0.60279435
637800084	0.117545413
637800085	-0.114932054
637800086	0.092879471
637800087	-0.043728458
637800088	-0.065716089
637800089	-0.118483483
637800090	-0.230824497
637800091	-0.072157971
637800092	-0.118171996
637800093	-0.451962308
637800094	0.018754573
637800095	0.316389173
637800096	-0.05156037
637800097	0.070698681
637800098	-1.430092411
637800099	0.015186543
637800101	0.230024534
637800102	0.236308969
637800103	0.053501918
637800104	-0.10372493
637800105	-0.022748874
637800106	0.000384559
637800107	-0.239375342
637800108	-0.141521447
637800109	-0.026580974
637800110	-0.451355884
637800111	-0.004722682
637800112	-0.176539448
637800113	-0.186272783
637800114	-0.282344123
637800115	-0.103315868
637800116	-0.237707867
637800117	-0.305352991
637800118	-0.340906088
637800119	-0.139260924
637800120	0.116606121
637800121	0.024577713
637800122	0.182663467
637800123	0.143419407
637800124	-0.009328083
637800125	-0.056894299
637800126	0.061893254
637800127	0.193907781
637800128	0.035678563
637800129	-0.013787126
637800130	0.184525885
637800131	-0.0035206
637800132	0.067407686
637800133	0.033553896
637800134	-0.203088271
637800135	0.070679379
637800136	0.005751143
637800137	-0.318095132
637800138	0.115169987
637800139	-0.231958326
637800140	-0.073514251
637800141	0.061280181
637800142	0.227049233
637800143	-0.197428159
637800144	-0.024272827
637800145	-0.288507925
637800146	0.099868557
637800147	-0.026207694
637800148	-0.069484042
637800149	-0.097481317
637800150	-0.086093727
637800151	-0.298171005
637800152	0.191203168
637800153	-0.156441485
637800154	-0.07852618
637800156	0.219107778
637800157	-0.135362839
637800158	0.321581625
637800159	0.137549144
637800160	0.141922008
637800161	-0.238009153
637800162	0.067618524
637800163	-0.10442459
637800164	-0.008442377
637800165	-0.197410988
637800166	-0.222593925
637800167	-0.170540822
637800168	0.010181573
637800169	-0.143071295
637800170	-0.178368577
637800171	-0.014350674
637800172	-0.262240935
637800173	-0.185857592
637800174	-0.203853259
637800175	-0.239786188
637800176	-0.187478601
637800177	-0.174337545
637800178	0.050164688
637800179	-0.040418725
637800180	0.012616951
637800181	0.008877088
637800182	-0.262712833
637800183	-0.108680267
637800184	-0.095092562
637800185	-0.076119573
637800186	0.036276051
637800187	-0.122984366
637800188	-0.165064937
637800189	-0.390593943
637800190	-0.410691338
637800191	-0.031772004
637800192	0.20822812
637800194	-0.067535438
637800195	-0.311943019
637800197	-0.194799815
637800198	-1.115652578
637800199	-0.068238049
637800200	-0.191992749
637800201	0.172958038
637800202	-0.068011679
637800203	0.206941896
637800204	-0.062043034
637800205	0.028058859
637800206	-0.110076863
637800207	-0.082610285
637800208	-0.061906824
637800209	-0.128346145
637800210	-0.045174406
637800211	0.125953462
637800212	-0.072559474
637800213	-0.139703383
637800214	-0.227032922
637800215	-0.111028266
637800216	0.11765136
637800217	-0.597951309
637800218	-0.322397429
637800219	-0.164538209
637800220	0.128335118
637800221	-0.02656856
637800222	-0.3805578
637800223	-0.125573029
637800224	-0.042774824
637800225	-0.917815975
637800226	-0.004067358
637800227	0.036668155
637800228	0.130747344
637800229	0.083533324
637800230	-0.162100001
637800231	-0.029954996
637800232	0.09603377
637800233	-0.251766268
637800234	0.03104976
637800235	0.142954134
637800236	-0.12765781
637800237	0.142414907
637800238	-0.07044668
637800239	0.176388326
637800240	-0.10659935
637800241	-0.049999229
637800242	0.005606911
637800243	-0.227903692
637800244	-0.457307765
637800245	-0.337499536
637800246	-0.178525826
637800247	0.084974866
637800248	0.132403954
637800249	0.248850089
637800250	0.176399261
637800251	0.141860932
637800252	0.114194997
637800253	-0.047376628
637800254	-0.12771688
637800255	-0.138994774
637800256	-0.104718302
637800257	0.007423167
637800258	-0.038098331
637800259	0.068903938
637800260	-0.012952679
637800261	-0.55103037
637800262	-0.140078032
637800263	0.051651465
637800264	0.08201407
637800265	-0.420194092
637800266	0.013991155
637800267	0.050864424
637800268	-0.061913298
637800269	-0.077762293
637800270	-0.159793015
637800271	-0.285908181
637800272	0.025621001
637800273	-0.033299502
637800274	0.265631179
637800275	0.262464017
637800276	0.022588526
637800277	0.174452511
637800278	-0.391243859
637800279	-0.740141543
637800280	-0.097948621
637800281	-0.283731134
637800282	0.030776121
637800283	0.009870419
637800284	0.028368927
637800285	-0.045634774
637800286	-0.038855859
637800287	-0.157633577
637800288	-0.088753662
637800289	-0.10738858
637800290	-1.222831127
637800291	-0.130628005
637800292	0.258029774
637800293	0.171686005
637800294	0.20918148
637800295	0.260544
637800296	-0.028812069
637800297	0.046755741
637800298	-0.052966754
637800299	-0.058783189
637800300	-0.11229841
637800301	0.135273612
637800302	0.047827213
637800303	0.071606436
637800304	-0.054638506
637800305	0.018836454
637800306	-0.17901185
637800307	0.12593008
637800308	-0.115507578
637800309	0.034038246
637800310	0.146481212
637800311	0.219682068
637800312	-0.155511869
637800313	0.073440984
637800314	0.043643802
637800315	-0.029398692
637800316	-0.184505036
637800317	-0.103542357
637800318	0.078281618
637800319	0.054936695
637800320	0.125498018
637800321	-0.323155462
637800322	0.233336775
637800323	0.076369575
637800324	-0.369056847
637800325	0.046289293
637800326	0.23513323
637800327	-0.215875946
637800328	0.05096451
637800329	0.192923955
637800330	0.202524597
637800331	0.090188542
637800332	0.012987018
637800333	0.133018282
637800334	-0.318918918
637800335	0.078236504
637800336	-0.031240341
637800337	-0.066341609
637800338	0.029560651
637800339	-0.153786196
637800340	-0.204760387
637800341	0.130105632
637800342	0.046309238
637800343	0.06451851
637800344	-0.117583981
637800345	-0.097473043
637800346	-0.14976197
637800347	0.198607627
637800348	-0.266904293
637800349	0.115651316
637800350	-0.089821117
637800351	-0.188727336
637800352	-0.34145608
637800353	0.083453394
637800354	-0.249359955
637800355	-0.089470488
637800356	-0.563581524
637800357	-0.020646729
637800358	-0.001016604
637800359	-0.043569378
637800360	-0.053861428
637800361	0.150828681
637800362	-0.076107886
637800363	-0.115790825
637800364	-0.167246799
637800365	-0.146610693
637800366	0.146500354
637800367	-0.129480785
637800368	0.043103287
637800369	0.014814526
637800370	-0.110285562
637800371	-0.023119992
637800372	0.058644572
637800373	0.08003065
637800374	0.178637288
637800375	0.129030278
637800376	-0.185181592
637800377	0.17001154
637800378	0.057024987
637800379	-0.294519054
637800380	0.024128534
637800381	-0.174718425
637800382	0.147178055
637800383	0.122133775
637800384	0.264560972
637800385	0.170613772
637800386	-0.152709491
637800387	0.273622682
637800389	-0.240832901
637800390	0.064370284
637800391	-0.256244057
637800392	-0.68293933
637800393	-0.616516495
637800394	-0.097383181
637800395	-0.018680595
637800396	0.056199551
637800397	0.073865051
637800398	-0.224454453
637800399	-0.050122271
637800400	-0.014723043
637800401	-0.237404086
637800402	0.126149186
637800403	-0.600438923
637800404	0.114727424
637800405	-0.249938937
637800406	0.007818999
637800407	-0.377517875
637800408	0.078108184
637800411	-0.039279198
637800412	0.14389516
637800413	0.161511635
637800414	-0.428265895
637800415	-0.097608833
637800416	-0.045098198
637800417	-0.162315362
637800418	-0.205280249
637800419	0.019385489
637800420	-0.296826831
637800421	-0.316949619
637800422	-0.11759836
637800423	-0.033348824
637800424	0.214726874
637800425	-0.141864605
637800426	-0.066924076
637800427	-0.348588787
637800428	0.107163721
637800429	-0.071469629
637800430	-0.20307796
637800431	0.049166264
637800432	0.181664627
637800433	0.202234414
637800434	0.08558187
637800435	0.336186038
637800436	-0.577780278
637800437	-0.103035579
637800438	0.167795695
637800439	0.081408424
637800440	-0.10405378
637800441	-0.031452223
637800442	-0.479135457
637800443	0.039193078
637800444	-0.538828263
637800445	0.027210143
637800446	0.126051794
637800447	-0.082063238
637800448	0.166392438
637800449	0.020790648
637800450	-0.071354946
637800451	-0.157835973
637800452	-0.060486493
637800453	-0.04323909
637800454	-0.082622916
637800455	0.193876985
637800456	0.050047578
637800457	0.187669777
637800458	0.021556072
637800459	-0.188289615
637800460	-0.287336346
637800461	0.146453658
637800462	-0.072601074
637800463	0.020698252
637800464	-0.264701897
637800465	-0.440565648
637800466	-0.13202212
637800467	0.013948205
637800468	-0.168817497
637800469	0.142260397
637800470	-0.042610287
637800471	-0.131317063
637800472	-0.198768267
637800473	-0.042366722
637800474	-0.334437865
637800475	0.153242155
637800476	0.251286514
637800477	0.276401147
637800478	-0.058936171
637800479	-0.302454785
637800480	0.15387391
637800481	-0.035114821
637800482	0.055462421
637800483	0.020142678
637800484	-0.106286064
637800485	0.018363724
637800486	0.017466856
637800487	0.049274604
637800488	0.031517484
637800489	-0.177600973
637800490	0.091379628
637800491	-0.457131096
637800492	-0.048801271
637800493	0.080796904
637800494	0.277582262
637800495	-0.056694958
637800496	0.268432169
637800497	0.046182802
637800498	0.194098639
637800499	-0.033413029
637800500	-0.096274402
637800501	-0.043665935
637800502	-0.046781431
637800503	-0.060796619
637800504	-0.061980662
637800505	-0.165279777
637800506	0.004928836
637800507	-0.073653198
637800508	-0.032346667
637800509	0.038432437
637800510	-0.256856071
637800511	-0.226246004
637800512	0.039473199
637800513	0.055997458
637800514	-0.118638804
637800515	0.037600168
637800516	0.087922398
637800517	-0.210647165
637800518	-0.112297687
637800519	-0.208159278
637800520	-0.185036998
637800521	-0.020762054
637800522	0.052797335
637800523	-0.171821584
637800524	-0.782862791
637800525	-0.113919513
637800526	-0.084659147
637800527	-0.883165084
637800528	-0.014230919
637800529	0.200861585
637800530	0.047646564
637800531	-0.292137043
637800532	-0.09120527
637800533	-0.131825763
637800534	-0.161636176
637800535	0.001654934
637800536	0.140331516
637800537	0.111522153
637800538	0.304934556
637800539	-0.033090426
637800540	0.033154923
637800541	-0.340328175
637800542	-0.048884449
637800543	0.09342874
637800544	0.216796331
637800545	0.062397115
637800546	-0.125943685
637800547	-0.05930431
637800548	-0.2655898
637800549	-0.042695848
637800550	0.019557854
637800551	0.241095256
637800552	0.362841265
637800553	0.085954613
637800554	-0.055544962
637800555	-0.044770367
637800556	-0.089257851
637800557	-0.335838943
637800558	-0.178770238
637800559	-0.06754455
637800560	0.073642532
637800561	-0.13339238
637800562	-0.105703337
637800563	-0.387548226
637800564	-0.172562307
637800565	-0.249501651
637800566	-0.231342639
637800567	-0.172776671
637800568	0.323596373
637800569	0.106583938
637800570	-0.382546275
637800571	-0.210564451
637800572	-0.327581827
637800573	-0.27129207
637800574	-0.191596731
637800575	0.206067043
637800576	0.135992003
637800577	0.139134223
637800578	-0.212685809
637800579	0.066528276
637800580	0.081398865
637800581	0.069828924
637800582	-0.206841216
637800583	0.157361936
637800584	0.168818911
637800585	0.060998835
637800586	0.085034418
637800587	0.026607885
637800588	0.00793816
637800589	0.054154523
637800590	0.026258374
637800591	0.009999479
637800592	-0.040095578
637800593	-0.270952223
637800594	-0.272441132
637800595	-0.181485777
637800596	0.055503756
637800597	-0.174613394
637800598	0.01718341
637800599	-0.240117231
637800600	-0.013967062
637800601	0.197830518
637800602	0.085074153
637800603	-0.068376366
637800604	0.320807736
637800605	0.24001817
637800606	0.037779763
637800607	0.181609075
637800608	-0.058436883
637800609	-0.03432215
637800610	0.000261127
637800611	0.005097622
637800612	-0.322355384
637800613	-0.019409059
637800614	-0.159540252
637800615	-0.151276103
637800616	-0.630177005
637800617	-0.06531567
637800618	0.008670014
637800619	-0.009805592
637800620	-0.118783027
637800621	-0.002442033
637800622	0.197648859
637800623	0.029861204
637800624	0.166815668
637800625	-0.102284039
637800626	0.014366543
637800627	-0.155639376
637800628	-0.219021336
637800629	0.097477805
637800630	0.014461538
637800631	0.030430241
637800632	-0.265887897
637800633	-0.137308149
637800634	-0.018844679
637800635	-0.192925504
637800636	-0.257458218
637800637	-0.297711389
637800638	0.033420389
637800639	-0.020652676
637800640	0.031579627
637800641	-0.255832576
637800642	-0.013105165
637800643	0.094021742
637800644	-0.07648011
637800645	-0.474164288
637800646	-0.256054321
637800647	-0.057842781
637800648	-0.385821602
637800650	-0.101891884
637800651	-0.106076358
637800652	-0.073361798
637800653	-0.20751893
637800654	0.016359147
637800655	0.047657522
637800657	0.024177704
637800658	0.052736163
637800659	0.288835968
637800660	0.036457845
637800661	-0.157345488
637800662	-0.358271966
637800663	0.022201631
637800664	-0.023641796
637800665	0.138089274
637800666	0.109396006
637800667	-0.030944533
637800668	0.201346395
637800669	0.182326109
637800670	-0.111682032
637800671	0.119079106
637800672	0.120864615
637800673	0.009805324
637800674	-0.042312639
637800675	0.071493241
637800676	-0.147048225
637800677	0.083365498
637800678	-0.003141497
637800679	-0.006657443
637800680	-0.188463148
637800681	-0.024227243
637800682	0.145028252
637800683	-0.132932951
637800684	0.045292199
637800685	-0.400844511
637800686	-0.242118843
637800687	0.014743834
637800688	-0.24255232
637800689	-0.210166629
637800690	-0.227148251
637800691	0.104322853
637800692	0.18019626
637800693	0.041976949
637800694	0.036715254
637800695	-0.157719215
637800696	0.135008787
637800697	0.102819417
637800698	-0.081317411
637800699	0.059684288
637800700	-0.144864882
637800701	-0.593160874
637800702	-0.049959088
637800703	-0.115985633
637800704	-0.301321189
637800705	-0.043322423
637800706	-0.287499435
637800707	-0.011840542
637800708	0.073519036
637800709	0.061350357
637800710	0.072354898
637800711	-0.148574086
637800712	-0.152986158
637800713	0.142698389
637800714	-0.924952898
637800715	0.372712526
637800716	0.006063931
637800717	0.108085806
637800718	-0.126821839
637800719	-0.159627096
637800720	0.182548612
637800721	0.166457632
637800722	-0.10028311
637800723	-0.103262414
637800724	-0.018377266
637800725	-0.010041923
637800726	-0.139873148
637800727	0.13688834
637800728	0.284690541
637800729	-0.131716637
637800730	0.175571428
637800731	0.095751522
637800732	0.207377961
637800733	-0.04311374
637800734	0.009755474
637800735	0.008311024
637800736	0.118837194
637800737	-0.271943175
637800738	0.037400689
637800740	-0.077917354
637800741	0.082235553
637800742	-0.090436676
637800743	-0.102387203
637800744	0.126012886
637800745	-0.672821385
637800746	0.209608216
637800747	-0.065462466
637800748	-0.139439804
637800749	-0.657777379
637800750	0.233218985
637800751	0.138058855
637800752	0.082627652
637800753	-0.042868933
637800754	-0.627008699
637800755	-0.660828175
637800756	-0.561798308
637800757	0.044588059
637800758	-0.028837981
637800759	-0.176258595
637800760	-0.026800938
637800761	-0.472749471
637800762	-0.256075433
637800763	0.485554894
637800764	0.006585258
637800765	-0.280340448
637800766	-0.342040347
637800767	-0.216541897
637800768	-0.224589327
637800769	-0.427885777
637800770	-0.467169503
637800771	-0.298625367
637800772	-0.289520179
637800773	0.028372201
637800774	-0.464419969
637800775	0.52227107
637800776	-0.052291267
637800777	0.056172147
637800778	-0.072269058
637800779	0.140724545
637800780	-0.016281719
637800781	-0.739799629
637800782	-0.634495365
637800783	-0.597741362
637800784	-0.905471911
637800785	0.077593316
637800786	-0.138947223
637800787	-0.17292368
637800788	-0.262179661
637800789	-0.069490454
637800790	0.167706262
637800791	0.476803389
637800792	-0.330453384
637800793	-0.27784276
637800794	-0.271503479
637800795	0.320602517
637800796	-0.057035106
637800797	-0.275575215
637800798	-0.040883813
637800799	0.215722659
637800800	-0.448345022
637800801	0.00109973
637800802	-0.301981288
637800803	-0.231450871
637800804	0.035738895
637800805	0.034356602
637800806	0.085557504
637800807	0.139944153
637800808	-0.032435329
637800809	0.102498861
637800810	0.153747314
637800811	-0.201426535
637800812	0.129399405
637800813	-0.104413777
637800814	-0.208710549
637800815	-0.087755418
637800816	0.146557744
637800817	-0.121401796
637800818	0.001411843
637800819	-0.059443174
637800820	0.035104533
637800821	-0.118729964
637800822	-0.127746907
637800823	-0.1689284
637800824	0.07266696
637800825	0.05273248
637800826	-0.026473905
637800827	-0.07147832
637800828	-0.45291902
637800829	-0.140164626
637800830	-0.103247384
637800831	-0.12707417
637800832	-0.414736299
637800833	-0.389906353
637800834	-0.174345215
637800835	-0.320522428
637800836	-0.676261377
637800837	0.093992387
637800838	-0.05771565
637800839	-0.195005051
637800840	0.065504775
637800841	0.043537534
637800842	-0.024440969
637800843	-0.105871303
637800844	0.060896585
637800845	-0.030141905
637800846	-0.078182903
637800847	-0.364068518
637800848	0.21277817
637800849	-0.427364966
637800850	-0.016524245
637800851	-0.372370599
637800852	-0.402633437
637800853	0.102802538
637800854	0.070286785
637800855	-0.217839717
637800856	0.221789752
637800857	-0.146011488
637800858	0.030984479
637800859	0.160675465
637800860	-0.129073517
637800861	0.094505809
637800862	0.119483326
637800863	0.050309955
637800864	0.323425528
637800865	-0.110534238
637800866	0.054986435
637800867	-0.114953533
637800868	0.151708355
637800869	-0.241804846
637800870	0.07671253
637800871	-0.182482062
637800872	-0.228284966
637800873	0.179018929
637800874	0.225362546
637800875	-0.108512498
637800876	0.032301533
637800877	0.308388746
637800878	0.126582312
637800879	0.244978318
637800880	-0.193686486
637800881	-0.185433969
637800882	-0.312977564
637800883	0.189761997
637800884	-0.009669462
637800885	-0.047962895
637800886	-0.04527124
637800887	0.037459695
637800888	-0.41327106
637800889	-0.154381235
637800890	0.246710536
637800891	0.168212537
637800892	0.199785417
637800893	-0.300289599
637800894	-0.244210972
637800895	0.033026397
637800896	0.006256032
637800897	-0.355108649
637800898	0.249906217
637800899	-0.029318116
637800900	0.186400468
637800901	-0.091707227
637800902	-0.258467847
637800903	-0.103070956
637800905	0.069440836
637800906	-0.120318186
637800907	-0.207386499
637800908	0.271306586
637800909	-0.03338317
637800910	-0.626327234
637800911	0.008978026
637800912	0.005835669
637800913	-0.059501736
637800914	-0.327068215
637800915	-0.086751504
637800916	-0.103611145
637800917	-0.290813076
637800918	0.351560555
637800919	0.073913461
637800920	-0.080942318
637800921	-0.104940224
637800922	-0.306860888
637800923	-0.043189194
637800924	-0.014591471
637800925	-0.068476897
637800926	-0.146704085
637800927	-0.316810637
637800928	0.086365738
637800929	-0.197305235
637800930	-0.03672516
637800931	0.093465415
637800932	0.025976392
637800933	-0.140339879
637800934	-0.406210099
637800935	-0.413414178
637800936	0.495598004
637800937	-0.090920199
637800938	-0.108281473
637800939	-0.013059051
637800940	-0.228160254
637800941	0.185456239
637800942	-0.000314786
637800943	0.104195487
637800944	-0.079953001
637800945	0.129812287
637800946	-0.172735029
637800947	-0.388883984
637800948	-0.322362516
637800949	-0.151764736
637800950	-0.304401917
637800951	0.237516675
637800952	0.263004816
637800953	0.018021345
637800954	-0.123447329
637800955	-0.400036024
637800956	-0.53390337
637800957	-0.142060161
637800958	-0.049268239
637800959	-0.212195066
637800960	-0.116990434
637800961	-0.146694499
637800962	-0.131113705
637800963	0.178114873
637800964	0.025307839
637800965	0.077060159
637800966	0.025177741
637800967	-0.066697039
637800968	0.031596991
637800969	-0.122865676
637800970	0.101538318
637800971	-0.095507005
637800972	0.064368888
637800973	-0.108167665
637800974	-0.15703639
637800975	-0.383019378
637800976	-0.06340882
637800978	-0.220761191
637800979	-0.481848988
637800980	-0.136039693
637800981	-0.457276147
637800982	0.008611099
637800983	0.055324108
637800984	0.091180109
637800985	-0.256049945
637800986	-0.152599874
637800987	-0.194998994
637800988	-0.192969258
637800989	-0.073199588
637800990	-0.054615894
637800991	-0.232248206
637800992	-0.190536104
637800993	-0.007482136
637800994	0.050023479
637800995	0.169744558
637800996	0.083128107
637800997	-0.157714976
637800998	0.302194507
637800999	-0.030311142
637801000	-0.023540142
637801001	0.223290167
637801002	-0.415481337
637801003	-0.24802833
637801004	-0.592269626
637801005	0.00723327
637801006	-0.458471982
637801007	-0.646979429
637801008	-0.151499554
637801009	-0.21399389
637801010	-0.013750763
637801011	-0.108071696
637801012	-0.085485162
637801013	0.146822046
637801014	-0.061453204
637801015	0.13545162
637801016	-0.294924623
637801017	-0.192038818
637801018	-0.212185068
637801019	0.125683968
637801020	0.125047216
637801021	-0.03778201
637801022	-0.16111058
637801023	-0.032209215
637801024	0.162550133
637801025	0.045367697
637801029	-0.061729768
637801030	-0.147965512
637801031	-0.328580394
637801032	-0.179721935
637801033	0.067990475
637801034	-0.241666209
637801035	0.218740036
637801036	-0.109228072
637801037	0.129651522
637801038	0.188637488
637801040	0.207042228
637801041	0.119038779
637801042	0.155041852
637801043	-0.001036328
637801044	-1.092510983
637801045	-1.002207829
637801046	-0.082044909
637801047	-0.008480571
637801048	-0.028791079
637801049	0.131451859
637801050	-0.105345934
637801051	0.193399392
637801052	-0.208496282
637801053	0.058591876
637801054	-0.130050105
637801055	-0.236492392
637801056	-0.276876033
637801057	-0.304050911
637801058	-0.064068887
637801059	-0.089499832
637801060	-0.179346467
637801061	0.219417654
637801062	-0.15535202
637801063	-0.421571739
637801064	0.176637955
637801065	0.13483266
637801066	-0.140302919
637801067	-0.024083594
640711016	-0.697814026
640711017	-0.301552919
640711018	-0.336430234
640711019	-0.686786087
640711020	-0.543744266
640711021	-0.566155326
640711022	-0.598180546
640711023	-0.811251513
640711024	0
640711025	0
640711026	0
640711027	0
640711028	0
640711029	-0.736390421
640711030	-0.265063257
640711031	-0.96893176
640711032	-0.651715726
640711033	-0.63208107
640711034	-0.391965345
640711035	-0.765408343
640711036	-0.512902262
640711037	-0.532081635
640711038	0.278570747
640711039	-0.58721576
640711040	-0.660255436
640711041	-0.075828932
640711042	-0.505193389
640711043	-0.797598198
640711044	-0.552271565
640711045	-0.133788494
640711046	-0.537925145
640711047	-0.138396797
640711048	-0.438020913
640711049	-0.846497499
640711050	-0.421195986
640711051	-0.547055087
640711052	-0.613900727
640711053	-0.634031162
640711054	-0.316744673
640711055	-1.045577438
640711056	-0.094444426
640711057	-0.412991754
640711058	-0.641589467
640711059	-0.562981122
640711060	-0.365972529
640711061	-1.253477464
640711062	-1.025434581
640711063	-0.122887479
640711064	-0.396459112
640711065	-0.046724103
640711066	-0.018191258
640711067	-0.631122528
640711068	-0.677377453
637798356	0.061235235
637798357	0.214756871
637798358	0.214165794
637798359	0.291924996
637798360	-0.093269676
637798361	0.213688541
637798362	0.237315739
637798363	0.041147547
637798364	-0.116144976
637798365	-0.006239357
637798366	-0.110133414
637798367	-0.135221102
637798368	0.108284916
637798369	0.097262427
637798370	-0.104624628
637798371	-0.001665586
637798372	-0.121190292
637798373	-0.07067204
637798374	-0.050327158
637798375	0.060193793
637798376	-0.301320927
637798377	-0.010307003
637798378	0.052913302
637798379	-0.22696083
637798380	-0.240801668
637798381	-0.055780295
637798382	-0.417810616
637798383	-0.551379575
637798384	-0.245122501
637798385	0.461478354
637798386	0.105729897
637798387	-0.11589217
637798388	0.194453577
637798389	0.082268442
637798390	0.148768045
637798391	0.078406294
637798392	-0.138298251
637798393	-0.069401486
637798394	0.337278898
637798395	0.185105378
637798396	0.212640148
637798397	0.089245622
637798398	-0.203808838
637798399	-0.136422702
637798400	-0.316563572
637798401	-0.03436371
637798402	0.203751985
637798403	0.178612855
637798404	-0.023847746
637798405	0.07512794
pANS_predictedORF_1	-0.00265388
pANS_predictedORF_2	0.244931314
pANS_predictedORF_3	-0.512428129
pANS_predictedORF_4	-0.180786026
pANS_predictedORF_5	-0.164807442
pANS_predictedORF_6	0.163257185
pANS_predictedORF_7	-0.12305345
pANS_predictedORF_8	-0.00265388
