Reporter Identifier	VALUE
637798406	-0.149520306
637798407	-0.069333813
637798408	0.136389077
637798409	0.403649484
637798410	-0.211676726
637798411	-0.023665745
637798412	0.202351502
637798413	-0.030691539
637798414	0.176487511
637798415	0.340937835
637798416	-0.514332985
637798417	-0.340089952
637798418	-0.567783601
637798419	-0.055604453
637798420	0.002220867
637798421	-0.029405098
637798422	-0.143559547
637798423	0.058070831
637798424	-0.67247337
637798425	-0.142856239
637798426	-0.024836247
637798427	0.205878816
637798428	0.268422499
637798429	-0.222524377
637798430	0.081681043
637798431	0.136939229
637798432	0.023108188
637798433	-0.302420603
637798434	-0.162307745
637798435	-0.111317397
637798436	-0.048959206
637798437	-0.275810324
637798438	-0.512116421
637798439	-0.039420228
637798440	-0.103531485
637798441	0.008564538
637798442	0.040236894
637798443	0.049411683
637798444	-0.597323061
637798445	-0.19624569
637798446	-0.090037018
637798448	-0.728521116
637798449	0.017299264
637798450	0.199457872
637798451	-0.19117789
637798452	-0.121196535
637798453	0.092452003
637798454	-0.232443067
637798455	-0.606933211
637798456	-0.104636954
637798457	0.115892214
637798458	0.073106638
637798459	0.141887283
637798460	0.154480686
637798461	0.024347858
637798462	0.018921365
637798463	-0.074934503
637798464	0.008677126
637798465	-0.099740002
637798466	0.00093905
637798467	-0.015341932
637798468	-0.18056205
637798469	-0.107746568
637798470	0.013051241
637798471	-0.31970901
637798472	0.128744065
637798473	0.300351933
637798474	0.161258206
637798475	-0.35723805
637798476	0.00707204
637798477	0.002264586
637798478	0.199495585
637798479	-0.506563284
637798480	-0.147666033
637798481	0.229063048
637798482	-0.21925772
637798483	0.056588469
637798484	0.064219932
637798485	0.026564052
637798486	0.087186657
637798487	-0.159509669
637798488	0.013112739
637798489	0.121908126
637798490	-0.017411187
637798491	-0.432870734
637798492	-0.446106449
637798493	-0.213879692
637798494	-0.080001711
637798495	0.37411461
637798496	0.171842055
637798497	-0.003857663
637798498	-0.037570543
637798499	0.226416472
637798500	-0.077076019
637798501	-0.260249842
637798502	-0.31424401
637798503	-0.029535897
637798504	-0.311796545
637798505	-0.186236024
637798506	-0.847904507
637798507	0.243111791
637798508	0.10165776
637798509	-0.003657139
637798510	0.225512924
637798511	0.012671972
637798512	0.263414691
637798513	0.098043498
637798514	-0.05015103
637798515	-0.393656907
637798516	0.219503071
637798517	-0.12391891
637798518	0.037787869
637798519	-0.147992779
637798520	0.058578057
637798521	-0.140310937
637798522	0.152106914
637798523	0.207037328
637798524	-0.084906721
637798525	-0.097746228
637798526	-0.016061081
637798527	-0.010097347
637798528	-0.04475845
637798529	0.019764839
637798530	0.048000402
637798531	-0.063758667
637798532	0.07287074
637798533	0.316301773
637798534	-0.249029027
637798535	0.032201853
637798536	-0.419412695
637798537	-0.008692449
637798538	0.016361184
637798539	0.140524972
637798540	0.026159676
637798541	-0.040193042
637798542	-0.102897364
637798543	0.013413128
637798544	0.073996101
637798545	0.052831296
637798546	0.2405981
637798547	-0.363526487
637798548	0.116812218
637798549	-0.281982174
637798550	0.233651772
637798551	0.23245011
637798552	-0.135161538
637798553	-0.105270396
637798554	-0.142990965
637798555	0.154827135
637798556	-0.108102425
637798557	0.07697648
637798558	0.027964047
637798559	0.538514117
637798560	0.071426882
637798561	0.345993827
637798562	-0.22285447
637798563	-0.73226427
637798564	-0.087149263
637798565	-0.064978708
637798566	-0.121180533
637798567	0.187814555
637798568	0.035460757
637798569	-0.167230177
637798570	-0.234543529
637798571	-0.027551885
637798572	0.052767923
637798573	0.28494188
637798574	0.228588877
637798575	0.101139154
637798576	-0.214454231
637798577	-0.01102637
637798578	0.027124029
637798579	-0.021242028
637798580	0.098509286
637798581	-0.07678519
637798582	-0.272756015
637798583	0.048632997
637798584	0.19855165
637798585	0.088519863
637798586	0.045246807
637798587	-0.112949495
637798588	-0.18357587
637798589	0.053815154
637798590	-0.022683702
637798591	0.126112566
637798592	0.03623882
637798593	0.344684975
637798594	0.162726716
637798595	-0.114338856
637798596	-0.134328743
637798597	0.384857045
637798598	-0.000668029
637798599	-0.079033653
637798600	0.139626071
637798601	-0.10843026
637798602	-0.03091326
637798603	-0.06941535
637798604	-0.076750599
637798605	-0.371252833
637798606	-0.328058375
637798607	-0.205415471
637798608	0.168529571
637798609	0.418314593
637798610	0.23549382
637798611	-0.111366039
637798612	0.022916288
637798613	-0.058820774
637798614	0.105563546
637798615	-0.206761232
637798616	-0.150104045
637798617	-0.167046301
637798618	0.043579583
637798619	-0.283272406
637798620	0.215418137
637798621	-0.538419968
637798622	0.109282488
637798623	-0.275406743
637798624	0.515182271
637798625	-0.188723601
637798626	-0.274987621
637798627	0.243683582
637798628	0.235195259
637798629	0.23497859
637798630	0.006733321
637798631	-0.047044446
637798632	-0.113831148
637798633	0.406090163
637798634	-0.364504935
637798635	-0.083134365
637798636	0.13985669
637798637	-0.05464182
637798638	0.003450193
637798639	-0.114923122
637798640	0.178479967
637798641	-0.067814745
637798642	-0.09029339
637798643	-0.061616295
637798644	0.293120946
637798645	0.358336747
637798646	0.267609856
637798647	-0.005759463
637798648	-0.151361625
637798649	-0.808199421
637798650	-1.275929005
637798651	-1.270526348
637798652	-0.21059285
637798653	0.029110778
637798654	0.024034769
637798655	-0.176611757
637798656	0.139956376
637798657	0.074076966
637798658	-0.67458518
637798659	-0.686657522
637798660	0.249257307
637798661	0.09841089
637798662	-0.173285777
637798663	0.055873513
637798664	0.074126059
637798665	0.084979385
637798666	0.433258793
637798667	-0.052591657
637798668	-0.045930667
637798669	-0.006041874
637798670	0.020157612
637798671	0.142793005
637798672	0.011130805
637798673	0.000504535
637798674	0.072066908
637798675	-0.357470006
637798676	0.107104329
637798677	0.384383138
637798678	0.051562611
637798679	0.323509093
637798680	0.336015613
637798681	0.123432614
637798682	0.122258604
637798683	0.091787924
637798684	-0.481471205
637798685	-0.318789821
637798686	-0.10462351
637798687	-0.166702921
637798688	-0.164538168
637798689	0.010244397
637798690	0.437375305
637798691	-0.141519879
637798692	0.018115018
637798693	0.018424073
637798694	0.217931116
637798695	-0.163363384
637798696	0.033569172
637798697	-0.286924848
637798698	-0.01199798
637798699	0.227769233
637798700	-0.086661319
637798701	0.018118403
637798702	0.298571022
637798703	-0.1911568
637798704	0.044312398
637798705	-0.036522081
637798706	0.074162575
637798707	0.026844447
637798708	-0.600409193
637798709	0.034467646
637798710	-1.329222158
637798711	-0.390486886
637798712	-0.093150404
637798713	0.101190457
637798714	0.129140441
637798715	-0.07547199
637798716	0.053183534
637798717	0.091046004
637798718	-0.532333021
637798719	-0.11262061
637798720	0.04378803
637798721	-0.069501894
637798722	-0.961146074
637798723	-0.057208538
637798724	0.555389324
637798725	0.115874527
637798726	0.04379745
637798727	0.20141814
637798728	-0.047946199
637798729	-0.2629961
637798730	0.045086642
637798731	0.928709452
637798732	0.10959005
637798733	0.469668069
637798734	0.044523843
637798735	0.311444312
637798736	-0.141096515
637798737	0.02714126
637798738	0.430994196
637798739	0.481383091
637798740	0.506140017
637798741	-0.232613899
637798742	-0.001959493
637798743	0.319089787
637798744	0.023399185
637798745	0.110015575
637798746	0.242682593
637798747	-0.009158623
637798748	0.043807138
637798749	-0.33818492
637798750	-0.303303547
637798751	0.068398401
637798752	0.251026817
637798753	-0.466325906
637798754	-0.081105124
637798755	0.114781385
637798756	-0.354287139
637798757	0.066229535
637798758	-0.031836509
637798759	0.062499599
637798760	0.320097156
637798761	-0.018555408
637798762	0.027142086
637798763	-0.102801541
637798764	-0.059938628
637798765	0.013721457
637798766	0.100235493
637798767	0.084853346
637798768	0.196241244
637798769	0.255673109
637798770	-0.149701659
637798771	-0.030427872
637798772	-0.054695957
637798773	-0.023443782
637798774	0.164291638
637798775	-0.733812108
637798776	-0.790686114
637798777	-0.314181485
637798778	-0.300601815
637798779	-0.003703363
637798780	0.201930324
637798781	0.011200331
637798782	0.14593535
637798783	-0.055321983
637798784	-0.251096112
637798785	-0.306957319
637798786	-0.292174148
637798787	-0.19781249
637798788	0.131108858
637798789	-0.659741272
637798790	-0.079116141
637798791	0.093671165
637798792	0.227146786
637798793	0.171085604
637798794	-0.005657376
637798795	-0.146919411
637798796	-0.047237321
637798797	-0.821037641
637798798	0.143445306
637798799	0.097466647
637798800	-0.168900035
637798801	-0.064612401
637798802	0.081375947
637798803	0.029114942
637798804	-0.155077948
637798805	-0.046959402
637798806	0.160729603
637798807	-0.10014002
637798808	0.077240826
637798809	0.071628017
637798810	-0.17142925
637798811	0.087082058
637798812	-0.185335417
637798813	0.341852131
637798814	-0.078048599
637798815	0.039281132
637798816	0.31516005
637798817	0.262005421
637798818	0.335137055
637798819	-0.006330387
637798820	-0.038811421
637798821	0.04344921
637798822	-0.222306399
637798823	0.10859134
637798824	-0.202271953
637798825	-0.220577863
637798826	-0.123727738
637798827	-0.430612395
637798828	-0.701205024
637798829	-0.758808021
637798830	-0.313442699
637798831	-0.389642874
637798832	-0.235555425
637798833	0.18353639
637798834	0.268958804
637798835	-0.370960547
637798836	-0.13218999
637798837	-0.183382356
637798838	0.105917367
637798839	0.61534406
637798840	-0.004996566
637798841	0.25010458
637798842	-0.008013355
637798843	-0.059093544
637798844	0.041912942
637798845	-0.040870311
637798846	-0.06118045
637798847	-0.047552952
637798848	0.473231441
637798849	0.065100817
637798850	-0.378859872
637798851	0.205557404
637798852	0.589708652
637798853	0.06546512
637798854	-0.07044969
637798855	-0.330666827
637798856	-0.229235347
637798857	0.157000273
637798858	0.312762514
637798860	0.085962583
637798861	-0.062164719
637798862	-0.08886195
637798863	0.482764066
637798864	-0.095949589
637798865	-0.104085276
637798866	0.160630213
637798867	0.007395142
637798868	-0.084646576
637798869	0.064329755
637798870	-0.011595075
637798871	-0.041229134
637798872	-0.047485269
637798873	0.30362282
637798874	0.231753298
637798875	0.124743632
637798876	0.017440865
637798877	0.067965753
637798878	-0.03411986
637798879	-0.038328371
637798880	0.017209323
637798881	-0.00581848
637798882	-0.299028336
637798883	-0.396406723
637798884	-0.291047816
637798885	0.003865534
637798886	0.011112679
637798887	0.006474835
637798888	-0.079599754
637798889	0.01447132
637798890	-0.149885421
637798891	0.032299676
637798892	0.229010544
637798893	-0.001765823
637798894	-0.350371466
637798895	-0.050795206
637798896	0.099477654
637798897	-0.128484842
637798898	-0.792404017
637798899	-0.128814256
637798900	-0.399250352
637798901	0.058113801
637798902	-0.285869884
637798903	0.065823119
637798904	0.047641922
637798905	0.020939338
637798906	-0.671520119
637798907	-0.275654539
637798908	-0.023553408
637798909	-0.098706164
637798910	0.334904388
637798911	0.221411774
637798912	-0.114842427
637798913	-0.028174208
637798914	0.079066327
637798915	0.159265414
637798916	-0.033181052
637798917	0.011317858
637798918	0.077785433
637798919	0.283315901
637798920	-0.028085357
637798921	-0.018036519
637798922	0.109479806
637798923	0.026348162
637798924	0.010838635
637798926	-0.059243035
637798927	-0.009166842
637798928	0.208296769
637798929	0.127692606
637798930	0.163670245
637798931	-0.071802944
637798932	-0.432743089
637798933	-0.19315633
637798934	-0.024266547
637798935	-0.88477818
637798936	-0.029705393
637798937	-0.046648551
637798938	-0.123148895
637798939	-0.157503382
637798940	0.207432043
637798941	0.190507317
637798942	-0.056504228
637798943	0.212557259
637798944	-0.219730744
637798945	0.034079554
637798946	-0.089876099
637798947	0.120858181
637798948	-0.312924831
637798949	0.201873272
637798950	-0.036516128
637798951	0.236889962
637798952	0.099988884
637798953	0.176725121
637798954	0.087534345
637798955	0.27647723
637798956	0.048281905
637798957	-0.266963192
637798958	0.13646204
637798959	-0.017762334
637798960	0.195251075
637798961	-0.212427291
637798962	0.175040792
637798963	-0.159269764
637798964	-1.043515519
637798965	-0.359838725
637798966	-0.488957021
637798967	-0.323021761
637798968	0.029507222
637798969	0.317693836
637798970	0.124434609
637798971	-0.019760565
637798972	0.065546999
637798973	0.128521293
637798974	0.101548258
637798975	-0.077591749
637798976	0.007384884
637798977	-0.249805035
637798978	-0.244800834
637798979	-0.053579764
637798980	-0.207434535
637798981	-0.760679134
637798982	0.194012665
637798983	-0.082047536
637798984	0.008789081
637798985	0.124988144
637798986	-0.429575214
637798987	0.152090588
637798988	0.184567517
637798989	-0.479982081
637798990	0.019204527
637798991	0.196513741
637798992	0.067371241
637798993	0.084768105
637798994	0.089225181
637798998	0.062599831
637798999	0.158527226
637799000	-0.119229535
637799001	-0.081054527
637799002	0.20895438
637799003	-0.101507409
637799004	0.273787294
637799005	-0.073339058
637799006	-0.415896043
637799007	-0.040097486
637799008	-0.325495861
637799009	-0.316097787
637799010	-1.259485759
637799011	-0.173552084
637799012	-0.153602335
637799013	0.171232619
637799014	-0.264503812
637799015	-0.152697219
637799016	0.1504427
637799017	-0.086810598
637799018	-0.018451879
637799019	-0.003157935
637799020	0.287177363
637799021	0.085530621
637799022	0.09503371
637799023	0.027984594
637799024	-0.03503662
637799025	0.221369981
637799026	-0.025257943
637799027	-0.047415504
637799028	-0.110228512
637799029	-0.084757312
637799030	0.034838185
637799031	0.139023402
637799032	0.02027492
637799033	-0.157881413
637799035	0.111017873
637799036	0.147606161
637799037	0.038481291
637799038	-0.030369828
637799039	-0.084337692
637799040	-0.130410433
637799041	0.312848683
637799042	0.085815865
637799043	-0.174302178
637799044	-0.282014238
637799045	-0.428924746
637799046	-0.183589365
637799047	-0.197281257
637799048	-0.349693571
637799049	0.0589383
637799050	0.427956057
637799051	0.338333998
637799052	0.265279317
637799053	-0.261055865
637799054	0.176525314
637799055	-0.068144639
637799056	-0.767367654
637799057	-0.011863749
637799058	0.323462613
637799059	-0.381445387
637799060	-0.756399874
637799061	-0.436355092
637799062	-0.067511524
637799063	-0.071175187
637799064	0.663578488
637799065	-0.235736675
637799066	-0.267494362
637799067	0.193849174
637799068	0.320525802
637799069	-0.005842987
637799070	-0.504826152
637799071	0.074308042
637799072	0.002646623
637799073	0.313248134
637799074	-0.311384498
637799075	-0.039657921
637799076	-0.011050916
637799077	0.177177235
637799078	0.05260901
637799079	-0.225472459
637799080	-0.441572255
637799081	0.161335083
637799082	-0.021924398
637799083	0.096578599
637799084	-0.313694865
637799085	-0.135791619
637799086	0.166727125
637799087	0.19320306
637799088	0.072509965
637799089	-0.549455723
637799090	-0.101721783
637799091	0.365243223
637799092	-0.319148647
637799093	0.191071557
637799094	-0.030787876
637799095	0.262452849
637799096	0.032588166
637799097	-0.171943536
637799098	0.006608569
637799099	0.130456592
637799100	-0.13766936
637799101	0.067526581
637799102	-0.257922443
637799103	0.111005385
637799104	0.007048626
637799105	-0.067445737
637799106	-0.125943898
637799107	-0.141264849
637799108	0.006081996
637799109	0.556203639
637799110	0.081049445
637799111	0.263180717
637799112	0.313496808
637799113	-0.281030602
637799114	-0.100355622
637799115	-0.774785038
637799116	-0.42421077
637799117	-0.254677073
637799118	-0.204781379
637799119	-0.232145524
637799121	-0.047045188
637799122	-0.282224432
637799123	0.38938185
637799124	0.161602721
637799125	0.016951529
637799126	0.057548227
637799127	-0.348648391
637799128	0.462947556
637799129	0.067618657
637799130	0.075217716
637799131	-0.002744269
637799132	0.028488951
637799133	0.125153872
637799134	0.153914029
637799135	0.019433518
637799136	-0.007652274
637799137	-0.042505694
637799138	-0.03189801
637799139	0.132848113
637799140	-0.025335617
637799141	0.041868389
637799142	-0.109652781
637799143	0.117921239
637799144	-0.009052158
637799146	0.047245326
637799147	-0.106276199
637799148	0.024741096
637799149	0.484652336
637799150	0.571096587
637799151	0.053005164
637799152	0.153197845
637799153	0.061226752
637799154	-0.027915294
637799155	0.017421865
637799157	0.104555294
637799158	-0.255994059
637799159	0.171728542
637799160	-0.088047625
637799161	-0.03126486
637799162	0.26811009
637799163	0.207658633
637799164	0.235829426
637799165	0.259941736
637799166	-0.07968265
637799167	0.038269726
637799168	-0.062430204
637799169	-0.08004957
637799170	-0.045776575
637799171	-0.247944951
637799172	0.090553244
637799173	0.186793554
637799174	0.125176848
637799175	0.194523663
637799176	-0.05477364
637799177	-0.132076988
637799178	0.007857452
637799179	-0.231596679
637799180	0.025290254
637799181	-0.048390722
637799182	0.123982883
637799184	-0.006096193
637799185	-0.21602031
637799186	0.07783643
637799187	0.102727667
637799188	-0.062993008
637799189	-0.214004044
637799190	-0.285252848
637799191	-0.058506254
637799192	0.087030913
637799193	-0.044810539
637799194	0.078782223
637799195	-0.231422441
637799196	0.006064995
637799197	0.171518507
637799198	-0.181917047
637799199	0.085927139
637799200	0.371689238
637799201	-0.032627656
637799202	-0.071710604
637799203	0.014019586
637799204	-0.248468103
637799205	0.095002312
637799206	-0.327880291
637799207	0.016541794
637799208	0.118623054
637799209	-0.044618326
637799210	-0.347787472
637799211	0.015741117
637799212	-0.347667618
637799213	-0.70019187
637799214	0.111229384
637799215	-0.113557478
637799216	-0.166639993
637799217	-0.368132833
637799218	0.167246222
637799220	-0.009146774
637799221	0.161880688
637799222	0.235245928
637799223	0.0592766
637799224	-0.636386361
637799225	0.117325463
637799226	0.163585851
637799227	0.040736129
637799228	0.08135608
637799229	-0.017981954
637799230	-0.02906331
637799231	0.251307618
637799232	0.195221428
637799233	-0.204827899
637799234	-0.257017559
637799235	0.292769641
637799236	0.133898653
637799237	0.272022733
637799238	0.16875062
637799239	0.014979918
637799240	0.377177206
637799241	0.108328667
637799242	0.11843015
637799243	0.055039658
637799244	-0.140302328
637799245	-0.321093431
637799246	-0.091146268
637799247	0.180836565
637799248	0.119504516
637799249	0.005786149
637799250	-2.849712825
637799251	0.184349982
637799252	-0.122051297
637799253	-0.025396181
637799254	0.027392272
637799255	0.045208904
637799256	-0.038997437
637799257	-0.000299041
637799258	-0.062703808
637799259	-0.397838469
637799260	-0.178760873
637799261	-0.015335674
637799262	0.231925102
637799263	-0.193928073
637799264	-0.08156347
637799265	0.115848603
637799266	-0.226660318
637799267	-0.323145755
637799268	0.138477756
637799270	0.045804666
637799271	0.301902574
637799272	0.341309578
637799273	0.3355991
637799274	0.293417293
637799275	0.204371707
637799276	0.294044781
637799277	-0.308723551
637799278	-0.545947628
637799279	0.124083073
637799280	0.273964503
637799281	-0.080600536
637799282	-0.180558174
637799283	0.218888462
637799284	-0.060745075
637799285	-0.157752769
637799286	-0.012979427
637799287	-0.334291717
637799288	0.038050886
637799289	0.099027638
637799290	-0.052225802
637799291	0.015754964
637799292	0.053834955
637799293	-0.031448286
637799294	-0.266587324
637799295	-0.167173529
637799296	0.009236672
637799297	0.071440234
637799298	0.045938938
637799299	-0.199668146
637799300	-0.086542785
637799301	-0.48556624
637799302	-0.395337438
637799303	-0.378779343
637799304	0.112941241
637799305	0.177031654
637799307	0.087405578
637799308	-0.512741659
637799309	-0.272057149
637799310	-0.258647295
637799311	0.123117388
637799312	0.106716567
637799313	0.037270445
637799314	-0.26283254
637799315	0.223966384
637799316	-0.196836202
637799317	0.070475968
637799318	0.294469193
637799319	0.021233745
637799320	0.30023083
637799321	0.23180211
637799322	0.803298945
637799323	0.267012085
637799324	-0.137360857
637799325	-0.058177213
637799326	-0.131738311
637799327	0.041714475
637799328	0.197816045
637799329	-0.191602093
637799330	0.025168717
637799331	-0.103717351
637799332	0.218046942
637799333	-0.213116466
637799334	0.631402133
637799335	0.062695654
637799336	-0.198846809
637799337	0.009805017
637799338	0.113837894
637799339	-0.136954205
637799340	0.168170459
637799341	-0.198381702
637799343	0.208568459
637799344	0.355817256
637799345	0.052211022
637799346	-0.129009276
637799347	0.250470719
637799348	0.242554433
637799349	0.219797924
637799350	0.032412456
637799351	-0.073502928
637799352	-0.018828078
637799353	-0.085257101
637799354	-0.0485185
637799355	0.055887986
637799356	0.101566514
637799357	0.284943379
637799358	-0.346352526
637799359	0.267780393
637799360	0.027184346
637799361	0.307630754
637799362	-0.047513789
637799363	0.086058889
637799364	0.149942691
637799366	-0.226723353
637799367	-0.126875153
637799368	0.516500942
637799369	-0.057245915
637799370	-0.184218145
637799371	-0.147827292
637799372	-0.000347862
637799373	-0.007257698
637799374	-0.023636968
637799375	-0.174241251
637799376	0.302809826
637799377	0.035378921
637799378	0.150037248
637799379	0.077804147
637799380	0.198833616
637799381	0.14928819
637799382	-0.166825148
637799383	-0.156498927
637799384	0.284395574
637799385	0.088301475
637799386	0.377899439
637799387	-0.539700435
637799388	-0.039605831
637799389	-0.225775593
637799390	-0.196824799
637799391	0.442595262
637799392	0.062584107
637799393	-0.028198351
637799394	-0.091551062
637799395	-0.17347614
637799396	-0.047515676
637799397	-0.245813723
637799398	-0.165485501
637799399	-0.069468427
637799400	0.065709834
637799401	-0.062875999
637799402	0.463371027
637799403	-0.04913621
637799404	-0.065823466
637799405	-0.170818606
637799406	-0.206460441
637799407	-0.172475322
637799408	-0.633719686
637799409	0.133388209
637799410	0.135139818
637799411	0.059415512
637799412	0.621150467
637799413	0.006844362
637799414	-0.021341535
637799415	0.070406054
637799416	-0.249569622
637799417	0.279214797
637799418	0.237170087
637799419	-0.061035499
637799420	0.112495602
637799422	-0.173371634
637799423	0.169915526
637799424	-0.287719493
637799425	0.071269285
637799426	0.02345314
637799427	-0.072464764
637799428	0.079255007
637799429	0.053816065
637799430	-0.180922407
637799431	-0.002467746
637799432	-0.175683733
637799433	-0.019778051
637799434	-0.290152538
637799435	-0.178322124
637799436	-0.108087592
637799437	0.068006727
637799438	0.069818544
637799439	-0.180961103
637799440	-0.012259342
637799441	-0.119486195
637799442	0.119722289
637799443	-0.006030678
637799444	0.102128284
637799445	0.207765338
637799448	-0.201559382
637799449	-0.116071137
637799450	0.495627297
637799451	-0.35103985
637799452	0.048589305
637799453	-0.275428875
637799454	-0.477541215
637799455	-0.260507629
637799456	-0.166369068
637799457	-0.010212988
637799458	0.000231593
637799459	-0.066532886
637799460	0.059692316
637799461	0.223959274
637799462	-0.626656915
637799463	0.140532331
637799464	-0.042260174
637799465	0.213651459
637799466	-0.103828318
637799467	-0.102623309
637799468	0.237725887
637799469	0
637799470	0
637799471	0.037552242
637799472	0.248152386
637799473	-0.047781298
637799474	0.615469491
637799475	0.553023287
637799476	0.274567399
637799477	0.350457378
637799478	0.100576024
637799479	-0.138562484
637799480	-0.256777288
637799481	-0.668150424
637799482	-0.032259509
637799483	-0.19612121
637799484	-0.445492308
637799485	-0.297182653
637799486	-0.261471357
637799489	-0.543166051
637799490	-0.1415593
637799491	-0.115089671
637799492	-0.004149669
637799493	-0.171662932
637799494	-0.027901969
637799495	0.077830258
637799497	0.020548447
637799498	-0.175724113
637799499	-0.209672055
637799500	-0.084514642
637799501	-0.068663225
637799502	0.069856687
637799503	-0.277344044
637799504	0.029864335
637799505	0.152013778
637799506	-0.099687544
637799508	0.153361243
637799509	0.378164009
637799510	0.243204019
637799511	0.013111074
637799512	-0.049397157
637799513	-0.069944078
637799514	-0.009211286
637799515	0.027074749
637799516	0.412944967
637799517	-0.274402343
637799518	-0.05831264
637799519	-0.105243185
637799520	-0.34425292
637799521	-0.564906203
637799522	-0.160582299
637799523	-0.058263485
637799524	0.126084572
637799525	0.385315913
637799526	-0.078163625
637799527	0.11391044
637799528	-0.044717842
637799529	-0.034876677
637799530	-0.015463552
637799531	0.189164677
637799532	-0.17030775
637799533	0.182401573
637799534	-0.229663388
637799535	0.064872221
637799536	-0.241155269
637799537	0.119186728
637799538	0.013365258
637799539	-0.078575962
637799540	-0.047262995
637799541	0.192028528
637799542	-0.018956793
637799543	-0.149971442
637799544	0.103266852
637799545	-0.046883585
637799546	-0.214746876
637799547	-0.024350086
637799548	-0.320803892
637799549	-0.534651391
637799550	-0.082641765
637799551	-0.199730709
637799552	0.115578512
637799553	0.049745644
637799554	-0.001926936
637799555	0.095176636
637799556	-0.098247857
637799557	0.045506426
637799558	-0.051183152
637799559	-0.196171063
637799560	0.100875303
637799561	-0.097270009
637799562	0.10678496
637799563	0.128202421
637799564	-0.081724578
637799565	0.041005501
637799566	-0.184953908
637799567	0.063428284
637799568	-0.113721109
637799569	0.497128681
637799570	0.053563958
637799571	-0.356940959
637799572	-0.485528427
637799573	0.101126367
637799574	-0.337223128
637799575	0.08093482
637799576	-0.618311394
637799577	0.44114516
637799578	-0.248692315
637799579	-0.274945274
637799580	-0.106378532
637799581	0.036839888
637799582	-0.773284222
637799583	-0.884415515
637799584	0.357133444
637799585	-0.052456691
637799586	0.128895913
637799587	-0.090320433
637799588	-0.162194104
637799589	0.210105395
637799590	-0.974899068
637799591	0.049781336
637799592	-0.179791094
637799594	0.001624236
637799595	-0.056279045
637799596	-0.009887414
637799597	-0.016891016
637799598	0.020422456
637799599	-0.041373606
637799600	0.077806989
637799601	0.774153694
637799602	-0.161111475
637799603	0.356512684
637799604	0.295587333
637799605	-0.208216374
637799606	-0.408910548
637799607	-0.36075207
637799608	-0.570474408
637799609	-0.165635118
637799610	0.076276103
637799611	-0.257374065
637799612	-0.527650503
637799613	-0.098936069
637799614	-0.262432387
637799615	-0.10656269
637799616	-0.1201996
637799617	0.045685254
637799618	0.218186995
637799619	0.339506996
637799620	0.051188296
637799621	-0.007004034
637799622	-0.116453501
637799623	-0.190068699
637799624	0.297180299
637799625	0.025194057
637799626	-0.094780688
637799627	-0.05645153
637799628	-0.080708216
637799629	-0.009300841
637799630	-0.22867626
637799631	-0.13205787
637799632	-0.043996259
637799634	-0.099510487
637799635	-0.057379187
637799636	-0.461177967
637799637	-0.337833086
637799638	-0.223264984
637799639	-0.095671187
637799640	-0.260756666
637799641	-0.024005315
637799643	-0.21834206
637799644	-0.13130021
637799645	-0.989911112
637799646	-1.17879181
637799647	0.047022196
637799648	-0.280682464
637799649	-0.297693378
637799650	-0.185270729
637799651	0.132642227
637799652	-0.186461479
637799653	0.027915112
637799654	0.044656181
637799655	0.124974465
637799656	-0.344633143
637799657	-0.096602417
637799658	0.173113417
637799659	0.199877602
637799660	-0.113718153
637799661	-0.087222424
637799662	-0.027113393
637799663	-0.434629349
637799664	-0.039361298
637799665	-0.167083953
637799666	-0.50255238
637799667	-0.546115187
637799668	-0.101402518
637799669	0.079030591
637799670	0.475525676
637799671	-0.037585987
637799672	0.071329198
637799673	0.027576924
637799674	0.082709291
637799675	-0.022303895
637799676	0.172551722
637799677	-0.12210136
637799678	-0.098846892
637799679	-0.166519541
637799680	-0.526938811
637799681	0.079561976
637799682	0.093154274
637799683	0.262381684
637799684	0.003802637
637799685	0.130374022
637799687	-0.01141535
637799688	0.118093181
637799689	0.101917513
637799690	0.262981438
637799691	0.067094337
637799692	-0.172960885
637799693	0.068423364
637799694	0.092975421
637799695	0.093966461
637799696	0.241318034
637799697	-0.094522797
637799698	0.099123099
637799699	0.086071259
637799700	-0.599280893
637799701	0.18654181
637799702	0.158875851
637799703	-0.158451883
637799704	0.14888467
637799705	-0.025759878
637799706	0.162449829
637799707	0.526738875
637799708	-0.26087712
637799709	0.027412798
637799710	-0.066476195
637799711	0.110821446
637799712	0.121682041
637799713	-0.067496743
637799714	-0.257797877
637799715	0.211775933
637799716	0.164389959
637799717	-0.010366593
637799718	-0.062588972
637799719	0.014872562
637799720	-0.135129462
637799721	0.294933771
637799722	-0.151310791
637799723	0.197350466
637799724	-0.03257682
637799725	-0.371015776
637799726	-0.080594398
637799727	-0.0915913
637799728	0.25921073
637799729	-0.003114165
637799730	0.020976536
637799731	-0.416365684
637799732	0.114376113
637799733	0.083560827
637799734	0.081927806
637799735	-0.078835716
637799737	-0.097168832
637799738	-0.217719701
637799739	-0.02996355
637799740	0.051363529
637799741	-0.064010416
637799742	-0.121181404
637799743	0.077151859
637799744	0.216796683
637799745	-0.29439869
637799746	0.100887297
637799747	0.11614239
637799748	-0.306497817
637799749	0.093705662
637799750	-0.071861191
637799751	-0.019960468
637799752	-0.033831388
637799753	0.05697706
637799754	0.129562332
637799755	-0.247174426
637799756	-0.181794312
637799757	0.090423659
637799758	-0.303235636
637799759	-0.185957046
637799760	-0.186781671
637799761	-0.134808289
637799762	-0.162010027
637799763	-0.025077252
637799764	-0.059304076
637799765	0.185923685
637799766	-0.126710955
637799767	-0.299921044
637799768	-0.386696847
637799769	-0.071960332
637799770	0.066208643
637799771	-0.246218095
637799772	0.107345422
637799773	0.010023796
637799774	-0.276136287
637799775	-0.232025135
637799776	-0.190994134
637799777	0.077491811
637799778	-0.076880402
637799779	-0.290887006
637799780	0.132075444
637799781	0.083183052
637799782	-0.017640533
637799783	0.239130157
637799784	0.190654831
637799785	-0.46690457
637799786	0.140451951
637799787	0.166180787
637799788	0.212722952
637799789	0.007019567
637799790	-0.03753645
637799791	-0.000615109
637799793	-0.141590962
637799794	-0.126719926
637799795	0.035687072
637799796	0.031465593
637799797	-0.06782361
637799798	0.029373311
637799799	0.040048175
637799800	0.363416398
637799801	0.168876969
637799802	-0.400821332
637799803	0.160108582
637799804	-0.170686914
637799805	-0.322344983
637799806	0.029154077
637799807	0.129804617
637799808	0.485138798
637799809	-0.14524951
637799810	-0.056986975
637799811	-0.104599834
637799812	-0.467414833
637799813	-0.069293377
637799814	0.038648196
637799815	0.320587664
637799816	-0.020207564
637799817	-0.061542539
637799818	0.162458617
637799819	0.188058229
637799820	-0.035628772
637799821	-0.111916353
637799822	-0.29360259
637799823	-0.518165767
637799824	-0.058507839
637799825	-0.088750192
637799826	0.006225722
637799827	-0.078804168
637799828	-0.498248408
637799829	-0.302444596
637799830	-0.065458348
637799831	0.09476277
637799832	-0.150788324
637799833	0.254164801
637799834	-0.712146454
637799835	-0.106854693
637799836	-0.194898056
637799837	0.046132558
637799838	-0.412511946
637799839	-0.127208735
637799840	-0.014653352
637799841	0.053804125
637799842	-0.247511113
637799843	-0.275592453
637799844	-0.694560817
637799845	-0.086713535
637799846	0.245493855
637799847	-0.059859279
637799848	-0.462718739
637799849	-0.114316964
637799850	0.118215451
637799851	-0.565894264
637799852	-0.481250149
637799853	0.181082446
637799854	-0.062886399
637799855	0.386044927
637799856	-0.123658707
637799857	-0.021125723
637799858	0.086012079
637799859	0.046856193
637799860	-0.045778811
637799861	-0.134887058
637799862	-0.256660714
637799863	-0.479911693
637799864	-0.353262926
637799865	0.382545479
637799866	0.450902892
637799867	-0.128313389
637799868	-0.048016252
637799869	-0.103853463
637799870	0.198160171
637799871	-0.785375572
637799872	0.164532175
637799873	-0.109382803
637799874	-0.065424598
637799875	-0.227471759
637799876	0.0703506
637799877	-0.086847719
637799878	-0.574589399
637799879	0.258467248
637799880	-0.305304881
637799881	0.031107354
637799882	-0.04686086
637799883	-0.27383554
637799884	-0.094697798
637799885	0.20696351
637799886	0.096634993
637799887	0.162411673
637799888	0.069693605
637799889	0.03080498
637799890	-0.064338167
637799891	-0.05824145
637799892	-0.24115829
637799893	-0.128433478
637799894	-0.429710186
637799895	-0.145613851
637799896	0.498840392
637799897	0.216139436
637799898	-0.316062115
637799899	-0.062301726
637799900	0.062441639
637799901	0.098217229
637799902	-0.055777835
637799903	0.03993389
637799904	0.05576974
637799905	0.108423065
637799906	0.052109272
637799907	0.347841545
637799908	0.170959455
637799909	-0.016333006
637799910	0.125143928
637799911	0.368385583
637799912	-0.168605377
637799913	0.179946188
637799914	-0.112439547
637799915	0.026863271
637799916	0.208645416
637799917	-0.08088088
637799918	-0.191639159
637799919	-0.134582306
637799921	0.059089576
637799922	-0.095372661
637799923	-0.021299262
637799924	-0.173734241
637799925	0.15112571
637799926	0.06201473
637799927	0.129339546
637799928	-0.314938908
637799929	-0.206074077
637799930	-0.149465936
637799931	0.107536737
637799932	-0.418073895
637799933	-0.01539409
637799934	-0.234516899
637799935	0.004165174
637799936	-0.139712855
637799937	-0.216538161
637799938	0.282412653
637799939	-0.70344949
637799940	-0.087606281
637799941	0.107413487
637799942	-0.382142878
637799943	-0.107826326
637799944	-0.038414016
637799945	-0.005166548
637799946	0.117240969
637799947	0.18572103
637799948	0.024333453
637799949	0.11857312
637799950	-0.053061264
637799951	0.169498677
637799952	-0.018385373
637799953	-0.019738675
637799954	-0.167538087
637799955	-0.295847717
637799956	-0.35955723
637799957	-0.448642527
637799958	-0.073824557
637799959	0.203921576
637799960	0.014516182
637799961	0.022997296
637799962	0.211989606
637799963	-0.080730247
637799964	0.183716434
637799965	-0.059216733
637799966	-0.107948758
637799967	-0.019891599
637799968	0.221754822
637799969	0.170077332
637799970	-0.060903348
637799971	0.011217047
637799972	-0.076785542
637799973	-0.356120278
637799974	0.012949838
637799975	-0.146603901
637799976	0.010481389
637799977	0.133379384
637799978	0.098501164
637799979	0.002139534
637799980	0.068894757
637799981	0.158424731
637799982	0.057003274
637799983	-0.044290813
637799984	-0.279289932
637799985	-0.11657003
637799986	-0.013922391
637799987	-0.55271838
637799988	-0.026191915
637799989	-0.824765035
637799990	-0.278044205
637799991	0.060840463
637799992	0.11216858
637799993	0.127855699
637799994	-0.162936687
637799995	-0.171639233
637799996	0.021448004
637799997	-0.202768255
637799998	0.049687865
637799999	-0.213956025
637800000	-0.254976464
637800001	0.621044428
637800002	1.366818318
637800003	1.131954575
637800004	-0.063806969
637800005	-0.912396084
637800006	-1.134345368
637800007	-0.54351418
637800008	-0.32091848
637800009	0.107465621
637800010	0.118197227
637800011	0.010976174
637800012	-0.029515113
637800013	-0.025625304
637800014	0.090656775
637800015	-0.352611803
637800016	-0.064765339
637800017	-0.052826051
637800018	0.037158949
637800019	-0.01382711
637800020	0.031797532
637800021	0.049469278
637800022	0.089211781
637800023	0.249857359
637800024	0.252259689
637800025	-0.067566685
637800026	0.104171404
637800027	-0.143787154
637800028	0.194223138
637800029	0.05126383
637800030	-0.059287119
637800031	-0.146804666
637800032	-0.149839648
637800033	-0.094035615
637800034	0.085703579
637800035	-0.155230867
637800037	0.057226196
637800038	0.298853501
637800039	-0.131287377
637800040	-0.034183989
637800041	0.059729431
637800042	0.032781224
637800043	-0.305134262
637800044	-0.943321399
637800045	-1.442073046
637800046	-1.448884043
637800047	-0.219610959
637800048	-0.051410784
637800049	0.318847662
637800052	0.269756707
637800053	-0.178949428
637800054	0.047988372
637800055	-0.239426817
637800056	-0.033844814
637800057	-0.314432376
637800058	0.121673462
637800059	0.086951143
637800060	-0.029290067
637800061	-0.032050377
637800062	-0.354539783
637800063	-0.150329378
637800064	-0.033720885
637800065	-0.07669762
637800066	0.071528497
637800067	0.272007407
637800068	0.093796344
637800070	0.208177495
637800071	-0.083980337
637800072	0.243222586
637800073	-0.611182595
637800074	0.242489136
637800075	-0.330616235
637800076	0.197329343
637800077	0.091417251
637800078	0.043754631
637800079	-0.017043167
637800080	-0.276833439
637800081	-0.229020721
637800082	-0.072954065
637800083	-0.857463931
637800084	-0.009593848
637800085	0.069630754
637800086	0.185032066
637800087	0.019335518
637800088	0.350509444
637800089	0.009006909
637800090	-0.280058621
637800091	-0.20788567
637800092	-0.150335416
637800093	-0.321072512
637800094	-0.188265443
637800095	-0.136543234
637800096	-0.044580813
637800097	-0.065454425
637800098	-2.368173354
637800099	-0.156815353
637800101	-0.097258912
637800102	-0.069738231
637800103	0.252510109
637800104	-0.246285954
637800105	0.056703954
637800106	-0.810127944
637800107	-0.631589824
637800108	-0.377251866
637800109	-0.542431747
637800110	0.72832398
637800111	0.11422076
637800112	-0.180404394
637800113	-0.013253006
637800114	0.200247103
637800115	0.059603596
637800116	-0.384468566
637800117	-0.337424384
637800118	-0.138583464
637800119	-0.062195131
637800120	0.047815076
637800121	-0.122865913
637800122	-0.1399671
637800123	-0.140306209
637800124	0.001483889
637800125	-0.018821396
637800126	0.1347799
637800127	-0.18412995
637800128	-0.252649472
637800129	0.003961279
637800130	-0.001027619
637800131	-0.036588769
637800132	-0.109053378
637800133	0.142184456
637800134	-0.122289197
637800135	0.075938018
637800136	0.086133569
637800137	0.026260973
637800138	0.038626618
637800139	-0.221906557
637800140	0.008833712
637800141	-0.316892622
637800142	0.030505459
637800143	0.461080726
637800144	-0.001363857
637800145	0.432241733
637800146	0.019905398
637800147	0.105511426
637800148	-0.311281531
637800149	0.129240813
637800150	-0.013978273
637800151	0.151161911
637800152	0.030239967
637800153	0.027114922
637800154	-0.205111876
637800156	0.314701109
637800157	0.190587208
637800158	0.578202773
637800159	0.191166541
637800160	-0.169169055
637800161	-0.133941064
637800162	0.088281463
637800163	-0.287757808
637800164	-0.095953597
637800165	0.127711501
637800166	0.613790207
637800167	-0.011948536
637800168	-0.047233276
637800169	0.013549424
637800170	-0.009594143
637800171	0.235662673
637800172	-0.156784004
637800173	-0.404388163
637800174	-0.403273779
637800175	-0.28045386
637800176	-0.214381797
637800177	-0.20141074
637800178	-0.293253533
637800179	0.116476902
637800180	0.006236394
637800181	-0.053430721
637800182	-0.062866197
637800183	-0.013740265
637800184	-0.192230355
637800185	-0.267363663
637800186	-0.028091014
637800187	0.001688539
637800188	0.05531807
637800189	0.002646262
637800190	-0.011721031
637800191	0.053840887
637800192	0.089926435
637800194	0.03227225
637800195	-0.338787519
637800197	-0.41278226
637800198	-1.273111791
637800199	-0.299121245
637800200	-0.117197649
637800201	0.394836436
637800202	0.105574692
637800203	0.006114269
637800204	-0.052236938
637800205	-0.033480983
637800206	0.096199007
637800207	-0.081286879
637800208	0.079572646
637800209	-0.34057673
637800210	-0.201457399
637800211	-0.141184295
637800212	-0.139615587
637800213	-0.451376912
637800214	-0.118518602
637800215	0.48939016
637800216	0.122984458
637800217	-0.515396978
637800218	-0.314424243
637800219	0.022607074
637800220	0.176139801
637800221	-0.328316844
637800222	0.307469835
637800223	-0.236634294
637800224	-0.293352132
637800225	-1.319848919
637800226	0.146450261
637800227	0.234170623
637800228	0.146106592
637800229	0.108457191
637800230	0.153924246
637800231	-0.063069732
637800232	-0.107188826
637800233	-0.008328885
637800234	-0.110841702
637800235	0.029008004
637800236	0.083453416
637800237	-0.017421597
637800238	-0.00703026
637800239	-0.087653608
637800240	-0.111312799
637800241	-0.622521414
637800242	0.11206284
637800243	0.006636062
637800244	-0.285918183
637800245	-0.443169977
637800246	-0.113066648
637800247	-0.106588353
637800248	0.071561969
637800249	0.000246604
637800250	0.29188141
637800251	0.240530191
637800252	0.399142825
637800253	0.389644845
637800254	-0.223748618
637800255	0.300859872
637800256	0.008332775
637800257	-0.035050693
637800258	0.169742662
637800259	0.253708643
637800260	-0.093756233
637800261	-0.266596509
637800262	-0.291847782
637800263	-0.251493332
637800264	0.366510669
637800265	-0.433788108
637800266	0.331151244
637800267	-0.168302579
637800268	-0.223028322
637800269	0.460284236
637800270	0.055006362
637800271	-0.625624332
637800272	0.583354376
637800273	-0.070157657
637800274	0.161385709
637800275	0.159772829
637800276	0.095703127
637800277	-0.087364568
637800278	-0.14048065
637800279	-0.878430521
637800280	-0.042149337
637800281	-0.064012195
637800282	-0.009696065
637800283	0.057001697
637800284	0.013209911
637800285	-0.125542446
637800286	-0.118537491
637800287	-0.184301498
637800288	-0.152731839
637800289	-0.040921497
637800290	-2.096775708
637800291	-0.448676843
637800292	0.060763621
637800293	0.256135544
637800294	0.210241065
637800295	-0.061129644
637800296	-0.080380771
637800297	0.202771884
637800298	0.236515861
637800299	-0.029358158
637800300	-0.030545754
637800301	-0.07709269
637800302	0.008393835
637800303	-0.335827168
637800304	0.161572691
637800305	0.062083024
637800306	-0.40004153
637800307	-0.098814534
637800308	0.086274039
637800309	0.023648072
637800310	0.102838513
637800311	0.115893159
637800312	-0.454369635
637800313	0.002404675
637800314	-0.077410411
637800315	0.022310616
637800316	-0.025629871
637800317	-0.195101378
637800318	-0.076804515
637800319	0.117875808
637800320	0.126989676
637800321	-0.40767371
637800322	0.130246889
637800323	-0.351308649
637800324	0.098855355
637800325	0.305751315
637800326	-0.163696037
637800327	-0.164946343
637800328	-0.048070775
637800329	0.081216433
637800330	0.294775282
637800331	-0.186868136
637800332	-0.141879013
637800333	-0.175600296
637800334	-0.301419428
637800335	-0.131478287
637800336	-0.144441948
637800337	-0.346341224
637800338	0.0491551
637800339	0.23518262
637800340	0.244654882
637800341	-0.160496423
637800342	0.074461687
637800343	0.182975496
637800344	0.051325972
637800345	-0.44293655
637800346	-0.158517771
637800347	0.145170857
637800348	-0.114185263
637800349	-0.245611454
637800350	-0.128875212
637800351	0.03833279
637800352	0.069891768
637800353	0.000586078
637800354	0.702190914
637800355	0.245751118
637800356	-0.204698734
637800357	-0.079266271
637800358	0.004333647
637800359	0.080255696
637800360	-0.245420678
637800361	-0.070706591
637800362	-0.219815208
637800363	0.130178013
637800364	-0.568517705
637800365	-0.222239029
637800366	-0.074367584
637800367	0.052800037
637800368	-0.098514509
637800369	0.119853735
637800370	-0.162612214
637800371	0.070471479
637800372	0.183928734
637800373	0.122306833
637800374	0.010926313
637800375	0.023039265
637800376	0.037915525
637800377	0.033157989
637800378	-0.23774344
637800379	-0.333270476
637800380	-0.007583827
637800381	-0.019863122
637800382	6.09E-05
637800383	0.040968671
637800384	-0.022294052
637800385	0.06989912
637800386	-0.165824647
637800387	-0.032386319
637800389	-0.011148417
637800390	-0.163476576
637800391	-0.199614003
637800392	-1.095439014
637800393	-0.891992501
637800394	0.20872156
637800395	0.045398358
637800396	-0.292099366
637800397	-0.206382727
637800398	-0.067453834
637800399	-0.368138097
637800400	-0.03158267
637800401	0.360654929
637800402	0.381288932
637800403	-0.657267177
637800404	0.150856686
637800405	-0.010200368
637800406	0.163641688
637800407	0.418806777
637800408	-0.017779302
637800411	-0.157364944
637800412	0.02552013
637800413	-0.123697967
637800414	0.406159189
637800415	-0.089006718
637800416	0.047483049
637800417	0.316382654
637800418	0.113272937
637800419	5.23E-05
637800420	-0.113721023
637800421	-0.287309224
637800422	0.469336103
637800423	0.303491677
637800424	-0.10109188
637800425	0.056741224
637800426	0.323961464
637800427	-0.181767673
637800428	-0.461252671
637800429	0.016659231
637800430	-0.088734846
637800431	-0.50657735
637800432	-0.315860275
637800433	0.289444036
637800434	-0.066667423
637800435	-0.200276548
637800436	-0.528405673
637800437	-0.034633462
637800438	-0.110355634
637800439	0.05838974
637800440	0.094145309
637800441	-0.229344021
637800442	-0.539078611
637800443	-0.060005046
637800444	0.050705362
637800445	0.195093481
637800446	0.1592475
637800447	-0.30201103
637800448	-0.441441075
637800449	-0.129057991
637800450	-0.137887334
637800451	0.039854139
637800452	0.02961882
637800453	0.059006544
637800454	-0.075966981
637800455	0.094120469
637800456	-0.183725382
637800457	0.046904732
637800458	0.152717728
637800459	0.22566672
637800460	-0.06850793
637800461	-0.108915783
637800462	0.158847884
637800463	0.283593046
637800464	0.078246437
637800465	-0.082174095
637800466	-0.045743083
637800467	-0.125949144
637800468	-0.086212861
637800469	-0.073996203
637800470	-0.099257174
637800471	0.203257518
637800472	0.384915575
637800473	-0.012167056
637800474	-0.099147633
637800475	0.224722228
637800476	0.038854681
637800477	0.220301554
637800478	0.361858025
637800479	0.077178628
637800480	-0.2615131
637800481	0.023769256
637800482	0.334924504
637800483	-0.118761606
637800484	0.116203119
637800485	0.010277354
637800486	0.265241748
637800487	-0.075640673
637800488	-0.472883966
637800489	-0.113199746
637800490	-0.126614163
637800491	-0.610069046
637800492	-0.079356058
637800493	0.364276183
637800494	-0.013832277
637800495	0.042911531
637800496	0.037577623
637800497	0.199281949
637800498	-0.211197423
637800499	-0.062200135
637800500	-0.086020065
637800501	0.147282381
637800502	0.075831906
637800503	0.270224681
637800504	0.184152251
637800505	0.234818511
637800506	-0.132988245
637800507	-0.147978611
637800508	0.119670061
637800509	-0.066631378
637800510	-0.061757596
637800511	0.050340271
637800512	-0.019534183
637800513	-0.034616333
637800514	-0.254062584
637800515	-0.162193134
637800516	-0.060527285
637800517	0.056795376
637800518	0.052130107
637800519	0.018196033
637800520	0.183602046
637800521	0.049476033
637800522	0.034049366
637800523	-0.237939178
637800524	-0.851846763
637800525	-0.192721811
637800526	0.200454399
637800527	-1.269210867
637800528	-0.02981283
637800529	0.207071739
637800530	0.030665169
637800531	0.018567577
637800532	0.008766685
637800533	-0.307233192
637800534	-0.425681898
637800535	-0.026043848
637800536	0.055108036
637800537	-0.057715352
637800538	-0.192037504
637800539	-0.3051696
637800540	0.320195447
637800541	0.012201642
637800542	-0.088382725
637800543	0.052480098
637800544	-0.020420856
637800545	0.098092403
637800546	-0.025148883
637800547	0.109922944
637800548	-0.10557188
637800549	0.109413953
637800550	-0.155437614
637800551	-0.044243187
637800552	-0.05285237
637800553	0.014214745
637800554	-0.205799654
637800555	0.189749532
637800556	0.324172653
637800557	0.086103942
637800558	0.419193591
637800559	0.163021039
637800560	-0.2332509
637800561	0.062433318
637800562	-0.017834357
637800563	0.336227335
637800564	-0.163448476
637800565	0.013198977
637800566	-0.333783166
637800567	-0.226265884
637800568	-0.252742208
637800569	-0.074058772
637800570	0.12256169
637800571	-0.245896575
637800572	-0.306897672
637800573	-0.017433631
637800574	0.117918716
637800575	0.062207293
637800576	0.151493179
637800577	0.277601978
637800578	0.062802501
637800579	0.290669995
637800580	0.06037068
637800581	0.094127518
637800582	0.075367619
637800583	0.25215629
637800584	-0.121025002
637800585	-0.059879091
637800586	0.204907075
637800587	-0.14009017
637800588	-0.125107566
637800589	-0.323475748
637800590	0.062363237
637800591	-0.094706892
637800592	-0.056403136
637800593	-0.06574547
637800594	-0.008757255
637800595	-0.083570382
637800596	0.2069516
637800597	0.033362107
637800598	-0.015152572
637800599	0.132627406
637800600	0.0434277
637800601	0.164812686
637800602	0.084940655
637800603	0.330891732
637800604	0.090515858
637800605	0.226459197
637800606	0.081143734
637800607	-0.116795325
637800608	0.104124109
637800609	0.035160553
637800610	0.04811482
637800611	0.050530786
637800612	-0.088710815
637800613	-0.057180093
637800614	-0.06661085
637800615	-0.16706521
637800616	-0.482674936
637800617	-0.364814363
637800618	-0.321008182
637800619	0.102019165
637800620	-0.04096607
637800621	-0.033946359
637800622	0.404441979
637800623	0.341765442
637800624	-0.239062308
637800625	-0.65225262
637800626	-0.22227126
637800627	0.161791042
637800628	0.063970966
637800629	0.075631732
637800630	-0.623719478
637800631	-0.24338575
637800632	0.078805287
637800633	0.173648408
637800634	-0.068213495
637800635	-0.131412276
637800636	-0.018118626
637800637	-0.304576553
637800638	0.06534346
637800639	-0.156671437
637800640	-0.082940997
637800641	-0.425690117
637800642	-0.173160833
637800643	0.092027055
637800644	-0.108356126
637800645	-0.169359837
637800646	0.035532514
637800647	-0.020366984
637800648	-0.216329011
637800650	-0.549921741
637800651	-0.64678828
637800652	-0.211790388
637800653	-0.065322186
637800654	-0.353782107
637800655	-0.362189139
637800657	-0.302944775
637800658	-0.35837702
637800659	-0.17468892
637800660	-0.265590292
637800661	-0.20754984
637800662	-0.320424389
637800663	-0.546805317
637800664	-0.5448262
637800665	-0.493384625
637800666	-0.693468112
637800667	-0.34040884
637800668	-0.832392985
637800669	-0.528327914
637800670	-0.290333278
637800671	-0.460351544
637800672	-0.689819825
637800673	-0.421726174
637800674	-0.574410872
637800675	-0.415534317
637800676	-0.004468669
637800677	-0.325368699
637800678	-0.072498369
637800679	-0.223758633
637800680	-0.115802376
637800681	0.204488318
637800682	-0.056295126
637800683	-0.057877546
637800684	-0.286874463
637800685	-0.634221156
637800686	0.304436028
637800687	0.251943472
637800688	0.036119784
637800689	-0.008575177
637800690	0.115032414
637800691	0.022185018
637800692	-0.180978344
637800693	-0.005513559
637800694	-0.134904549
637800695	-0.311652033
637800696	-0.16515658
637800697	0.152057381
637800698	-0.183877529
637800699	-0.069537924
637800700	-0.722327823
637800701	-0.663259261
637800702	-0.074474648
637800703	0.12855762
637800704	-0.222218047
637800705	-0.054597665
637800706	0.243404625
637800707	0.047835574
637800708	-0.189189735
637800709	0.058005637
637800710	0.009263784
637800711	0.055161822
637800712	-0.121968942
637800713	0.023748186
637800714	-1.556028917
637800715	-0.455230464
637800716	0.224267651
637800717	0.190403117
637800718	-0.324094096
637800719	0.037577035
637800720	-0.518787463
637800721	0.197455779
637800722	-0.031491712
637800723	-0.210258396
637800724	0.06453833
637800725	-0.03316258
637800726	-0.433647733
637800727	-0.045163546
637800728	0.336890818
637800729	0.049535338
637800730	0.03007944
637800731	0.068029603
637800732	-0.441214676
637800733	-0.020313799
637800734	-0.015063386
637800735	-0.044675453
637800736	-0.016024966
637800737	-0.334902104
637800738	0.07457467
637800740	0.009665677
637800741	-0.126823118
637800742	-0.195223614
637800743	-0.143612144
637800744	-0.013488951
637800745	-0.620983283
637800746	0.012483022
637800747	-0.15852657
637800748	-0.030178566
637800749	-0.519522092
637800750	-0.096406373
637800751	-0.078712714
637800752	-0.015018827
637800753	-0.015017626
637800754	-0.945440174
637800755	-0.835729473
637800756	-0.571891283
637800757	0.001802229
637800758	0.233947315
637800759	-0.070194067
637800760	0.153121737
637800761	0.226124313
637800762	-0.338533303
637800763	0.25712512
637800764	0.376045761
637800765	0.069338709
637800766	-0.0660187
637800767	-0.235572824
637800768	-0.024043044
637800769	-0.5932178
637800770	-0.287433051
637800771	-0.165266623
637800772	-0.189023742
637800773	0.127417323
637800774	-0.892596144
637800775	0.058713213
637800776	0.029770535
637800777	-0.199188734
637800778	0.094831232
637800779	-0.184722288
637800780	-0.222727307
637800781	-1.032232309
637800782	-1.293213334
637800783	-1.164279603
637800784	-1.787596695
637800785	-0.625646294
637800786	-0.04937351
637800787	-0.003576744
637800788	-0.000772667
637800789	-0.074799395
637800790	0.032401267
637800791	-0.211264224
637800792	-0.268057348
637800793	-0.130692483
637800794	-0.397938144
637800795	-0.029888138
637800796	-0.074132842
637800797	0.182423551
637800798	-0.133528873
637800799	-0.164663147
637800800	-0.204011177
637800801	0.359895014
637800802	0.038176161
637800803	-0.015336045
637800804	0.095070155
637800805	0.137005446
637800806	-0.278985796
637800807	-0.105337903
637800808	0.148435646
637800809	-0.234400398
637800810	-0.117384108
637800811	0.093576763
637800812	-0.072437732
637800813	0.047660057
637800814	-0.445388753
637800815	0.279473688
637800816	-0.355167381
637800817	-0.228843306
637800818	0.294136286
637800819	-0.028494985
637800820	0.065317996
637800821	0.049864004
637800822	-0.013798208
637800823	-0.085919918
637800824	0.057427102
637800825	0.070321267
637800826	-0.244237921
637800827	0.102999908
637800828	-0.392290964
637800829	0.074775932
637800830	0.018162075
637800831	0.277879063
637800832	-0.460784446
637800833	-0.604143141
637800834	-0.385033518
637800835	-0.6570263
637800836	-0.858855355
637800837	-0.241363376
637800838	-0.150287355
637800839	-0.097978839
637800840	0.064948974
637800841	0.037195117
637800842	-0.016669432
637800843	0.022496352
637800844	0.246439831
637800845	-0.066222963
637800846	0.053328181
637800847	0.26895846
637800848	0.24071308
637800849	-0.333171673
637800850	0.119289244
637800851	0.346002076
637800852	0.039918468
637800853	0.088428318
637800854	-0.209775145
637800855	-0.324186136
637800856	0.005642366
637800857	0.007078716
637800858	-0.119151431
637800859	-0.116025848
637800860	-0.200235495
637800861	-0.009696659
637800862	-0.210574105
637800863	0.043816929
637800864	-0.106815882
637800865	0.039282816
637800866	-0.062374259
637800867	-0.375822759
637800868	-0.117828662
637800869	0.002436111
637800870	-0.059124504
637800871	-0.041038644
637800872	-0.005459791
637800873	-0.011161675
637800874	0.150973773
637800875	0.183831144
637800876	-0.299828391
637800877	0.045175206
637800878	-0.004496128
637800879	0.033539795
637800880	-0.325984436
637800881	-0.204277752
637800882	0.284779478
637800883	0.091105477
637800884	-0.154500446
637800885	0.107616143
637800886	0.226103883
637800887	-0.390617906
637800888	0.282120555
637800889	0.02638499
637800890	-0.352965143
637800891	-0.108352596
637800892	-0.028491936
637800893	0.172763485
637800894	-0.585368593
637800895	-0.083371385
637800896	-0.082933274
637800897	-0.767181063
637800898	-0.255149685
637800899	-0.081280426
637800900	0.076026991
637800901	0.192964476
637800902	-0.26211471
637800903	-0.00158943
637800905	-0.087434876
637800906	0.023459785
637800907	-0.156851793
637800908	0.003451214
637800909	-0.067420483
637800910	-1.154167969
637800911	-0.13401963
637800912	-0.180089491
637800913	-0.240529131
637800914	-0.748157754
637800915	0.229443396
637800916	-0.106257073
637800917	-0.17716962
637800918	-0.065929149
637800919	-0.005633369
637800920	0.180506149
637800921	0.246128577
637800922	-0.277558988
637800923	0.305572244
637800924	0.109969477
637800925	-0.351480067
637800926	0.236058952
637800927	-0.082749181
637800928	-0.055129529
637800929	0.020607523
637800930	-0.149012229
637800931	0.111132616
637800932	0.052077987
637800933	-0.297310395
637800934	-0.327086118
637800935	-0.544218675
637800936	-0.283614568
637800937	-0.290814748
637800938	0.065713775
637800939	-0.013414572
637800940	-0.306100032
637800941	-0.029814817
637800942	-0.074715129
637800943	0.002789921
637800944	0.086213514
637800945	0.106181036
637800946	-0.232212818
637800947	0.066954154
637800948	-0.001642729
637800949	-0.205933278
637800950	-0.231099908
637800951	0.064557341
637800952	0.402046402
637800953	0.580787347
637800954	-0.109992979
637800955	0.140209687
637800956	-0.721958043
637800957	0.187983198
637800958	0.046222611
637800959	-0.334771711
637800960	0.48723443
637800961	0.114713137
637800962	0.217813249
637800963	-0.071241077
637800964	0.008563531
637800965	-0.1672663
637800966	-0.004088132
637800967	0.084412321
637800968	0.054934851
637800969	0.194686527
637800970	-0.102331069
637800971	-0.046036957
637800972	-0.001776802
637800973	-0.284629171
637800974	-0.503834538
637800975	-0.263126401
637800976	-0.006290502
637800978	0.000434322
637800979	-0.749436088
637800980	-0.185593861
637800981	-0.396327789
637800982	-0.068373254
637800983	0.064607447
637800984	-0.015864752
637800985	-0.160232187
637800986	0.100784087
637800987	0.247064719
637800988	-0.438694164
637800989	0.291343626
637800990	-0.194004584
637800991	-0.344324527
637800992	-0.118971773
637800993	0.024674641
637800994	-0.232682545
637800995	0.089158359
637800996	-0.055562777
637800997	0.267727872
637800998	-0.237983919
637800999	-0.040244283
637801000	0.167994388
637801001	-0.475251784
637801002	-0.098021016
637801003	-0.102275107
637801004	-0.376780385
637801005	-0.773907087
637801006	-0.857629995
637801007	-1.060622354
637801008	-0.138921194
637801009	0.528144049
637801010	0.100517316
637801011	-0.299285683
637801012	0.080011226
637801013	-0.103439728
637801014	0.372786848
637801015	0.146420824
637801016	-0.151439557
637801017	-0.015058478
637801018	0.080980607
637801019	0.053003797
637801020	0.037649932
637801021	-0.08127041
637801022	-0.082382077
637801023	0.159885428
637801024	0.210511151
637801025	-0.088520192
637801029	-0.100463732
637801030	-0.049535554
637801031	-0.001190239
637801032	0.050251082
637801033	-0.03294437
637801034	0.118369961
637801035	0.029148186
637801036	-0.404146475
637801037	0.105196259
637801038	0.082246801
637801040	0.050001992
637801041	-0.06898954
637801042	-0.100580683
637801043	-0.089753869
637801044	-1.963776168
637801045	-1.65486964
637801046	0.231954886
637801047	-0.268794212
637801048	0.010317577
637801049	0.256753776
637801050	-0.355869244
637801051	0.017378673
637801052	-0.05500486
637801053	0.044924929
637801054	-0.060957594
637801055	0.044171434
637801056	-0.273469158
637801057	-0.310283924
637801058	-0.069995768
637801059	0.07947821
637801060	0.017842927
637801061	-0.24878037
637801062	-0.194317692
637801063	-0.244142927
637801064	-0.012431609
637801065	0.11018989
637801066	0.100040381
637801067	-0.081825878
640711016	0.196642372
640711017	0.334643176
640711018	0.374056884
640711019	0.739130394
640711020	0.479797656
640711021	0.283184379
640711022	0.711139731
640711023	0.200926982
640711024	0
640711025	0
640711026	0
640711027	0
640711028	0
640711029	0.668315085
640711030	0.425334633
640711031	-0.133566185
640711032	0.010250891
640711033	0.444191841
640711034	-0.094541086
640711035	0.46142457
640711036	0.075982891
640711037	-0.060389706
640711038	-0.619927419
640711039	0.9478119
640711040	0.629208945
640711041	0.34103217
640711042	0.668352675
640711043	0.619076922
640711044	0.622180917
640711045	-0.284961945
640711046	0.837512427
640711047	-0.37969055
640711048	0.540471448
640711049	0.516029418
640711050	-0.195949738
640711051	0.043195406
640711052	0.631018489
640711053	-0.083484027
640711054	-0.282206042
640711055	1.113830166
640711056	-0.201957219
640711057	0.257883549
640711058	0.695661743
640711059	0.352834165
640711060	-0.00352255
640711061	0.219609035
640711062	0.74994461
640711063	0.145713493
640711064	-0.021916798
640711065	-0.305214635
640711066	-0.640918133
640711067	0.977402242
640711068	0.709219782
637798356	-0.186065266
637798357	0.102828059
637798358	-0.067029945
637798359	-0.055711317
637798360	-0.276087192
637798361	0.044579439
637798362	-0.119400966
637798363	-0.035093867
637798364	-0.077465646
637798365	0.122473946
637798366	-0.047488879
637798367	0.003901476
637798368	-0.071610866
637798369	0.003332723
637798370	-0.134358761
637798371	-0.102231781
637798372	0.151813007
637798373	-0.06572707
637798374	0.123886073
637798375	-0.161842882
637798376	-0.042638773
637798377	-0.058250659
637798378	-0.091009134
637798379	-0.028844187
637798380	0.044932101
637798381	0.03405238
637798382	-0.54895609
637798383	-0.730785536
637798384	-0.174107262
637798385	0.004850575
637798386	0.085157813
637798387	-0.337517357
637798388	0.037771654
637798389	-0.116626934
637798390	-0.064153366
637798391	-0.248725997
637798392	0.150066122
637798393	-0.004534892
637798394	-0.15816597
637798395	-0.07798127
637798396	0.082438289
637798397	-0.069207158
637798398	0.548674047
637798399	0.245578732
637798400	0.199278916
637798401	-0.35136757
637798402	-0.143078693
637798403	0.208575434
637798404	0.178894058
637798405	0.038022703
pANS_predictedORF_1	-0.002125318
pANS_predictedORF_2	-0.268593244
pANS_predictedORF_3	-0.281534232
pANS_predictedORF_4	-0.111011767
pANS_predictedORF_5	-0.118382537
pANS_predictedORF_6	-0.053680385
pANS_predictedORF_7	0.094024456
pANS_predictedORF_8	-0.039194119
