Reporter Identifier	VALUE
637798406	-0.003975133
637798407	-0.52407179
637798408	0.013590041
637798409	-0.254574918
637798410	0.266050524
637798411	-0.003515548
637798412	0.120489985
637798413	-0.095177438
637798414	-0.295137653
637798415	0.171593041
637798416	-0.345175469
637798417	-0.198352647
637798418	-0.610450939
637798419	0.034701752
637798420	0.055299769
637798421	0.019607762
637798422	-0.069654254
637798423	-0.370660612
637798424	-0.024830489
637798425	0.021772446
637798426	0.004495983
637798427	0.044504931
637798428	0.22050627
637798429	0.552779128
637798430	0.345425895
637798431	-0.087592666
637798432	-0.001750173
637798433	0.821979155
637798434	0.072025691
637798435	-0.023296037
637798436	-1.56E-05
637798437	-0.179149573
637798438	-0.719368888
637798439	-0.097303325
637798440	-0.161406564
637798441	-0.057442016
637798442	0.038805798
637798443	-0.054614107
637798444	-0.062896722
637798445	0.091502142
637798446	0.233481648
637798448	-0.966184107
637798449	-0.071135922
637798450	-0.142381393
637798451	-0.096693021
637798452	-0.385706345
637798453	-0.121179858
637798454	-1.619906372
637798455	-1.650772667
637798456	-0.068393243
637798457	-0.041353447
637798458	-0.259739339
637798459	-0.063176547
637798460	-0.205411148
637798461	-0.302901777
637798462	0.066022936
637798463	0.003783311
637798464	-0.032432705
637798465	-0.077121255
637798466	-0.051946602
637798467	0.110807035
637798468	-0.109692293
637798469	-0.113541073
637798470	-0.011104206
637798471	0.203134355
637798472	-0.024277673
637798473	0.008014531
637798474	0.004857429
637798475	0.215540451
637798476	0.053052264
637798477	-0.157790905
637798478	-0.254122611
637798479	0.037032969
637798480	0.290448591
637798481	-0.205595553
637798482	-0.049907307
637798483	-0.032595059
637798484	0.095372643
637798485	0.14449056
637798486	-0.105661113
637798487	-0.077548437
637798488	-0.034887973
637798489	-0.213137048
637798490	-0.05700349
637798491	0.006469274
637798492	-0.094538007
637798493	0.000555673
637798494	0.004322152
637798495	-0.097518189
637798496	-0.21197531
637798497	-0.00430629
637798498	-0.172392491
637798499	-0.143487148
637798500	-0.130688318
637798501	0.488161571
637798502	0.576944475
637798503	0.019949245
637798504	-0.154519802
637798505	-0.547101015
637798506	0.032616332
637798507	-0.376527709
637798508	-0.131204274
637798509	0.149334729
637798510	0.06140861
637798511	-0.069900512
637798512	-0.182639133
637798513	0.031311223
637798514	0.100716932
637798515	0.036608007
637798516	0.061627098
637798517	-0.104764068
637798518	-0.359372727
637798519	0.280596131
637798520	-0.440591297
637798521	0.036062785
637798522	0.228838363
637798523	0.109471932
637798524	-0.030410116
637798525	-0.31506177
637798526	-0.043669591
637798527	0.010580827
637798528	0.068347593
637798529	-0.14783055
637798530	-0.202391866
637798531	-0.298864034
637798532	-0.326686623
637798533	0.169916428
637798534	0.141243454
637798535	0.138990993
637798536	0.12200054
637798537	0.061700809
637798538	0.027310351
637798539	0.014457119
637798540	-0.036660387
637798541	0.028223756
637798542	-0.016267344
637798543	-0.49082304
637798544	0.437503865
637798545	-0.052176524
637798546	-0.272583277
637798547	0.025264774
637798548	-0.16879609
637798549	-0.208026013
637798550	-0.181465518
637798551	0.595500456
637798552	0.183200804
637798553	-0.127815676
637798554	-0.066584154
637798555	-0.073494961
637798556	-0.013336732
637798557	0.07546573
637798558	-0.005538814
637798559	0.026265594
637798560	0.135105982
637798561	0.137174939
637798562	-0.048589096
637798563	0.834052095
637798564	-0.331797789
637798565	-0.034098581
637798566	0.160723847
637798567	-0.042088473
637798568	0.199766016
637798569	0.103895784
637798570	-0.310013099
637798571	-0.24367838
637798572	-0.123008958
637798573	-0.378952271
637798574	0.278767137
637798575	-0.012296645
637798576	0.143755132
637798577	-0.136285484
637798578	-0.129191948
637798579	-0.142350161
637798580	-0.20527503
637798581	0.035260908
637798582	-0.058554781
637798583	-0.005833711
637798584	0.103979794
637798585	-0.129049184
637798586	0.103644139
637798587	-0.061003838
637798588	0.001846845
637798589	-0.283605285
637798590	0.03725539
637798591	-0.109215877
637798592	-0.265570781
637798593	0.093652615
637798594	0.056771113
637798595	0.067975436
637798596	0.043523752
637798597	-0.219530779
637798598	-0.529664866
637798599	0.239111632
637798600	-0.047355289
637798601	0.042526204
637798602	0.361390899
637798603	-0.016386231
637798604	0.623232577
637798605	0.337445623
637798606	0.538691117
637798607	0.465886172
637798608	0.386306635
637798609	0.252202957
637798610	0.088133996
637798611	-0.033269842
637798612	0.017818867
637798613	-0.06021618
637798614	0.010133413
637798615	0.020888433
637798616	0.005281877
637798617	-0.000605916
637798618	-0.123483334
637798619	0.015067734
637798620	-0.111466617
637798621	0.255920872
637798622	-0.088718621
637798623	0.101522189
637798624	-0.224082267
637798625	-0.194970269
637798626	0.026978836
637798627	-0.073508535
637798628	0.050572148
637798629	-0.068618965
637798630	-0.13924874
637798631	-0.82935541
637798632	-0.08404608
637798633	0.035089466
637798634	-0.185465042
637798635	0.022005052
637798636	0.38319138
637798637	-0.18543518
637798638	0.002885425
637798639	-0.247782188
637798640	-0.151696133
637798641	0.066161199
637798642	0.287465866
637798643	0.014458036
637798644	0.059428402
637798645	0.079352124
637798646	-0.028297542
637798647	0.040032252
637798648	-0.154483825
637798649	-0.020937024
637798650	0.021583869
637798651	-0.045258951
637798652	0.064873697
637798653	0.156017834
637798654	-0.161982446
637798655	0.192524335
637798656	0.154836576
637798657	0.02379633
637798658	-0.172270369
637798659	0.062348128
637798660	-0.050576835
637798661	0.05146351
637798662	-0.165775709
637798663	-0.0109307
637798664	0.022356614
637798665	-0.234966347
637798666	-0.095176344
637798667	-0.266837037
637798668	-0.175451598
637798669	0.068204608
637798670	0.006793285
637798671	-0.096935932
637798672	-0.050478537
637798673	0.369852066
637798674	0.07771781
637798675	-0.592458833
637798676	0.039723923
637798677	-0.13450394
637798678	-0.377701542
637798679	0.105278217
637798680	0.194917995
637798681	0.006387964
637798682	-0.096282296
637798683	-0.121245444
637798684	0.153390766
637798685	0.057211212
637798686	-0.246284629
637798687	-0.045940916
637798688	-0.311131511
637798689	-0.120024209
637798690	-0.209101696
637798691	-0.285128322
637798692	-0.409543357
637798693	-0.068065815
637798694	-0.103583779
637798695	-0.194922113
637798696	-0.151401583
637798697	-0.308047054
637798698	-0.043204522
637798699	-0.339807401
637798700	-0.312288478
637798701	-0.515851597
637798702	0.000229546
637798703	0.195161294
637798704	-0.00029152
637798705	0.044701516
637798706	0.011747288
637798707	-0.101255354
637798708	-0.292073582
637798709	0.044144556
637798710	0.11612022
637798711	0.084951634
637798712	-0.053250887
637798713	0.347025771
637798714	0.184374227
637798715	0.45031082
637798716	0.17576804
637798717	-0.215730263
637798718	0.103867722
637798719	-0.350578066
637798720	0.061523857
637798721	-0.363030634
637798722	0.302236823
637798723	0.217066103
637798724	0.315921622
637798725	0.1567414
637798726	-0.110013081
637798727	0.07774865
637798728	-0.05513673
637798729	-0.028712599
637798730	0.115420904
637798731	-0.108799051
637798732	-0.221061453
637798733	-0.061183786
637798734	0.296654396
637798735	-0.034761232
637798736	-0.751448717
637798737	-0.557258133
637798738	-0.660848536
637798739	-0.238153803
637798740	-0.443678692
637798741	-0.408774071
637798742	-0.388498005
637798743	-0.487758995
637798744	-0.234864542
637798745	-0.021178818
637798746	-0.007410325
637798747	-0.016036682
637798748	0.152908059
637798749	-0.566943721
637798750	0.118115092
637798751	-0.172868423
637798752	-0.006942792
637798753	-0.294327875
637798754	-0.08262182
637798755	0.097094065
637798756	0.246860731
637798757	0.19465191
637798758	0.002534601
637798759	0.256056412
637798760	-0.251966351
637798761	-0.370629798
637798762	-0.236125922
637798763	0.127012374
637798764	-0.155943202
637798765	0.056956729
637798766	0.064503865
637798767	-0.433717979
637798768	-0.11568047
637798769	0.025417538
637798770	0.399845854
637798771	0.203292469
637798772	0.028031827
637798773	-0.102890693
637798774	-0.0124878
637798775	0.207533152
637798776	0.17041697
637798777	0.019581537
637798778	-0.051295127
637798779	-0.022321681
637798780	0.131779307
637798781	-0.083179538
637798782	0.009666459
637798783	-0.328889813
637798784	-0.184255637
637798785	-0.538323632
637798786	-0.015765095
637798787	-0.042970584
637798788	0.157167596
637798789	-0.020792497
637798790	0.222921641
637798791	-0.174697475
637798792	0.05868079
637798793	-0.119368319
637798794	-0.189330092
637798795	-0.068053438
637798796	0.012887777
637798797	-0.03613982
637798798	-0.134426489
637798799	0.017464973
637798800	-0.11785172
637798801	0.085096628
637798802	-0.07489485
637798803	-0.159299166
637798804	-0.149327489
637798805	-0.088828203
637798806	-0.639109769
637798807	0.035641483
637798808	-0.061384057
637798809	-0.450520351
637798810	-0.724963468
637798811	0.062193592
637798812	0.148375897
637798813	0.007657012
637798814	0.141932072
637798815	0.317910703
637798816	0.134649755
637798817	-0.01118316
637798818	-0.104823808
637798819	-0.383836605
637798820	-0.012267191
637798821	0.021416012
637798822	-0.365014761
637798823	-0.076545577
637798824	-0.863096407
637798825	-0.340138713
637798826	0.2135962
637798827	-0.168544843
637798828	0.085804084
637798829	-0.648471358
637798830	-0.668834406
637798831	-0.42784292
637798832	-0.142104145
637798833	-0.213193746
637798834	-0.166467705
637798835	0.460786584
637798836	-0.086331543
637798837	0.08205074
637798838	-0.07623106
637798839	0.407461655
637798840	-0.199084147
637798841	-0.246391734
637798842	-0.083367084
637798843	0.277884952
637798844	0.213879551
637798845	-0.333431672
637798846	-0.156681897
637798847	-0.184337072
637798848	-0.337134252
637798849	0.07385749
637798850	0.261345036
637798851	0.083941038
637798852	-0.369430919
637798853	0.132132376
637798854	-0.004103561
637798855	-0.11444412
637798856	-0.397234143
637798857	-0.000391817
637798858	-0.139580562
637798860	-0.085391036
637798861	-0.179964812
637798862	0.009417985
637798863	0.00200915
637798864	-0.073986281
637798865	-0.127116021
637798866	0.09687793
637798867	-0.16494728
637798868	0.054814793
637798869	0.108435965
637798870	0.140846649
637798871	-0.477425135
637798872	-0.522329902
637798873	-0.094972196
637798874	0.026954556
637798875	-0.44998991
637798876	-0.126634352
637798877	0.054974927
637798878	0.144985241
637798879	-0.007500634
637798880	-0.766039306
637798881	-0.481560991
637798882	0.257344748
637798883	-0.358707602
637798884	-0.616838135
637798885	0.069220447
637798886	0.044011436
637798887	0.389123854
637798888	0.621298791
637798889	-0.030344367
637798890	-0.016086137
637798891	-0.052858367
637798892	-0.101996108
637798893	-0.24571693
637798894	-0.40609119
637798895	0.350563478
637798896	-0.018825209
637798897	-0.155733896
637798898	-0.308361169
637798899	0.045827905
637798900	-0.113721013
637798901	-0.052995685
637798902	-0.471673814
637798903	0.03700187
637798904	-0.073204109
637798905	0.072942135
637798906	0.214471693
637798907	0.345265421
637798908	0.031359242
637798909	0.010433612
637798910	-0.032237972
637798911	0.04245324
637798912	-0.505398266
637798913	-0.217479612
637798914	-0.552469942
637798915	0.036617905
637798916	-0.16207801
637798917	-0.064461757
637798918	-0.00753826
637798919	-0.261836849
637798920	-0.004259722
637798921	-0.142030037
637798922	0.216712935
637798923	0.074846385
637798924	-0.13434548
637798926	0.014649601
637798927	0.004382687
637798928	-0.146154132
637798929	-0.057385448
637798930	0.013730268
637798931	-0.103268168
637798932	-0.476247111
637798933	-0.058346197
637798934	0.353440164
637798935	-0.103515913
637798936	0.061859431
637798937	-0.03642363
637798938	0.011251312
637798939	0.260981111
637798940	0.030282123
637798941	-0.128317905
637798942	-0.032675647
637798943	0.114609511
637798944	-0.465875948
637798945	-0.220042692
637798946	-0.224882976
637798947	0.106891355
637798948	0.198852061
637798949	0.300774432
637798950	-0.116431519
637798951	0.143646769
637798952	-0.222820723
637798953	-0.001121632
637798954	0.615518169
637798955	-0.173721699
637798956	-0.104732231
637798957	-0.054668554
637798958	-0.086646792
637798959	0.422482775
637798960	-0.332998808
637798961	0.063639915
637798962	-0.322051468
637798963	0.076146415
637798964	0.483586239
637798965	0.498560074
637798966	-0.03093628
637798967	0.027137153
637798968	-0.281135038
637798969	-0.117771391
637798970	-0.028444736
637798971	0.157749689
637798972	-0.142702524
637798973	-0.160776125
637798974	0.047817909
637798975	-0.030519088
637798976	-0.00685814
637798977	0.154897174
637798978	0.103049528
637798979	0.122162974
637798980	0.107370319
637798981	0.145605384
637798982	-0.071302588
637798983	-0.574855368
637798984	-0.100815554
637798985	0.198509358
637798986	-0.385480358
637798987	-0.17006197
637798988	0.064047714
637798989	0.032405922
637798990	0.037369813
637798991	-0.002646344
637798992	-0.175619778
637798993	-0.276878311
637798994	0.008368125
637798998	-0.134049631
637798999	0.123305787
637799000	-0.039154461
637799001	-0.040413881
637799002	-0.038419274
637799003	0.31004427
637799004	0.26307642
637799005	0.277873786
637799006	0.401112977
637799007	-0.057036667
637799008	-0.075574088
637799009	-0.316281131
637799010	0.104181068
637799011	-0.054174065
637799012	-0.185150625
637799013	-0.325144073
637799014	-0.157193333
637799015	-0.186124371
637799016	-0.004215392
637799017	0.021723188
637799018	-0.144565698
637799019	0.100875304
637799020	-0.04457862
637799021	-0.155619953
637799022	-0.028677911
637799023	-0.09261195
637799024	0.050318676
637799025	-0.056632187
637799026	-0.176585823
637799027	-0.033972426
637799028	0.125641726
637799029	-0.104510566
637799030	-0.312435737
637799031	0.011421686
637799032	0.063860218
637799033	-0.150461283
637799035	0.057574218
637799036	-0.012410608
637799037	-0.011044103
637799038	0.039034238
637799039	-0.126012
637799040	-0.029171089
637799041	0.174748674
637799042	-0.063745296
637799043	-0.05970525
637799044	-0.005352231
637799045	-0.233862221
637799046	-0.47561956
637799047	0.067411443
637799048	-0.230964774
637799049	-0.079553745
637799050	-0.208624332
637799051	-0.065157711
637799052	0.03732322
637799053	0.058388826
637799054	0.02332629
637799055	-0.158350992
637799056	0.147430953
637799057	-0.194660866
637799058	-0.125618166
637799059	-0.157380869
637799060	-0.1438792
637799061	0.25704487
637799062	-0.258345372
637799063	0.05062977
637799064	0.26061433
637799065	-0.207784212
637799066	-0.007852539
637799067	-0.058859008
637799068	-0.001442964
637799069	-0.718646895
637799070	-0.40482824
637799071	-0.205654125
637799072	-0.192178994
637799073	0.090284869
637799074	0.221837081
637799075	0.029395001
637799076	-0.067076571
637799077	-0.027658982
637799078	-0.021208629
637799079	-0.593199819
637799080	0.093882375
637799081	-0.135906737
637799082	-0.054611867
637799083	0.131236947
637799084	0.285101678
637799085	0.04049512
637799086	-0.237263385
637799087	0.002534575
637799088	-0.023077756
637799089	-0.181185105
637799090	-0.059351884
637799091	-0.189835407
637799092	0.329889371
637799093	-0.139087098
637799094	-0.237108143
637799095	-0.005757874
637799096	-0.272674253
637799097	0.049662395
637799098	0.211557966
637799099	0.573274814
637799100	0.280834384
637799101	0.108334508
637799102	-0.222988784
637799103	-0.085807493
637799104	0.112185392
637799105	-0.088767714
637799106	-0.1209153
637799107	0.123723111
637799108	0.02252861
637799109	-0.112957861
637799110	0.161735886
637799111	-0.89805017
637799112	-0.066502859
637799113	-0.176717511
637799114	-0.069111562
637799115	-0.013072494
637799116	-0.117756657
637799117	0.013061323
637799118	0.034370485
637799119	-0.121619402
637799121	-0.3167859
637799122	-0.325300678
637799123	0.079494231
637799124	-0.16552211
637799125	0.0866007
637799126	0.126191734
637799127	0.00837661
637799128	-0.015095296
637799129	0.056766959
637799130	0.061656643
637799131	-0.019217025
637799132	0.069435224
637799133	-0.439719874
637799134	-0.109611675
637799135	-0.136629346
637799136	0.318124448
637799137	-0.087110346
637799138	-0.144327812
637799139	0.047078115
637799140	-0.175773716
637799141	0.114055133
637799142	-0.14606905
637799143	0.010302472
637799144	0.009868454
637799146	0.01760518
637799147	0.114252135
637799148	-0.032171859
637799149	0.121883756
637799150	0.05945885
637799151	0.232588569
637799152	0.213067425
637799153	0.185272213
637799154	0.157331239
637799155	0.119367567
637799157	0.30136331
637799158	-0.096415794
637799159	-0.031823519
637799160	-0.146776407
637799161	0.077979459
637799162	-0.166738952
637799163	0.00338419
637799164	0.07285563
637799165	-0.004228466
637799166	-0.058739675
637799167	0.121135286
637799168	-0.028304879
637799169	-0.02740458
637799170	0.285225389
637799171	0.770174793
637799172	-0.039482793
637799173	0.113243472
637799174	0.10290728
637799175	0.247944999
637799176	0.046337677
637799177	0.063432326
637799178	-0.05930423
637799179	0.008903523
637799180	0.091386717
637799181	0.114365447
637799182	0.23632334
637799184	0.25397319
637799185	0.433279136
637799186	0.262222342
637799187	0.148472564
637799188	-0.044436648
637799189	-0.187642337
637799190	-0.235743122
637799191	-0.035519226
637799192	-0.444260687
637799193	0.18068984
637799194	-0.279749595
637799195	-0.254744798
637799196	-0.082304179
637799197	0.648066805
637799198	-0.226050374
637799199	-0.160419893
637799200	0.254870468
637799201	0.062555976
637799202	-0.094263481
637799203	-0.039872518
637799204	-0.198172072
637799205	0.411778481
637799206	-0.296516385
637799207	-0.059567671
637799208	-0.436712106
637799209	-0.107433694
637799210	0.035851092
637799211	0.248029064
637799212	-0.108697538
637799213	0.231961263
637799214	-0.095115658
637799215	-0.147726097
637799216	-0.45863445
637799217	-0.239442837
637799218	-0.079294203
637799220	-0.062825484
637799221	0.057953659
637799222	0.077092462
637799223	-0.068026227
637799224	-0.209091519
637799225	-0.361133971
637799226	0.167805066
637799227	-0.059417663
637799228	-0.127082677
637799229	0.306493418
637799230	0.232501523
637799231	-2.54E-05
637799232	0.061344908
637799233	-0.171730264
637799234	-0.275845391
637799235	-0.126778118
637799236	-0.144971822
637799237	-0.090870296
637799238	-0.115169135
637799239	0.10542101
637799240	-0.047124474
637799241	-0.054794182
637799242	0.007881565
637799243	-0.04290595
637799244	-0.054767808
637799245	-0.051383325
637799246	-0.398715446
637799247	-0.318894741
637799248	-0.185874027
637799249	0.022317419
637799250	-0.959096083
637799251	-0.128271013
637799252	-0.081939114
637799253	-0.039170576
637799254	0.081337415
637799255	0.163392954
637799256	0.283310335
637799257	0.407381086
637799258	0.144778857
637799259	-0.496911971
637799260	-0.227343116
637799261	-0.006039465
637799262	0.427062957
637799263	0.73477535
637799264	-0.015016152
637799265	-0.246128667
637799266	-0.933422523
637799267	-0.096331191
637799268	-0.188749726
637799270	-0.084193669
637799271	-0.285840676
637799272	-0.090697341
637799273	-0.211174288
637799274	0.060575381
637799275	-0.017913277
637799276	-0.034361356
637799277	-0.583274752
637799278	-0.703959347
637799279	-0.155407274
637799280	-0.299380288
637799281	-0.140241092
637799282	-0.277300255
637799283	-0.318366704
637799284	-0.107481848
637799285	-0.265174996
637799286	0.099030785
637799287	-0.092776357
637799288	0.042102612
637799289	-0.011045725
637799290	0.118053842
637799291	-0.00705
637799292	0.140860089
637799293	-0.151914778
637799294	0.000300992
637799295	-0.08850124
637799296	0.059598663
637799297	-0.005628224
637799298	0.084111732
637799299	-0.464340568
637799300	0.077270309
637799301	-0.596641026
637799302	-0.259551582
637799303	-0.426048911
637799304	0.189946321
637799305	-0.03742607
637799307	-0.051689694
637799308	0.088667867
637799309	0.03922177
637799310	-0.320468036
637799311	-0.051362867
637799312	-0.17644352
637799313	-0.100472703
637799314	-0.366608011
637799315	-0.186795994
637799316	0.004480937
637799317	0.340044365
637799318	-0.130823957
637799319	0.043955828
637799320	0.186323429
637799321	-0.281558533
637799322	0.213421868
637799323	0.084627375
637799324	0.280904384
637799325	0.074707573
637799326	-0.107277376
637799327	-0.311902702
637799328	0.025559524
637799329	0.158276217
637799330	-0.058388933
637799331	0.109524501
637799332	-0.411278718
637799333	-0.322113515
637799334	-0.02018998
637799335	0.011444869
637799336	-0.518678434
637799337	-0.391307174
637799338	-0.072110568
637799339	-0.197926464
637799340	0.003902062
637799341	-0.209529697
637799343	-0.104048563
637799344	0.197633075
637799345	-0.164977069
637799346	-0.059561413
637799347	-0.108102663
637799348	-0.022298624
637799349	-0.012804065
637799350	-0.115342732
637799351	-0.096625817
637799352	-0.053653182
637799353	0.167536658
637799354	0.243366413
637799355	0.191945637
637799356	-0.099700488
637799357	-0.226996329
637799358	0.175306283
637799359	-0.031104052
637799360	0.282561495
637799361	0.202209525
637799362	-0.153065871
637799363	0.018376027
637799364	-0.141023158
637799366	0.005460038
637799367	0.121414356
637799368	0.395237826
637799369	0.079062796
637799370	0.012071477
637799371	0.42359395
637799372	0.168646458
637799373	-0.165769107
637799374	0.036413508
637799375	-0.257307134
637799376	-0.146146683
637799377	-0.046291834
637799378	-0.119527926
637799379	0.032731032
637799380	-0.118385641
637799381	0.082090325
637799382	-0.478747875
637799383	0.030551978
637799384	0.029686015
637799385	-0.012011057
637799386	-0.142014027
637799387	0.744720285
637799388	0.066455883
637799389	0.016485245
637799390	0.361343679
637799391	-0.113085996
637799392	-0.130203507
637799393	-0.303332036
637799394	0.16870323
637799395	0.008659876
637799396	-0.004125737
637799397	-0.203027475
637799398	-0.03197046
637799399	0.047699068
637799400	0.077299976
637799401	-0.071701618
637799402	-0.049667003
637799403	-0.163976404
637799404	0.1749513
637799405	0.235839779
637799406	-0.260571042
637799407	-0.344316729
637799408	-0.216111259
637799409	-0.158969875
637799410	0.012220313
637799411	-0.164153559
637799412	0.120747282
637799413	0.025650203
637799414	-0.019374785
637799415	0.008372104
637799416	-0.844570112
637799417	-0.306478249
637799418	0.03656045
637799419	-0.062419842
637799420	-0.174377298
637799422	-0.110879551
637799423	-0.112452188
637799424	-0.082417659
637799425	-0.072109748
637799426	-0.164945134
637799427	-0.009960468
637799428	-0.086978885
637799429	0.067593595
637799430	0.049397112
637799431	-0.058434338
637799432	0.092771477
637799433	-0.108269397
637799434	-0.035575357
637799435	0.07440323
637799436	-0.023749965
637799437	-0.100642094
637799438	-0.272120347
637799439	0.023189835
637799440	0.018679411
637799441	0.060527428
637799442	-0.029509312
637799443	-0.00420763
637799444	-0.077383074
637799445	0.03901672
637799448	-0.141633894
637799449	-0.427903073
637799450	0.047323896
637799451	-0.208384455
637799452	-0.118289906
637799453	0.094189041
637799454	0.254926302
637799455	0.048883828
637799456	-0.248662935
637799457	-0.130163348
637799458	-0.160397839
637799459	-0.100808871
637799460	-0.068607343
637799461	0.209798107
637799462	0.091156969
637799463	-0.051406439
637799464	0.467799479
637799465	-0.213025622
637799466	-0.075356202
637799467	-0.064151602
637799468	0.056471321
637799469	0
637799470	0
637799471	-0.030120731
637799472	-0.146931116
637799473	-0.041221491
637799474	-0.417314129
637799475	-0.509833388
637799476	0.103389358
637799477	0.080870549
637799478	-0.057214276
637799479	-0.107241826
637799480	-0.040755271
637799481	-0.288525136
637799482	-0.058644426
637799483	0.034652707
637799484	0.029955887
637799485	0.015561147
637799486	-0.057594329
637799489	0.03230979
637799490	-0.13363894
637799491	-0.038666454
637799492	-0.326635696
637799493	0.037932425
637799494	-0.033116601
637799495	0.052691101
637799497	-0.152795575
637799498	-0.045621538
637799499	0.072524
637799500	0.08725497
637799501	0.125787927
637799502	-0.111841476
637799503	0.029858256
637799504	-0.062880896
637799505	-0.347794415
637799506	0.087679933
637799508	-0.112099468
637799509	0.066896699
637799510	0.15047816
637799511	0.14696331
637799512	-0.481021431
637799513	-0.228460182
637799514	-0.620435667
637799515	0.0271805
637799516	0.010835154
637799517	0.156737629
637799518	-0.174876137
637799519	-0.076487798
637799520	-0.056467207
637799521	0.175406124
637799522	0.015770734
637799523	0.108421694
637799524	-0.094904583
637799525	-0.043480659
637799526	-0.213774663
637799527	-0.017593547
637799528	-0.070916179
637799529	0.038402712
637799530	0.028958099
637799531	-0.102643806
637799532	-0.106385726
637799533	0.300328979
637799534	0.591002836
637799535	0.187269177
637799536	-0.039986148
637799537	-0.086592578
637799538	0.16412926
637799539	0.109381581
637799540	0.131592048
637799541	0.235941231
637799542	-0.652697592
637799543	-0.335469234
637799544	0.16377798
637799545	0.164001437
637799546	0.119174498
637799547	0.21611807
637799548	-0.434355438
637799549	-0.355995662
637799550	-0.076548987
637799551	0.204942773
637799552	-0.282513067
637799553	-0.227515097
637799554	-0.085370472
637799555	-0.103124678
637799556	-0.040995725
637799557	-0.217989054
637799558	0.150276772
637799559	0.191311896
637799560	0.276187418
637799561	0.004103751
637799562	0.003243678
637799563	-0.399364917
637799564	-0.003234071
637799565	-0.304019455
637799566	0.023665143
637799567	0.244103707
637799568	-0.108651139
637799569	-0.21762202
637799570	0.176567705
637799571	-0.372663161
637799572	-0.551648656
637799573	-0.025630343
637799574	-0.110512477
637799575	-0.075949038
637799576	0.06627367
637799577	-0.16095295
637799578	-0.048817176
637799579	0.216887577
637799580	0.03875268
637799581	-0.043273064
637799582	0.197907364
637799583	-0.033140737
637799584	0.126966253
637799585	-0.118820776
637799586	0.209983883
637799587	-0.041140606
637799588	0.100536003
637799589	0.059535531
637799590	0.069905083
637799591	-0.13548514
637799592	0.042187752
637799594	-0.256482626
637799595	-0.153771229
637799596	0.009684779
637799597	0.188754528
637799598	-0.015296344
637799599	-0.159741251
637799600	-0.217355429
637799601	-0.051345733
637799602	-0.303763133
637799603	-0.23927071
637799604	-0.067401818
637799605	-0.436821713
637799606	-0.710853623
637799607	-0.126362254
637799608	-0.187823874
637799609	-0.074012811
637799610	0.176219406
637799611	-0.0228544
637799612	-0.464675099
637799613	-0.052984027
637799614	-0.051643781
637799615	-0.062666654
637799616	-0.317513269
637799617	-0.068781276
637799618	-0.190767953
637799619	-0.070531318
637799620	0.10978043
637799621	0.075553496
637799622	0.147322512
637799623	-0.28878256
637799624	-0.079303665
637799625	0.042850723
637799626	-0.047771833
637799627	0.09837532
637799628	-0.144377998
637799629	-0.223363633
637799630	-0.022310252
637799631	0.150462566
637799632	0.005704328
637799634	-0.040898412
637799635	-0.062872643
637799636	-0.352946491
637799637	-0.029158255
637799638	0.174948078
637799639	0.078719888
637799640	0.087662415
637799641	-0.034103211
637799643	-0.038163168
637799644	-0.112829068
637799645	-0.162426007
637799646	-0.144610385
637799647	0.204559369
637799648	-0.204127524
637799649	-0.519769859
637799650	-0.797677316
637799651	0.079985672
637799652	0.102395813
637799653	0.084598947
637799654	-0.274283555
637799655	-0.12875637
637799656	0.139555247
637799657	0.2087483
637799658	-0.034622493
637799659	-0.076376172
637799660	-0.323310583
637799661	-0.341445317
637799662	-0.172883687
637799663	0.228304134
637799664	-0.365410668
637799665	-0.857663468
637799666	-0.790563353
637799667	-0.963598214
637799668	-0.25736613
637799669	-0.21150956
637799670	-0.071806556
637799671	-0.015945253
637799672	0.099533379
637799673	-0.146017841
637799674	-0.12619929
637799675	-0.183298128
637799676	-0.073569044
637799677	-0.216505098
637799678	0.123787426
637799679	0.141973496
637799680	-0.018489748
637799681	0.138866132
637799682	-0.05772978
637799683	-0.214016731
637799684	0.080485685
637799685	-0.101087169
637799687	-0.147539407
637799688	-0.097004395
637799689	-0.048811843
637799690	0.210650538
637799691	-0.213102414
637799692	0.021476693
637799693	-0.0826452
637799694	0.034697046
637799695	0.01758924
637799696	-0.018163558
637799697	0.150016621
637799698	-0.248588778
637799699	-0.238520169
637799700	-0.201621124
637799701	-0.129447923
637799702	0.166894904
637799703	-0.042531404
637799704	0.108623547
637799705	0.368673551
637799706	-0.285085861
637799707	-0.386887125
637799708	-0.049647007
637799709	-0.045276448
637799710	0.059146845
637799711	-0.145619083
637799712	-0.206541859
637799713	-0.219700354
637799714	-0.142834516
637799715	-0.028903107
637799716	-0.056872967
637799717	-0.196823844
637799718	-0.053043317
637799719	0.28834962
637799720	-0.45098088
637799721	-0.164943389
637799722	0.15498051
637799723	0.044168138
637799724	-0.059829015
637799725	0.22435879
637799726	-0.025327746
637799727	-0.106824329
637799728	-0.0949566
637799729	0.264499769
637799730	-0.041804114
637799731	0.082874472
637799732	-0.220133458
637799733	-0.070240317
637799734	-0.293119666
637799735	0.10225045
637799737	0.037841344
637799738	-0.102026196
637799739	-0.203842416
637799740	-0.260689375
637799741	-0.018880751
637799742	0.042997226
637799743	-0.066739198
637799744	-0.097092128
637799745	-0.020950932
637799746	-0.02940731
637799747	-0.36735496
637799748	-0.241386046
637799749	-0.124718482
637799750	-0.089784726
637799751	-0.128633473
637799752	-0.020287681
637799753	-0.145153583
637799754	0.03210636
637799755	0.18299388
637799756	-0.260679808
637799757	-0.084180479
637799758	-0.413964606
637799759	-0.076702207
637799760	-0.101590389
637799761	-0.168149341
637799762	-0.193897853
637799763	-0.251673818
637799764	-0.012375837
637799765	-0.152982472
637799766	-0.172433393
637799767	0.003961871
637799768	0.213141756
637799769	-0.080989061
637799770	-0.213491883
637799771	-0.068906507
637799772	-0.216409198
637799773	-0.068160699
637799774	-0.179277536
637799775	-0.198098597
637799776	-0.199982944
637799777	-0.249481362
637799778	-0.167114777
637799779	0.019843384
637799780	-0.051199649
637799781	-0.096448108
637799782	-0.228710325
637799783	0.237245429
637799784	0.08627366
637799785	0.029362123
637799786	-0.038048016
637799787	-0.038198071
637799788	-0.24312714
637799789	0.020976195
637799790	-0.07547909
637799791	0.123358925
637799793	-0.434867178
637799794	0.094115048
637799795	0.037788319
637799796	-0.051747383
637799797	0.380312163
637799798	-0.191087544
637799799	-0.041107487
637799800	0.321020823
637799801	-0.089776883
637799802	0.411552402
637799803	0.379908059
637799804	-0.143012927
637799805	-0.034792697
637799806	0.068027235
637799807	0.155271944
637799808	0.294379749
637799809	-0.141958379
637799810	-0.141213707
637799811	0.000681763
637799812	-0.070151401
637799813	-0.095386992
637799814	0.169941657
637799815	-0.274481256
637799816	-0.06324367
637799817	-0.054912172
637799818	-0.153609348
637799819	-0.101378883
637799820	-0.070559329
637799821	-0.318675279
637799822	-0.387134729
637799823	0.040494295
637799824	0.173134443
637799825	-0.089540287
637799826	-0.081307308
637799827	-0.077783737
637799828	-0.197983614
637799829	1.054773526
637799830	-0.102746748
637799831	-0.083881206
637799832	0.032105113
637799833	0.097680436
637799834	0.17880187
637799835	0.09053306
637799836	0.134075304
637799837	0.087762137
637799838	-0.259803448
637799839	-0.548421741
637799840	-0.255303539
637799841	-0.70255143
637799842	-0.024050648
637799843	-0.112458092
637799844	-0.259526019
637799845	0.075671526
637799846	-0.224199236
637799847	-0.184864474
637799848	-0.143931226
637799849	-0.061845217
637799850	-0.2358933
637799851	-0.103217199
637799852	-0.332830692
637799853	-0.213574131
637799854	-0.098705811
637799855	-0.085337674
637799856	0.093428703
637799857	-0.400310943
637799858	0.14377335
637799859	-0.083931533
637799860	-0.05806412
637799861	-0.143494131
637799862	-0.139012979
637799863	-0.147632843
637799864	-0.258051572
637799865	-0.322012744
637799866	-0.396583322
637799867	0.020164723
637799868	0.061339797
637799869	-0.280577776
637799870	-0.109947181
637799871	0.982778361
637799872	-0.08757231
637799873	0.117332293
637799874	-0.105680313
637799875	-0.370118318
637799876	-0.046905425
637799877	0.31298759
637799878	0.059398651
637799879	-0.070754107
637799880	0.080155512
637799881	0.00688623
637799882	-0.084062402
637799883	-0.395005335
637799884	0.064547487
637799885	0.062584038
637799886	0.136971133
637799887	-0.095592446
637799888	-0.187619105
637799889	-0.098945693
637799890	0.109181129
637799891	0.176208535
637799892	-0.036330116
637799893	-1.030521028
637799894	-0.839759319
637799895	-0.349241323
637799896	-0.181169589
637799897	-0.061842369
637799898	-0.083766722
637799899	-0.093250865
637799900	0.095337979
637799901	0.107269318
637799902	-0.072415013
637799903	0.153141029
637799904	-0.048217295
637799905	0.040164359
637799906	0.080851047
637799907	0.3121665
637799908	0.088444565
637799909	0.215134335
637799910	-0.224131187
637799911	-1.03859748
637799912	0.111551014
637799913	-0.118050751
637799914	0.017951582
637799915	-0.061964917
637799916	-0.059379973
637799917	-0.156462589
637799918	-0.295066818
637799919	-0.29816105
637799921	0.188873626
637799922	0.036779631
637799923	0.002384406
637799924	0.028869576
637799925	0.02412772
637799926	0.257608022
637799927	-0.24966278
637799928	0.011958859
637799929	-0.068357088
637799930	-0.49869079
637799931	-0.223113436
637799932	-0.117233297
637799933	-0.278104521
637799934	-0.145359209
637799935	0.262899824
637799936	-0.060514206
637799937	0.077384789
637799938	-0.071076917
637799939	0.456633321
637799940	0.118228342
637799941	0.027065619
637799942	0.003684168
637799943	0.154166864
637799944	0.186812108
637799945	-0.116766634
637799946	-0.131467728
637799947	-0.164469381
637799948	-0.095159716
637799949	-0.07967713
637799950	0.00554908
637799951	-0.131397697
637799952	-0.255167818
637799953	-0.328460438
637799954	-0.075184211
637799955	-0.045409331
637799956	0.009944092
637799957	0.062728977
637799958	0.084364025
637799959	0.095952038
637799960	0.077775851
637799961	-0.041813405
637799962	0.007505133
637799963	0.028429693
637799964	-0.046627712
637799965	0.067944337
637799966	0.077975725
637799967	-0.210564601
637799968	0.099817767
637799969	0.090060852
637799970	-0.107872886
637799971	-0.117947167
637799972	-1.589406674
637799973	-1.86438097
637799974	-1.838975386
637799975	-2.124012337
637799976	-0.20456452
637799977	-0.093082596
637799978	0.07960658
637799979	0.006714017
637799980	0.005695979
637799981	-0.202505735
637799982	0.078552148
637799983	0.091065386
637799984	0.087759568
637799985	-0.234930358
637799986	0.260466688
637799987	-0.337876005
637799988	-0.175901172
637799989	-0.328493888
637799990	1.421940819
637799991	0.173013811
637799992	0.02421115
637799993	-0.176502388
637799994	-0.023047944
637799995	-0.001020216
637799996	0.114886161
637799997	-0.028453956
637799998	-0.132912593
637799999	-0.314236348
637800000	0.168391981
637800001	-1.383665858
637800002	-0.878551633
637800003	-0.92424478
637800004	-0.054593203
637800005	0.299584262
637800006	0.15982395
637800007	0.145611271
637800008	0.007291393
637800009	-0.005022637
637800010	-0.266205256
637800011	-0.21517266
637800012	0.040624897
637800013	-0.181144381
637800014	-0.02083886
637800015	0.968080152
637800016	-0.048925794
637800017	-0.087566988
637800018	-0.059911476
637800019	0.019134046
637800020	0.355101733
637800021	0.10724318
637800022	-0.189373026
637800023	-0.046754022
637800024	0.019775787
637800025	0.01537322
637800026	-0.183355085
637800027	-0.209585968
637800028	-0.157292738
637800029	-0.648289631
637800030	-0.148966389
637800031	-0.146111516
637800032	-0.146657037
637800033	-0.029100375
637800034	-0.172846591
637800035	-0.091490992
637800037	-0.113641916
637800038	0.035070957
637800039	-0.138369028
637800040	-0.446113375
637800041	-1.160956903
637800042	-0.164386361
637800043	-0.589735886
637800044	-0.218575346
637800045	-0.118947213
637800046	-0.121360401
637800047	0.0642112
637800048	-0.40947712
637800049	-0.153799632
637800052	-0.213464894
637800053	-0.365623295
637800054	-0.101727374
637800055	-0.224875345
637800056	-0.187355389
637800057	0.405936996
637800058	-0.020722591
637800059	0.486281538
637800060	0.075467116
637800061	-0.008110602
637800062	-0.10165499
637800063	0.063255831
637800064	-0.420366702
637800065	-0.021035462
637800066	0.347595433
637800067	0.05229362
637800068	-0.12758872
637800070	-0.058835755
637800071	0.223678151
637800072	0.636755706
637800073	0.214367029
637800074	0.006811216
637800075	-0.471129395
637800076	-0.1395746
637800077	0.042452107
637800078	0.238821122
637800079	0.15406894
637800080	-0.114853315
637800081	0.200602353
637800082	-0.124079187
637800083	0.02728926
637800084	-0.200112611
637800085	0.209128641
637800086	0.1132451
637800087	0.140632104
637800088	-0.017234331
637800089	-0.015658244
637800090	-0.112316628
637800091	0.150290275
637800092	0.316400157
637800093	0.170712515
637800094	-0.313178054
637800095	0.250550929
637800096	-0.247553095
637800097	-0.057548801
637800098	-1.405325168
637800099	-0.049471535
637800101	-0.261490452
637800102	-0.234813697
637800103	0.065747501
637800104	0.273652037
637800105	-0.114426799
637800106	0.330886603
637800107	0.48819821
637800108	0.400386508
637800109	0.219726283
637800110	0.43116031
637800111	-0.023173499
637800112	-0.072716878
637800113	0.034478526
637800114	-0.042415197
637800115	0.125844595
637800116	-0.202830244
637800117	-0.708684223
637800118	-0.025136977
637800119	0.120612896
637800120	0.076117122
637800121	0.206622883
637800122	0.197824338
637800123	0.048354121
637800124	-0.060516973
637800125	0.001867067
637800126	-0.217602222
637800127	0.1720005
637800128	0.021944093
637800129	-0.120654527
637800130	-0.287146872
637800131	0.165938244
637800132	0.018340923
637800133	-0.107049554
637800134	0.077254416
637800135	0.040313149
637800136	-0.03824725
637800137	-0.077640019
637800138	-0.203842659
637800139	0.341897096
637800140	-0.189667801
637800141	-0.350914026
637800142	-0.137388178
637800143	-0.204426235
637800144	0.013691721
637800145	0.038371651
637800146	-0.096313064
637800147	0.114510399
637800148	-0.488314129
637800149	-0.31837243
637800150	-0.006149535
637800151	0.141403672
637800152	0.067600918
637800153	-0.029605034
637800154	0.2037845
637800156	-0.128726093
637800157	0.106953253
637800158	-0.255670198
637800159	-0.05103351
637800160	-0.267326398
637800161	-0.054870214
637800162	-0.019198781
637800163	0.339587853
637800164	0.212595954
637800165	-0.01173581
637800166	0.071998808
637800167	0.257616613
637800168	0.051106431
637800169	0.321849873
637800170	0.010860084
637800171	-0.072190868
637800172	0.028261716
637800173	0.085520431
637800174	-0.101088422
637800175	0.026099875
637800176	0.034951563
637800177	0.189662416
637800178	-0.001492027
637800179	0.114057344
637800180	0.104518554
637800181	-0.247286241
637800182	-0.041254576
637800183	-0.081645972
637800184	-0.010098265
637800185	0.01068205
637800186	-0.152086228
637800187	-0.020759297
637800188	-0.15244622
637800189	0.057595715
637800190	-0.193991565
637800191	-0.063135398
637800192	-0.057019168
637800194	-0.190454859
637800195	-0.229737498
637800197	-0.076435343
637800198	0.049396132
637800199	-0.018449655
637800200	-0.234681158
637800201	0.129463653
637800202	0.011094925
637800203	-0.298459125
637800204	-0.007087596
637800205	0.108656177
637800206	0.01495311
637800207	0.026851039
637800208	0.186597622
637800209	0.173193502
637800210	-0.072644753
637800211	-0.066186001
637800212	-0.106377829
637800213	-0.427783877
637800214	-0.395670759
637800215	-0.304722254
637800216	-0.152179251
637800217	-0.336021181
637800218	-0.163939487
637800219	-0.206200744
637800220	-0.370580726
637800221	-0.279439339
637800222	-0.393952573
637800223	-0.126083953
637800224	-0.104773827
637800225	0.105810484
637800226	-0.143082065
637800227	-0.228561474
637800228	-0.316127854
637800229	0.398817839
637800230	0.130484056
637800231	-0.058171365
637800232	-0.014412591
637800233	-0.184644929
637800234	-0.310763006
637800235	-0.069739488
637800236	-0.046425826
637800237	-0.179651821
637800238	-0.109803712
637800239	0.443622762
637800240	0.12693821
637800241	-0.083841302
637800242	-0.026151554
637800243	-0.030588266
637800244	-0.111646998
637800245	0.374257596
637800246	-0.062919581
637800247	-0.270964479
637800248	-0.107339478
637800249	0.143998325
637800250	0.245960123
637800251	-0.024800103
637800252	-0.080137088
637800253	0.037235891
637800254	-0.548719982
637800255	-0.048785697
637800256	0.008121074
637800257	0.156645405
637800258	0.009281875
637800259	0.212932132
637800260	-0.077357277
637800261	-0.050487896
637800262	-0.410768214
637800263	-0.201502235
637800264	-0.083747792
637800265	0.083548912
637800266	0.101904091
637800267	-0.072918893
637800268	0.174862749
637800269	0.154991604
637800270	0.063761459
637800271	-0.122170488
637800272	-0.377380168
637800273	-0.16756511
637800274	-0.384668666
637800275	-0.010003089
637800276	-0.084782512
637800277	-0.106059988
637800278	-0.166283558
637800279	-0.235185541
637800280	-0.013230347
637800281	-0.041710674
637800282	0.078643174
637800283	-0.057541989
637800284	0.144872927
637800285	0.061145952
637800286	-0.058472934
637800287	-0.132322638
637800288	0.131549759
637800289	0.072722519
637800290	0.242698744
637800291	0.129478609
637800292	-0.144824944
637800293	-0.360633423
637800294	-0.130021133
637800295	-0.092219321
637800296	-0.070780331
637800297	0.190060506
637800298	0.087917484
637800299	-0.294204995
637800300	-0.029758786
637800301	0.015258721
637800302	0.043775312
637800303	-0.406784476
637800304	0.030073021
637800305	0.10816581
637800306	0.005242189
637800307	-0.368499232
637800308	-0.129411804
637800309	0.04202414
637800310	0.119682942
637800311	-0.109438386
637800312	0.241138495
637800313	0.01335268
637800314	0.112466356
637800315	-0.183871463
637800316	-0.046628435
637800317	-0.063993132
637800318	-0.079731337
637800319	-0.075696312
637800320	0.032991248
637800321	0.114367611
637800322	-0.012076032
637800323	-0.223523257
637800324	-0.072434868
637800325	-0.089916034
637800326	-0.196637107
637800327	0.01872375
637800328	0.030964934
637800329	0.162463235
637800330	0.272315587
637800331	-0.279541676
637800332	-0.698320427
637800333	-0.173687361
637800334	0.030360708
637800335	-0.071149129
637800336	0.379255362
637800337	-0.136809351
637800338	-0.011041179
637800339	-0.02545689
637800340	0.200818564
637800341	-0.158657367
637800342	-0.045183119
637800343	-0.079719531
637800344	0.012601832
637800345	-0.364358483
637800346	-0.182436309
637800347	-0.12004225
637800348	-0.045559667
637800349	-0.420592907
637800350	0.10065946
637800351	0.14777946
637800352	-0.238432678
637800353	-0.144008583
637800354	-0.122887983
637800355	-0.160941228
637800356	-0.028489438
637800357	-0.329243486
637800358	0.156537795
637800359	-0.076715153
637800360	0.164941835
637800361	0.113406381
637800362	-0.292755546
637800363	-0.203741463
637800364	-0.034388771
637800365	-0.030399546
637800366	0.128124653
637800367	0.141008264
637800368	-0.110034699
637800369	0.027566322
637800370	-0.127564695
637800371	0.086528466
637800372	0.079224592
637800373	-0.042132918
637800374	-0.202851514
637800375	0.013481882
637800376	0.111657775
637800377	0.09578005
637800378	0.217299993
637800379	-0.382708796
637800380	0.012677826
637800381	0.052569152
637800382	0.041633354
637800383	0.099958893
637800384	-0.201139891
637800385	0.109035326
637800386	-0.35136104
637800387	-0.262286477
637800389	0.327651017
637800390	-0.124007259
637800391	-0.310783833
637800392	-0.193964959
637800393	-0.118295486
637800394	0.018915384
637800395	-0.020777422
637800396	-0.184574705
637800397	-0.352185075
637800398	-0.196825415
637800399	-0.365321737
637800400	0.160394088
637800401	0.608043275
637800402	0.066265915
637800403	0.347056639
637800404	-0.06313259
637800405	-0.494932058
637800406	-0.191308146
637800407	-0.123221489
637800408	-0.100354117
637800411	-0.016427257
637800412	-0.069083943
637800413	-0.192889624
637800414	-0.185642784
637800415	-0.037456273
637800416	-0.126282892
637800417	-0.026915018
637800418	-0.141480331
637800419	0.155372519
637800420	-0.008891025
637800421	0.315393526
637800422	-0.118781934
637800423	0.145552224
637800424	0.082089624
637800425	0.056517689
637800426	0.035704998
637800427	-0.472503464
637800428	-0.169740074
637800429	-0.2901437
637800430	0.074371927
637800431	-0.201587596
637800432	0.053145998
637800433	-0.129051633
637800434	0.123883656
637800435	-0.108233715
637800436	-0.122422229
637800437	-0.287327048
637800438	-0.049480439
637800439	-0.29540674
637800440	-0.321556173
637800441	-0.588550146
637800442	0.096036981
637800443	0.225495717
637800444	0.330359774
637800445	-0.080038613
637800446	0.010513991
637800447	0.235176706
637800448	-0.031781132
637800449	-0.130310387
637800450	-0.113285024
637800451	-0.262176605
637800452	-0.145587799
637800453	-0.188336347
637800454	-0.13813358
637800455	-0.262647976
637800456	-0.085819546
637800457	0.90238139
637800458	-0.11986991
637800459	-0.038628868
637800460	-0.135673412
637800461	-0.250367969
637800462	-0.089300755
637800463	0.202263863
637800464	-0.046566817
637800465	-0.1144228
637800466	0.111160753
637800467	0.035429081
637800468	0.072916115
637800469	-0.005466896
637800470	-0.067243164
637800471	-0.160680566
637800472	-0.229021688
637800473	-0.136151351
637800474	0.102489311
637800475	-0.053742317
637800476	-0.306659316
637800477	-0.116926392
637800478	0.305551518
637800479	0.043276822
637800480	0.351325637
637800481	0.19089007
637800482	0.185853677
637800483	-0.332888972
637800484	0.030696304
637800485	-0.099288483
637800486	-0.056355341
637800487	0.061533093
637800488	-0.707286293
637800489	-0.053895307
637800490	-0.084974542
637800491	-0.380511341
637800492	0.162877139
637800493	0.44160835
637800494	0.198057951
637800495	0.088298276
637800496	-0.212606229
637800497	0.022229805
637800498	0.021459145
637800499	-0.314552924
637800500	0.215983416
637800501	0.155774458
637800502	0.06340467
637800503	0.104956081
637800504	0.535981583
637800505	0.030431006
637800506	-1.019575897
637800507	-0.192702854
637800508	0.056402528
637800509	-0.199738179
637800510	0.096868914
637800511	-0.075672696
637800512	-0.013553941
637800513	0.052273854
637800514	0.118705516
637800515	0.21127599
637800516	0.023799886
637800517	-0.567049357
637800518	-0.013252203
637800519	-0.146104499
637800520	0.02516671
637800521	-0.12568797
637800522	-0.078004017
637800523	0.099187697
637800524	-0.654996787
637800525	0.01526211
637800526	-0.348406179
637800527	0.03718934
637800528	-0.100901294
637800529	-0.365053686
637800530	-0.202467295
637800531	-0.864051399
637800532	0.027172048
637800533	-0.060599532
637800534	-0.112848988
637800535	-0.609454616
637800536	0.124469809
637800537	0.125991102
637800538	0.140845141
637800539	0.022720151
637800540	-0.141347024
637800541	-0.012268407
637800542	0.080414963
637800543	-0.075777116
637800544	0.017471416
637800545	0.124233747
637800546	0.022755547
637800547	0.056699591
637800548	0.288667813
637800549	-0.413307671
637800550	-0.111253294
637800551	-0.150329563
637800552	-0.003027833
637800553	0.008918011
637800554	-0.130151642
637800555	0.149190877
637800556	-0.000606784
637800557	-0.031775449
637800558	-0.262278456
637800559	0.004636654
637800560	0.477121184
637800561	0.071897265
637800562	-0.172869649
637800563	0.07938431
637800564	0.12184723
637800565	-0.131215655
637800566	0.158562628
637800567	-0.19954029
637800568	0.087343231
637800569	-0.027894933
637800570	-0.201855667
637800571	-0.057397872
637800572	0.238887924
637800573	-0.402073867
637800574	-0.16884112
637800575	0.053985699
637800576	-0.121101055
637800577	0.135403877
637800578	0.095960417
637800579	-0.002051893
637800580	0.18024361
637800581	0.208832201
637800582	0.180505562
637800583	-0.048734672
637800584	0.027419007
637800585	0.024464404
637800586	-0.216047218
637800587	-0.06034414
637800588	0.005607713
637800589	0.041221787
637800590	-0.002501816
637800591	-0.041838826
637800592	-0.025039835
637800593	-0.288797913
637800594	-0.334481208
637800595	0.19857475
637800596	0.156668129
637800597	0.47636763
637800598	-0.114519903
637800599	-0.420346837
637800600	0.06001482
637800601	-0.261407781
637800602	-0.10356218
637800603	-0.266170389
637800604	-0.090968206
637800605	-0.201978602
637800606	-0.072764571
637800607	0.194124598
637800608	-0.203801571
637800609	0.004008137
637800610	-0.066986505
637800611	-0.060758335
637800612	0.08897755
637800613	-0.116973347
637800614	-0.356858604
637800615	-0.156053745
637800616	-0.188558269
637800617	-0.986976251
637800618	-0.493031939
637800619	-0.056942126
637800620	-0.804013077
637800621	-0.168970537
637800622	0.045753509
637800623	-0.216746927
637800624	-0.155476469
637800625	-0.81338077
637800626	-0.206174639
637800627	-0.098385667
637800628	-0.005932539
637800629	0.107127004
637800630	0.121484963
637800631	-0.025316588
637800632	0.07171279
637800633	-0.101170852
637800634	-0.080714369
637800635	-0.600548437
637800636	-0.055223762
637800637	-0.161154569
637800638	-0.069580406
637800639	0.009938162
637800640	0.225622197
637800641	0.379267093
637800642	-0.062112904
637800643	-0.110083509
637800644	-0.189533621
637800645	-0.10805162
637800646	0.1977332
637800647	-0.111251374
637800648	-0.159868552
637800650	-0.263262892
637800651	-0.19497732
637800652	-0.20605713
637800653	-0.151705561
637800654	-0.25010369
637800655	-0.093526095
637800657	-0.324836301
637800658	-0.064417964
637800659	-0.284224845
637800660	-0.28860206
637800661	-0.226537534
637800662	-0.172733163
637800663	-0.013686212
637800664	-0.32324878
637800665	-0.043315267
637800666	0.178896183
637800667	-0.085334991
637800668	0.310247973
637800669	0.206752746
637800670	-0.059640999
637800671	0.154162944
637800672	0.31477665
637800673	0.055841961
637800674	0.186531451
637800675	0.077133426
637800676	0.101004089
637800677	-0.149448954
637800678	-0.067298503
637800679	0.036820461
637800680	0.089577904
637800681	-0.078724617
637800682	0.118394121
637800683	-0.091960733
637800684	-0.169010196
637800685	0.033624249
637800686	0.079974553
637800687	0.340061313
637800688	0.167303358
637800689	0.070503672
637800690	0.397920531
637800691	-0.094510611
637800692	-0.39651324
637800693	-0.134171118
637800694	-0.233096841
637800695	-0.549017517
637800696	-0.581248863
637800697	-0.06501221
637800698	0.100799133
637800699	-0.090298731
637800700	-0.393600711
637800701	-0.785316886
637800702	0.352165234
637800703	-0.164593097
637800704	-0.233925988
637800705	-0.125749373
637800706	0.109827897
637800707	-0.004035463
637800708	-0.129312163
637800709	-0.09084664
637800710	0.092260652
637800711	0.127236933
637800712	0.123099401
637800713	0.00044099
637800714	-0.132693357
637800715	0.008053184
637800716	-0.214021073
637800717	-0.153028908
637800718	-0.065439018
637800719	0.005006865
637800720	0.344100166
637800721	-0.088968197
637800722	0.091035372
637800723	0.111262357
637800724	-0.394778278
637800725	0.137201862
637800726	-0.120605997
637800727	-0.05269366
637800728	0.155519767
637800729	-0.3650003
637800730	-0.066219929
637800731	-0.137828814
637800732	-0.210600987
637800733	-0.167946186
637800734	-0.054334811
637800735	0.019130725
637800736	0.123027229
637800737	-0.203270207
637800738	-0.047162814
637800740	0.356119338
637800741	-0.033254867
637800742	0.102221973
637800743	-0.027431379
637800744	0.027570993
637800745	0.260956998
637800746	-0.127905208
637800747	-0.384482831
637800748	-0.503797207
637800749	-0.413193326
637800750	-0.177587045
637800751	0.075867621
637800752	-0.206421063
637800753	-0.11034275
637800754	-0.10196038
637800755	-0.045538696
637800756	-0.115325312
637800757	-0.189384863
637800758	-0.163037007
637800759	0.018351453
637800760	0.208277436
637800761	0.13570673
637800762	0.170805168
637800763	-0.089953541
637800764	-0.410748848
637800765	-0.287570274
637800766	0.087868359
637800767	0.040952297
637800768	-0.281400029
637800769	-0.083774909
637800770	-0.101945273
637800771	-0.425100615
637800772	0.101545419
637800773	-0.324921925
637800774	0.763169623
637800775	-0.250038375
637800776	0.037274421
637800777	0.027734912
637800778	0.271072727
637800779	-0.093349551
637800780	-0.220950909
637800781	-0.00382539
637800782	0.101151456
637800783	0.243443154
637800784	-0.018081253
637800785	-0.41673089
637800786	-0.023992503
637800787	-0.238927704
637800788	-0.000313621
637800789	-0.140216267
637800790	0.224722523
637800791	0.386261969
637800792	-0.31533854
637800793	-0.592803406
637800794	-0.11222843
637800795	-0.085528176
637800796	-0.043292068
637800797	-0.084427132
637800798	-0.083990873
637800799	0.278512844
637800800	0.286181792
637800801	-0.067371604
637800802	-0.607727322
637800803	0.0604887
637800804	-0.073269695
637800805	0.037686426
637800806	-0.138696118
637800807	-0.328282459
637800808	0.068613346
637800809	0.184588456
637800810	-0.030328238
637800811	-0.103933947
637800812	0.039993743
637800813	-0.143855465
637800814	-0.552534163
637800815	0.480395712
637800816	0.039644297
637800817	0.077779438
637800818	0.239442432
637800819	-0.125837607
637800820	-0.048746402
637800821	-0.107937268
637800822	0.09077463
637800823	-0.048125018
637800824	-0.026979767
637800825	0.413406635
637800826	-0.003377282
637800827	-0.051432438
637800828	0.080030206
637800829	0.058275263
637800830	-0.152327125
637800831	-0.291675218
637800832	0.204199408
637800833	0.343395912
637800834	-0.03642664
637800835	0.250825733
637800836	0.386127532
637800837	0.005742319
637800838	-0.023451068
637800839	0.023387043
637800840	0.09790623
637800841	-0.115775656
637800842	0.013501857
637800843	-0.440319077
637800844	-0.322509402
637800845	-0.413368322
637800846	0.00485991
637800847	-0.004946961
637800848	0.072970344
637800849	0.141959993
637800850	-0.061202609
637800851	-0.250386355
637800852	0.016099711
637800853	0.11224918
637800854	-0.035495171
637800855	0.036302476
637800856	-0.042735028
637800857	-0.609868735
637800858	0.072032281
637800859	-0.044383915
637800860	0.369400616
637800861	-0.095131518
637800862	0.186506961
637800863	0.012000284
637800864	0.157981309
637800865	0.023802734
637800866	-0.099312184
637800867	-0.063473309
637800868	0.298947944
637800869	-0.003153557
637800870	0.501608943
637800871	0.032287823
637800872	0.415392405
637800873	0.098781197
637800874	-0.156474097
637800875	-0.027712996
637800876	-0.179700822
637800877	-0.248587101
637800878	-0.084121476
637800879	0.296043537
637800880	0.079814111
637800881	0.133264702
637800882	-0.118261609
637800883	-0.191324288
637800884	0.146597903
637800885	-0.205573308
637800886	0.174311184
637800887	-0.109094335
637800888	0.057299185
637800889	-0.059189369
637800890	-0.098228838
637800891	0.08386011
637800892	-0.197432235
637800893	0.063297597
637800894	-0.131606999
637800895	-0.170028443
637800896	-0.331238611
637800897	0.002938687
637800898	0.620855428
637800899	0.283160483
637800900	0.222872183
637800901	0.284606718
637800902	-0.084549463
637800903	-0.074161258
637800905	-0.049385482
637800906	-0.030469257
637800907	-0.070514069
637800908	-0.525868587
637800909	-0.359620126
637800910	0.083252136
637800911	0.006603955
637800912	-0.484680938
637800913	0.026196638
637800914	0.287124297
637800915	-0.036522547
637800916	0.113878101
637800917	-0.181972306
637800918	0.055686356
637800919	-0.032861564
637800920	-0.290389091
637800921	-0.213767527
637800922	-8.75E-05
637800923	-0.124558237
637800924	-0.167031176
637800925	-0.084171778
637800926	-0.05554996
637800927	0.184061891
637800928	-0.318867966
637800929	-0.417080418
637800930	-0.270381727
637800931	-0.451698271
637800932	-0.374029156
637800933	-0.207780103
637800934	0.01943731
637800935	0.032698018
637800936	0.835201531
637800937	-0.091903322
637800938	-0.061007342
637800939	-0.017654738
637800940	-0.397126388
637800941	-0.172426316
637800942	-0.030897354
637800943	-0.021714423
637800944	-0.043798161
637800945	-0.012480315
637800946	-0.394077437
637800947	0.462274491
637800948	0.428895557
637800949	0.323410984
637800950	-0.12399974
637800951	0.093148669
637800952	0.215935515
637800953	0.106491183
637800954	-0.270369962
637800955	-0.055056494
637800956	-0.251831521
637800957	-0.073000104
637800958	-0.214912826
637800959	-0.766801411
637800960	0.058006053
637800961	-0.055589401
637800962	-0.445995025
637800963	-0.256271576
637800964	-0.026315951
637800965	-0.089223534
637800966	0.015811399
637800967	-0.369726706
637800968	0.359827702
637800969	-0.049614705
637800970	-0.158361415
637800971	-0.146515444
637800972	-0.118341556
637800973	-0.160142035
637800974	-0.310540874
637800975	-0.188806956
637800976	-0.031671605
637800978	0.160929877
637800979	0.005802472
637800980	-0.29946497
637800981	-0.180303342
637800982	-0.023443072
637800983	-0.199078043
637800984	-0.045803822
637800985	0.141368924
637800986	-0.005838455
637800987	0.038614716
637800988	-0.212083899
637800989	-0.001669427
637800990	0.287036636
637800991	-0.556438772
637800992	-0.069754283
637800993	-0.043144098
637800994	-0.075730897
637800995	0.006276274
637800996	0.026081222
637800997	-0.152503632
637800998	0.471823436
637800999	-0.208382754
637801000	-0.141905174
637801001	0.171721213
637801002	0.078090522
637801003	0.036995781
637801004	0.230731969
637801005	-0.030710991
637801006	0.191465124
637801007	0.314768801
637801008	0.130194674
637801009	-0.172230842
637801010	0.019761298
637801011	-0.205076261
637801012	0.083470001
637801013	-0.036592466
637801014	-0.022792593
637801015	-0.467693315
637801016	-0.384870523
637801017	-0.007272845
637801018	-0.298870419
637801019	-0.285474748
637801020	-0.180475216
637801021	-0.067545293
637801022	-0.091057616
637801023	0.035193976
637801024	-0.003135588
637801025	-0.090918965
637801029	0.081115258
637801030	-0.139783796
637801031	-0.120574601
637801032	0.006621942
637801033	0.082841031
637801034	-0.059187703
637801035	-0.19344934
637801036	-0.112135895
637801037	0.019405847
637801038	-0.130460606
637801040	-0.051666406
637801041	-0.01956373
637801042	-0.072743115
637801043	0.123200866
637801044	-0.787557248
637801045	-0.962482436
637801046	-0.119314032
637801047	0.429161078
637801048	0.371610667
637801049	-0.104141816
637801050	-0.098926353
637801051	0.019299881
637801052	-0.090464661
637801053	0.010890491
637801054	0.184402372
637801055	0.468537381
637801056	0.497154248
637801057	0.40127019
637801058	0.149424175
637801059	0.333961871
637801060	-0.155438388
637801061	-0.170421195
637801062	-0.163161221
637801063	0.236579342
637801064	-0.304934081
637801065	-0.097400898
637801066	-0.137034256
637801067	-0.128366493
640711016	-0.744476744
640711017	-0.130214059
640711018	0.002369534
640711019	-1.080296845
640711020	-0.579671332
640711021	-0.477936319
640711022	-0.257664442
640711023	-1.078346233
640711024	0
640711025	0
640711026	0
640711027	0
640711028	0
640711029	-0.993304536
640711030	0.443023348
640711031	-1.069051675
640711032	-0.504754854
640711033	-1.083679776
640711034	-0.293094241
640711035	-1.042100466
640711036	-0.291901479
640711037	-0.249209551
640711038	0.091802416
640711039	-0.170341839
640711040	-0.827351283
640711041	-0.266431675
640711042	-0.460425995
640711043	-0.480740856
640711044	-0.908431213
640711045	-0.321594258
640711046	-0.759781604
640711047	-0.292523848
640711048	-0.567796483
640711049	-0.879496364
640711050	-0.540783231
640711051	-0.803955534
640711052	-0.949843982
640711053	-0.627005036
640711054	-0.064730983
640711055	-1.223382805
640711056	-0.275581698
640711057	-0.73150024
640711058	-0.605940037
640711059	-0.310514803
640711060	-0.26471817
640711061	-2.30384479
640711062	-1.182963934
640711063	-0.772045277
640711064	-0.104826996
640711065	-0.43832357
640711066	-1.89704948
640711067	-0.220750807
640711068	-1.057257685
637798356	-0.151401691
637798357	-0.001362477
637798358	-0.246637213
637798359	-0.211897175
637798360	-0.103702654
637798361	-0.292162693
637798362	-0.009998411
637798363	0.118566202
637798364	0.055369517
637798365	0.005415736
637798366	0.014446156
637798367	-0.136234707
637798368	-0.083208321
637798369	-0.075366578
637798370	0.023032438
637798371	0.065123691
637798372	0.030370424
637798373	0.039096453
637798374	-0.004790931
637798375	-0.035041791
637798376	0.061086611
637798377	0.097333437
637798378	-0.093822193
637798379	-0.029510429
637798380	0.274069116
637798381	0.261721475
637798382	-0.451754977
637798383	0.223428331
637798384	-0.007993858
637798385	0.017117706
637798386	0.092508593
637798387	0.106255263
637798388	-0.075868925
637798389	-0.210217959
637798390	-0.179684805
637798391	-0.270339704
637798392	-0.097955823
637798393	-0.047033825
637798394	-0.106133383
637798395	-0.147492132
637798396	0.069903506
637798397	-0.217574026
637798398	-1.348023913
637798399	-0.147136497
637798400	-0.711864364
637798401	-0.479586075
637798402	-0.532479257
637798403	-0.07720036
637798404	-0.283860396
637798405	-0.003868827
pANS_predictedORF_1	0.137455541
pANS_predictedORF_2	0.081058298
pANS_predictedORF_3	-0.176260291
pANS_predictedORF_4	-0.133132272
pANS_predictedORF_5	0.037714072
pANS_predictedORF_6	0.123053451
pANS_predictedORF_7	-0.022348605
pANS_predictedORF_8	0.037358476
