Reporter Identifier	VALUE
637798406	0.00942742
637798407	0.028082897
637798408	0.220385582
637798409	0.211606485
637798410	-0.329091451
637798411	-0.258238879
637798412	-0.044924447
637798413	-0.128178673
637798414	0.404339501
637798415	-0.161625531
637798416	-0.097842115
637798417	-0.098749587
637798418	1.076469103
637798419	-0.283896507
637798420	0.097003433
637798421	-0.16332985
637798422	-0.056810295
637798423	-0.12979612
637798424	-0.456491097
637798425	0.060003291
637798426	0.103953331
637798427	-0.047806737
637798428	-0.107409591
637798429	-0.113814948
637798430	-0.082029024
637798431	0.137414406
637798432	0.093267605
637798433	0.169408348
637798434	-0.113679413
637798435	-0.091955456
637798436	0.060453862
637798437	-0.374378786
637798438	-0.619348017
637798439	0.001988353
637798440	-0.354897219
637798441	-0.106306431
637798442	0.056880048
637798443	0.099208142
637798444	-0.932228672
637798445	-0.268342555
637798446	-0.114243553
637798448	0.041680983
637798449	0.054294724
637798450	0.132114113
637798451	0.060776593
637798452	-0.306543381
637798453	-0.139951483
637798454	-0.38745205
637798455	-0.58337121
637798456	-0.251813696
637798457	-0.296841182
637798458	-0.131947688
637798459	-0.128716204
637798460	-0.246843642
637798461	-0.41644688
637798462	-0.154856475
637798463	-0.239189348
637798464	-0.10191295
637798465	-0.188576445
637798466	-0.095139861
637798467	-0.100393695
637798468	-0.266472328
637798469	-0.015375891
637798470	0.031472789
637798471	-0.055154916
637798472	-0.040574954
637798473	-0.02339285
637798474	0.017700681
637798475	-0.361731597
637798476	0.323371396
637798477	0.462536876
637798478	0.243708871
637798479	-0.233256198
637798480	-0.026473384
637798481	-0.028044552
637798482	-0.051632606
637798483	0.33573831
637798484	0.002099388
637798485	0.016391912
637798486	0.127054072
637798487	-0.096539557
637798488	0.14718571
637798489	0.163967074
637798490	0.073450264
637798491	-0.209686326
637798492	-0.489425326
637798493	-0.346396831
637798494	0.074735522
637798495	-0.024814361
637798496	0.070167749
637798497	-0.018048846
637798498	-0.258722218
637798499	-0.254326712
637798500	-0.044002922
637798501	-0.086290449
637798502	-0.620525144
637798503	-0.081511397
637798504	-0.254863302
637798505	-0.232402487
637798506	-0.909785903
637798507	-0.074816044
637798508	-0.042142331
637798509	-0.161643929
637798510	0.11519262
637798511	-0.116013604
637798512	0.058238633
637798513	-0.070838967
637798514	0.009317709
637798515	-0.377916584
637798516	0.023892193
637798517	-0.057658329
637798518	0.056787797
637798519	0.140827022
637798520	0.216226978
637798521	-0.057389857
637798522	0.096752944
637798523	0.092835048
637798524	0.147498413
637798525	0.190464973
637798526	-0.214838534
637798527	0.00360406
637798528	-0.143870093
637798529	0.036411041
637798530	0.04675208
637798531	-0.127130376
637798532	0.161384732
637798533	0.51850519
637798534	-0.148399016
637798535	0.085225535
637798536	-0.570060279
637798537	-0.048519893
637798538	-0.094582059
637798539	0.125436311
637798540	0.050773851
637798541	-0.020204101
637798542	-0.063363733
637798543	-0.087504173
637798544	-0.196299052
637798545	-0.24342655
637798546	0.066243824
637798547	-0.011572583
637798548	0.09044663
637798549	0.033864725
637798550	0.02549135
637798551	0.642901433
637798552	-0.109365955
637798553	-0.116555157
637798554	-0.022604423
637798555	0.154697875
637798556	0.270491788
637798557	0.202914756
637798558	-0.054581617
637798559	0.050000792
637798560	0.126048202
637798561	0.184141974
637798562	0.104323194
637798563	-0.519344578
637798564	0.120831953
637798565	0.187491391
637798566	-0.058780249
637798567	0.349385243
637798568	-0.280289498
637798569	-0.160560827
637798570	-0.276019656
637798571	-0.261385308
637798572	-0.113374081
637798573	0.273659594
637798574	-0.243017446
637798575	-0.17527377
637798576	0.031820577
637798577	0.348412368
637798578	0.229223349
637798579	0.23340106
637798580	0.121859681
637798581	-0.031141451
637798582	-0.2339512
637798583	0.059936964
637798584	-0.033677773
637798585	0.157900944
637798586	-0.21914333
637798587	-0.374947162
637798588	-0.043153717
637798589	-0.180013989
637798590	-0.114404819
637798591	0.111080621
637798592	0.07947768
637798593	0.121267773
637798594	0.052234058
637798595	0.043700391
637798596	-0.066030773
637798597	0.21888714
637798598	-0.133573195
637798599	-0.42541067
637798600	0.238989639
637798601	-0.61839262
637798602	0.182708521
637798603	-0.032300402
637798604	-0.445773202
637798605	-0.413860167
637798606	-0.474291143
637798607	-0.393195433
637798608	-0.370405176
637798609	0.529696449
637798610	0.097680323
637798611	-0.009451775
637798612	-0.088824436
637798613	0.12655409
637798614	-0.025614702
637798615	-0.1359779
637798616	-0.164037037
637798617	-0.194555316
637798618	0.03566456
637798619	-0.351955693
637798620	0.072881614
637798621	-0.705942394
637798622	0.109691879
637798623	0.122841465
637798624	-0.082744671
637798625	-0.158303188
637798626	-0.023191126
637798627	0.124047808
637798628	0.198052218
637798629	-0.113351262
637798630	-0.125908702
637798631	0.295195943
637798632	0.067682924
637798633	0.214913685
637798634	-0.101260455
637798635	-0.115695434
637798636	-0.186341456
637798637	0.219406725
637798638	0.22646949
637798639	-0.009727393
637798640	-0.161330321
637798641	-0.001412877
637798642	-0.677338174
637798643	-0.110504966
637798644	0.065813323
637798645	0.075782933
637798646	0.005296353
637798647	0.341134601
637798648	-0.082722614
637798649	-0.563744162
637798650	-1.057599131
637798651	-1.282606144
637798652	-0.069908289
637798653	0.082010808
637798654	0.098653414
637798655	-0.273541654
637798656	0.196663434
637798657	0.079327699
637798658	-0.181780319
637798659	-0.170631232
637798660	0.247535245
637798661	-0.1822207
637798662	-0.039989277
637798663	0.143527047
637798664	-0.099868685
637798665	-0.146312046
637798666	-0.115258612
637798667	0.107838676
637798668	0.042651584
637798669	-0.265865304
637798670	0.056680034
637798671	-0.009927122
637798672	0.024412947
637798673	-0.28659952
637798674	0.148744877
637798675	-0.699547095
637798676	0.422755464
637798677	0.339559865
637798678	0.165453104
637798679	0.109850234
637798680	-0.030795563
637798681	-0.081354171
637798682	-0.136071368
637798683	0.129134087
637798684	-0.563063751
637798685	-0.144985114
637798686	0.223120697
637798687	0.012011432
637798688	0.287031623
637798689	-0.094243266
637798690	0.363294749
637798691	-0.017420246
637798692	-0.067883125
637798693	-0.065465031
637798694	0.646681801
637798695	0.071331441
637798696	0.130559541
637798697	-0.15350865
637798698	0.039692054
637798699	-0.038330994
637798700	0.12668806
637798701	0.632205415
637798702	0.276877747
637798703	-0.16287417
637798704	0.058999297
637798705	0.118315869
637798706	-0.11152749
637798707	-0.118840168
637798708	-0.490220533
637798709	0.087994333
637798710	-1.291325308
637798711	-0.521827676
637798712	0.031949918
637798713	-0.23476868
637798714	-0.400674027
637798715	-0.325125799
637798716	-0.014834963
637798717	-0.054680015
637798718	-0.460000233
637798719	0.218034796
637798720	0.042854832
637798721	0.231785138
637798722	-0.506460319
637798723	-0.157287683
637798724	-0.101217784
637798725	-0.007888975
637798726	-0.033748082
637798727	0.000186178
637798728	0.035805575
637798729	0.056451974
637798730	-0.014563389
637798731	-0.015331044
637798732	0.345920673
637798733	0.327418693
637798734	0.212445992
637798735	0.135454734
637798736	0.627465374
637798737	0.403809608
637798738	0.576323508
637798739	0.562791685
637798740	0.591637612
637798741	0.242095102
637798742	0.291552362
637798743	0.311895415
637798744	0.155732131
637798745	0.12399546
637798746	0.082701648
637798747	-0.021135004
637798748	-0.144830921
637798749	-0.134310596
637798750	-0.184229244
637798751	0.0434825
637798752	0.108522241
637798753	0.057508285
637798754	-0.20788738
637798755	-0.022030931
637798756	-0.255847993
637798757	-0.064594378
637798758	0.020094108
637798759	-0.256458556
637798760	0.112939566
637798761	-0.321480267
637798762	-0.080515779
637798763	0.134113532
637798764	-0.004045349
637798765	-0.090428668
637798766	0.177041531
637798767	0.003895098
637798768	0.30306558
637798769	0.271134906
637798770	-0.011390069
637798771	-0.190891764
637798772	-0.097608146
637798773	-0.041107391
637798774	0.023280101
637798775	-0.755751556
637798776	-0.662541077
637798777	-0.473096318
637798778	-0.191549586
637798779	-0.099075368
637798780	0.157388269
637798781	-0.10695492
637798782	0.133692241
637798783	-0.34524582
637798784	-0.447112357
637798785	-0.111615424
637798786	-0.131003234
637798787	-0.478772085
637798788	-0.417449336
637798789	-0.968480082
637798790	-0.127336434
637798791	0.091131922
637798792	0.122053913
637798793	0.109723496
637798794	-0.072265583
637798795	-0.130235109
637798796	0.044763037
637798797	-0.781242636
637798798	0.076465272
637798799	0.133325834
637798800	-0.211991939
637798801	-0.083649813
637798802	0.22772369
637798803	-8.73E-05
637798804	-0.018968076
637798805	0.162616015
637798806	-0.083089806
637798807	-0.261423452
637798808	0.310759095
637798809	0.007668348
637798810	-0.250832174
637798811	0.098104103
637798812	0.109704944
637798813	-0.321233667
637798814	-0.087888595
637798815	-0.2149788
637798816	-0.243851851
637798817	0.336977519
637798818	0.087290998
637798819	-0.057630728
637798820	0.251989039
637798821	-0.2503083
637798822	-0.256841316
637798823	-0.236803378
637798824	-0.633806424
637798825	-0.090143948
637798826	-0.084900942
637798827	-0.541306392
637798828	-0.703598148
637798829	-0.306716676
637798830	-0.322491231
637798831	-0.09763298
637798832	0.084737422
637798833	0.233668236
637798834	-0.063795686
637798835	-0.322810525
637798836	-0.17782294
637798837	-0.040551266
637798838	0.117383009
637798839	-0.087710631
637798840	-0.140937213
637798841	0.08056745
637798842	0.226068136
637798843	-0.087277325
637798844	-0.013800211
637798845	0.259208264
637798846	-0.02176542
637798847	0.028225115
637798848	-0.070151629
637798849	-0.313168806
637798850	-0.339586773
637798851	-0.010908414
637798852	0.105753763
637798853	0.028130377
637798854	0.037524766
637798855	0.210564889
637798856	-0.11018468
637798857	0.237627571
637798858	-0.039714714
637798860	0.236415093
637798861	0.08260441
637798862	0.119011056
637798863	0.009881037
637798864	0.161176258
637798865	0.179416825
637798866	0.031986104
637798867	-0.063582308
637798868	-0.120160439
637798869	0.00789944
637798870	0.168633655
637798871	-0.02486725
637798872	-0.355725082
637798873	0.142509961
637798874	-0.031254804
637798875	-0.088687314
637798876	-0.035530833
637798877	-0.05986151
637798878	0.041125872
637798879	-0.068147835
637798880	-0.013192228
637798881	0.052036332
637798882	0.102329678
637798883	-0.237380961
637798884	-0.131273396
637798885	0.09066011
637798886	-0.009818219
637798887	-0.225038306
637798888	-0.262401729
637798889	-0.263053773
637798890	-0.178959286
637798891	0.419552866
637798892	0.593440413
637798893	0.319493455
637798894	-0.180970782
637798895	-0.059419037
637798896	-0.052682641
637798897	-0.259387922
637798898	-0.043556676
637798899	0.225642999
637798900	-0.359287177
637798901	-0.210743381
637798902	-0.39955985
637798903	0.139510658
637798904	0.043879279
637798905	-0.190870438
637798906	-0.748756923
637798907	-0.00687256
637798908	-0.142534397
637798909	0.018438814
637798910	0.154634482
637798911	0.120879086
637798912	0.304914735
637798913	0.100413581
637798914	0.030518341
637798915	0.249317785
637798916	-0.159887726
637798917	0.273056643
637798918	-0.032729347
637798919	0.024613952
637798920	0.044861876
637798921	-0.07392983
637798922	-0.126407345
637798923	-0.21131053
637798924	0.051262699
637798926	-0.05208525
637798927	0.018672365
637798928	0.434877492
637798929	0.151841916
637798930	-0.250823568
637798931	0.079201191
637798932	-0.245027722
637798933	0.194773512
637798934	0.174336278
637798935	-0.785196985
637798936	-0.269134513
637798937	-0.197458437
637798938	-0.227363063
637798939	-0.139228234
637798940	-0.074176032
637798941	-0.055751637
637798942	-0.221479242
637798943	-0.270893213
637798944	0.470264072
637798945	0.178817004
637798946	-0.023182756
637798947	-0.051712594
637798948	-0.228370141
637798949	0.166620631
637798950	0.056132759
637798951	-0.079541874
637798952	0.270866962
637798953	0.108333766
637798954	-0.0899121
637798955	0.01071981
637798956	-0.005241953
637798957	-0.142979002
637798958	0.071209879
637798959	-0.588476243
637798960	0.699992533
637798961	0.042953592
637798962	0.534463778
637798963	-0.099535199
637798964	-0.989436102
637798965	0.03885312
637798966	-0.1433419
637798967	0.034127459
637798968	-0.163755198
637798969	0.046291244
637798970	0.010684818
637798971	-0.152554178
637798972	-0.066202729
637798973	-0.026566307
637798974	0.116113668
637798975	-0.04497037
637798976	-0.299772376
637798977	-0.245530631
637798978	0.040415705
637798979	-0.292755012
637798980	-0.383550031
637798981	-0.82494662
637798982	0.129057583
637798983	-0.238453773
637798984	0.160002802
637798985	-0.214187107
637798986	-0.052848354
637798987	0.195452874
637798988	0.028492577
637798989	-0.359378066
637798990	0.024475762
637798991	0.519766005
637798992	0.174478114
637798993	-0.168484582
637798994	0.056517325
637798998	-0.02251862
637798999	0.151579859
637799000	-0.269635663
637799001	0.069515712
637799002	0.191288058
637799003	-0.144236077
637799004	-0.052143494
637799005	-0.014167342
637799006	-0.4959943
637799007	-0.031216169
637799008	-0.303238494
637799009	0.470743758
637799010	-1.182183638
637799011	0.056287915
637799012	-0.035364932
637799013	-0.077493583
637799014	0.282228424
637799015	0.019379475
637799016	0.064769366
637799017	0.04487098
637799018	-0.161028437
637799019	-0.041092704
637799020	0.326018079
637799021	0.010906164
637799022	0.143526188
637799023	0.469759895
637799024	0.135036268
637799025	0.191013581
637799026	0.277155143
637799027	0.264742459
637799028	-0.060246457
637799029	-0.083232841
637799030	-0.13150955
637799031	-0.014237377
637799032	0.105649664
637799033	-0.0654095
637799035	-0.080876625
637799036	0.109232979
637799037	-0.092491062
637799038	0.034932552
637799039	0.131821259
637799040	0.075123615
637799041	0.355407171
637799042	-0.116178935
637799043	0.540861013
637799044	0.505675165
637799045	0.055392704
637799046	0.122980966
637799047	0.297620611
637799048	-0.002945691
637799049	0.006502847
637799050	-0.10485976
637799051	0.234204349
637799052	-0.020618521
637799053	-0.114698797
637799054	-0.123122771
637799055	0.084868652
637799056	-0.449805201
637799057	0.001728368
637799058	0.023002571
637799059	-0.400324434
637799060	-0.759534272
637799061	0.115774632
637799062	-0.171390665
637799063	0.017201361
637799064	0.467958526
637799065	-0.057821593
637799066	-0.001285925
637799067	-0.097420791
637799068	-0.057026646
637799069	-0.305530844
637799070	0.173368081
637799071	-0.078937673
637799072	0.090283937
637799073	0.149110062
637799074	-0.524232986
637799075	-0.069425278
637799076	0.004699804
637799077	0.056613715
637799078	-0.046311941
637799079	-0.462284944
637799080	-0.838076019
637799081	0.0315297
637799082	-0.076372332
637799083	-0.066710487
637799084	-0.191672716
637799085	0.115323274
637799086	0.063185877
637799087	0.052403027
637799088	0.015346884
637799089	-0.319455255
637799090	0.258421464
637799091	-0.066766238
637799092	-0.697885728
637799093	0.360595879
637799094	0.041262064
637799095	0.047243258
637799096	-0.15403507
637799097	-0.393606493
637799098	-0.370067294
637799099	-0.232936568
637799100	-0.161027081
637799101	0.146906142
637799102	-0.073171839
637799103	0.016710947
637799104	0.153674694
637799105	0.244645666
637799106	-0.011307393
637799107	-0.178044677
637799108	0.332749145
637799109	0.226706121
637799110	0.224014305
637799111	-0.283433736
637799112	-0.104817762
637799113	-0.308538063
637799114	-0.045559725
637799115	-0.686667597
637799116	-0.484317776
637799117	-0.399290277
637799118	-0.207082201
637799119	-0.101201725
637799121	0.10990014
637799122	-0.411478533
637799123	0.123814846
637799124	0.427963245
637799125	-0.300770859
637799126	-0.154383337
637799127	-0.097792896
637799128	-0.158225796
637799129	0.347027892
637799130	-0.118368474
637799131	-0.197765754
637799132	-0.008898495
637799133	-0.056915184
637799134	0.063840067
637799135	-0.019620834
637799136	-0.299787685
637799137	0.089415471
637799138	0.060842441
637799139	0.174313474
637799140	-0.130419862
637799141	-0.10106844
637799142	-0.124922446
637799143	-0.013204854
637799144	-0.046259408
637799146	-0.139756323
637799147	-0.089621143
637799148	-0.279385161
637799149	-0.313672597
637799150	-0.224464139
637799151	-0.065578903
637799152	-0.133894449
637799153	-0.035188041
637799154	-0.080080122
637799155	0.035655397
637799157	-0.165793694
637799158	-0.277239448
637799159	-0.001045329
637799160	-0.314794459
637799161	-0.013580758
637799162	-0.308034883
637799163	-0.124685956
637799164	-0.184861735
637799165	-0.113863847
637799166	-0.050322147
637799167	0.043659064
637799168	-0.131065605
637799169	0.045473076
637799170	-0.141715173
637799171	-0.418338261
637799172	-0.205456915
637799173	-0.161993027
637799174	-0.228975373
637799175	-0.379907417
637799176	-0.489140083
637799177	-0.468332939
637799178	-0.02314893
637799179	-0.128490355
637799180	0.027893978
637799181	-0.145221836
637799182	-0.004091776
637799184	-0.690151915
637799185	-0.692711131
637799186	-0.563016542
637799187	0.025106349
637799188	0.234342618
637799189	0.283524001
637799190	-0.052065906
637799191	0.092825677
637799192	0.284963523
637799193	0.014640243
637799194	0.002955618
637799195	-0.08109159
637799196	-0.168263834
637799197	-0.475226426
637799198	-0.162183558
637799199	0.377064685
637799200	-0.161339631
637799201	-0.088582717
637799202	0.501196029
637799203	-0.181128519
637799204	-0.086966109
637799205	0.011660357
637799206	0.136483104
637799207	-0.044579483
637799208	0.077833622
637799209	-0.11079795
637799210	-0.052441631
637799211	0.140115513
637799212	-0.020335857
637799213	-0.845781706
637799214	0.119693843
637799215	0.163547266
637799216	0.447378237
637799217	0.058964068
637799218	0.116286337
637799220	-0.077490617
637799221	0.029592301
637799222	0.025779066
637799223	0.121460959
637799224	-0.376707212
637799225	0.036080143
637799226	-0.033859013
637799227	0.154235752
637799228	0.200354421
637799229	-0.204507852
637799230	-0.125866337
637799231	0.321558954
637799232	0.290239471
637799233	0.105527605
637799234	-0.044848466
637799235	0.342296545
637799236	0.2752143
637799237	0.015580824
637799238	0.195579695
637799239	-0.013751661
637799240	-0.059390181
637799241	0.054017581
637799242	0.083752723
637799243	0.159900423
637799244	-0.115862266
637799245	-0.076977528
637799246	0.28013362
637799247	0.17546745
637799248	0.049607118
637799249	-0.017154781
637799250	-2.849712825
637799251	0.170798249
637799252	-0.016426861
637799253	-0.033839892
637799254	-0.041541545
637799255	-0.05675556
637799256	-0.206570878
637799257	-0.037334702
637799258	0.14445359
637799259	-0.068897409
637799260	-0.271645116
637799261	-0.022800247
637799262	0.125966275
637799263	-0.052992624
637799264	0.07119251
637799265	0.160548035
637799266	0.417360893
637799267	0.090632871
637799268	0.372830902
637799270	0.141716235
637799271	-0.329240681
637799272	-0.301740402
637799273	-0.359073248
637799274	-0.309620335
637799275	-0.260914486
637799276	-0.425182727
637799277	-0.093865254
637799278	-0.386448056
637799279	0.319285669
637799280	0.282995968
637799281	0.410421755
637799282	-0.162818133
637799283	0.376491366
637799284	0.109944009
637799285	-0.107110222
637799286	-0.182657965
637799287	-0.460149603
637799288	0.02978784
637799289	-0.139747826
637799290	-0.077140468
637799291	0.147458193
637799292	0.021091745
637799293	0.183553833
637799294	-0.250894827
637799295	-0.191228334
637799296	0.078523037
637799297	0.38659732
637799298	0.113446437
637799299	0.103876376
637799300	0.233229233
637799301	-0.056332797
637799302	0.105145188
637799303	0.173809901
637799304	-0.067675421
637799305	-0.080867605
637799307	-0.137332918
637799308	-0.076967425
637799309	-0.15114318
637799310	-0.288080904
637799311	0.483177073
637799312	0.106089544
637799313	0.111981734
637799314	-0.04094107
637799315	0.206450019
637799316	0.056130744
637799317	-0.510043771
637799318	0.000549797
637799319	-0.280318273
637799320	-0.025900715
637799321	-0.342113454
637799322	-1.089753258
637799323	-0.842046418
637799324	-0.339177499
637799325	-0.291869378
637799326	-0.099325222
637799327	-0.128570882
637799328	-0.065890222
637799329	-0.06873226
637799330	0.184513246
637799331	-0.090924714
637799332	-0.282920685
637799333	-0.067461888
637799334	0.005416611
637799335	-0.076608582
637799336	-0.120808972
637799337	0.216258227
637799338	0.013417954
637799339	0.036479631
637799340	0.195241461
637799341	0.124651692
637799343	0.408678635
637799344	0.019148162
637799345	0.281477038
637799346	0.192825259
637799347	0.057815343
637799348	0.048631708
637799349	0.083547608
637799350	0.26592454
637799351	0.198313909
637799352	0.269393076
637799353	-0.136023346
637799354	-0.141275435
637799355	-0.164464655
637799356	0.151895779
637799357	0.37559603
637799358	-0.568457331
637799359	0.201423697
637799360	-0.138329442
637799361	0.084000052
637799362	0.14276581
637799363	-0.161602121
637799364	0.144704617
637799366	-0.174134541
637799367	-0.014582051
637799368	0.217253581
637799369	-0.020337188
637799370	0.322362568
637799371	-0.305681115
637799372	0.042179314
637799373	0.068993436
637799374	0.121253758
637799375	-0.026979931
637799376	0.086341773
637799377	-0.110242319
637799378	0.323527511
637799379	0.092555869
637799380	0.176827168
637799381	0.025834234
637799382	-0.09134519
637799383	-0.199755152
637799384	0.047284026
637799385	-0.089830838
637799386	0.381017423
637799387	-0.172570874
637799388	0.059292603
637799389	-0.288426797
637799390	-0.669947352
637799391	0.170475684
637799392	-0.037146471
637799393	-0.187953609
637799394	0.241516397
637799395	-0.144587584
637799396	0.30798395
637799397	0.263228482
637799398	-0.137672569
637799399	0.10444379
637799400	0.133519552
637799401	-0.043861138
637799402	-0.002373995
637799403	0.010944649
637799404	-0.029493295
637799405	-0.09610078
637799406	-0.195477101
637799407	-0.355327866
637799408	-0.707021888
637799409	-0.115950388
637799410	-0.03675113
637799411	0.17788456
637799412	0.050275662
637799413	-0.03723827
637799414	0.022944267
637799415	-0.030189911
637799416	0.081979432
637799417	0.120424737
637799418	-0.005241651
637799419	-0.035449777
637799420	0.180653004
637799422	-0.051795833
637799423	-0.152250873
637799424	0.110792518
637799425	0.281697593
637799426	0.10682999
637799427	0.055722387
637799428	0.200035154
637799429	0.262218034
637799430	0.028526022
637799431	-0.087244949
637799432	-0.021507496
637799433	-0.131065274
637799434	-0.262232793
637799435	-0.293441052
637799436	-0.088093745
637799437	0.167576338
637799438	0.116377401
637799439	-0.031424988
637799440	-0.042426932
637799441	0.009734418
637799442	0.055562321
637799443	-0.056006971
637799444	0.051324408
637799445	0.136178901
637799448	0.067154926
637799449	-0.253008434
637799450	0.271767113
637799451	0.428683921
637799452	0.291787319
637799453	-0.59824261
637799454	-0.434871492
637799455	-0.279121711
637799456	-0.159664407
637799457	-0.03691939
637799458	0.059140346
637799459	0.104692975
637799460	-0.056207575
637799461	0.343348683
637799462	-0.569032
637799463	0.259050264
637799464	-0.770120512
637799465	0.159762879
637799466	-0.07403003
637799467	-0.101318324
637799468	-0.001051822
637799469	0
637799470	0
637799471	0.352839602
637799472	0.238302871
637799473	0.294210964
637799474	0.386687633
637799475	0.092490587
637799476	-0.041922472
637799477	-0.005713506
637799478	0.057670699
637799479	0.140569336
637799480	-0.186616162
637799481	-0.341831164
637799482	0.031965284
637799483	-0.136464609
637799484	-0.390605578
637799485	-0.372135983
637799486	-0.305496151
637799489	-0.332162233
637799490	-0.142062507
637799491	-0.08337128
637799492	0.161662746
637799493	-0.001290163
637799494	0.078376322
637799495	-0.102631966
637799497	0.252282426
637799498	0.277979465
637799499	-0.003906048
637799500	-0.001012286
637799501	0.036048909
637799502	0.046369338
637799503	-0.198168122
637799504	-0.054907005
637799505	0.038844217
637799506	-0.095729914
637799508	-0.16513538
637799509	0.081245695
637799510	-0.263709335
637799511	0.219884402
637799512	0.124210117
637799513	0.27078674
637799514	0.00637101
637799515	-0.120849663
637799516	0.227959061
637799517	-0.585981037
637799518	-0.076065728
637799519	0.127020946
637799520	-0.197608114
637799521	-0.414805188
637799522	-0.335922352
637799523	-0.105394902
637799524	0.105703559
637799525	0.259477607
637799526	0.066992754
637799527	-0.129300191
637799528	-0.030653684
637799529	0.003373612
637799530	-0.037166963
637799531	0.053898105
637799532	0.085085
637799533	-0.094979276
637799534	-0.029560677
637799535	-0.074488103
637799536	-0.455076371
637799537	0.007136765
637799538	0.03156586
637799539	-0.035641229
637799540	-0.18503152
637799541	-0.186263267
637799542	0.197640298
637799543	-0.297263337
637799544	-0.134733334
637799545	-0.069007323
637799546	-0.303855694
637799547	-0.077535163
637799548	0.11879328
637799549	0.222775735
637799550	-0.083591154
637799551	-0.468711183
637799552	0.312286073
637799553	-0.239377452
637799554	2.47E-05
637799555	0.198488572
637799556	-0.080129037
637799557	0.445485391
637799558	-0.022944478
637799559	-0.074298626
637799560	-0.378764641
637799561	-0.278998376
637799562	0.019814867
637799563	-0.042245405
637799564	0.110290378
637799565	-0.142145433
637799566	0.096413271
637799567	-0.373937222
637799568	0.12810882
637799569	0.207258936
637799570	0.188503575
637799571	-0.138466857
637799572	-0.171673234
637799573	0.074111964
637799574	-0.718913045
637799575	-0.224618927
637799576	-0.433505486
637799577	-0.020813173
637799578	-0.117729457
637799579	-0.256372644
637799580	-0.193721735
637799581	0.124948227
637799582	-0.734829304
637799583	-0.906815427
637799584	-0.31334849
637799585	-0.088854858
637799586	0.129535597
637799587	-0.174918684
637799588	-0.252355948
637799589	-0.015150812
637799590	-1.072045586
637799591	0.101563421
637799592	-0.073082981
637799594	-0.027278266
637799595	0.028983566
637799596	-0.096473758
637799597	0.060024295
637799598	0.06156838
637799599	-0.127876521
637799600	-0.014748565
637799601	0.187704591
637799602	0.251797853
637799603	0.214968009
637799604	0.255616361
637799605	-0.022703136
637799606	-0.105342619
637799607	0.013048341
637799608	-0.072630659
637799609	-0.071901401
637799610	0.089513608
637799611	-0.203739929
637799612	-0.461784408
637799613	0.15507669
637799614	-0.015056819
637799615	-0.130974672
637799616	-0.010937777
637799617	0.091294361
637799618	0.22973244
637799619	0.253844491
637799620	-0.01829693
637799621	0.061285291
637799622	-0.23351719
637799623	-0.151720503
637799624	0.423242958
637799625	0.11175285
637799626	-0.016731855
637799627	-0.015806831
637799628	0.200190199
637799629	0.568947362
637799630	-0.167151209
637799631	-0.011995004
637799632	-0.057969908
637799634	-0.226984296
637799635	-0.09391684
637799636	-0.310514027
637799637	-0.183660949
637799638	-0.210736527
637799639	-0.25416184
637799640	-0.27555358
637799641	-0.057036302
637799643	0.118407792
637799644	0.001532681
637799645	-0.602071725
637799646	-0.797788845
637799647	-0.06272292
637799648	0.007621471
637799649	-0.102642866
637799650	-0.162384084
637799651	-0.136003072
637799652	0.062141184
637799653	0.025271572
637799654	-0.107378513
637799655	0.118855679
637799656	-0.520984253
637799657	-0.0855566
637799658	0.233203106
637799659	0.317277503
637799660	0.152188785
637799661	0.274493446
637799662	0.109128218
637799663	-0.527688291
637799664	-0.04305699
637799665	0.026026425
637799666	-0.163394526
637799667	-0.293597743
637799668	0.099599208
637799669	0.233186426
637799670	-0.013375704
637799671	-0.092726986
637799672	-0.046842276
637799673	0.114507528
637799674	0.046371741
637799675	0.176340875
637799676	0.145563494
637799677	0.077475457
637799678	-0.161644989
637799679	0.019995267
637799680	-0.162691507
637799681	0.00792584
637799682	-0.012263552
637799683	0.135238416
637799684	0.022936686
637799685	0.070635931
637799687	-0.169613933
637799688	0.056026462
637799689	-0.082931031
637799690	-0.111996816
637799691	0.465264024
637799692	0.09130019
637799693	0.178827509
637799694	-0.001983767
637799695	0.009706297
637799696	0.270409309
637799697	0.028542005
637799698	0.320548845
637799699	0.131393088
637799700	-0.116138329
637799701	0.038550548
637799702	-0.078418717
637799703	-0.098100483
637799704	-0.040511648
637799705	-0.206113058
637799706	0.057312931
637799707	0.092526952
637799708	0.199125569
637799709	-0.074382097
637799710	-0.194930932
637799711	-0.146167976
637799712	0.158753439
637799713	0.007751707
637799714	0.045425075
637799715	0.118330654
637799716	0.084645787
637799717	-0.4309511
637799718	-0.164035954
637799719	-0.13425971
637799720	-0.473353037
637799721	0.069777968
637799722	0.07786926
637799723	0.381213151
637799724	-0.073296983
637799725	-0.381862044
637799726	-0.169199195
637799727	0.295419891
637799728	-0.181003476
637799729	-0.065954881
637799730	0.068739832
637799731	-0.395765587
637799732	0.045777929
637799733	0.183485015
637799734	0.173990688
637799735	-0.070829762
637799737	-0.130695989
637799738	0.033063214
637799739	0.279863297
637799740	0.305512478
637799741	0.163536523
637799742	0.346377292
637799743	0.231351721
637799744	0.450515293
637799745	-0.287788959
637799746	0.000887725
637799747	-0.083010722
637799748	-0.309272821
637799749	0.276928352
637799750	0.320164987
637799751	0.009097171
637799752	0.196793255
637799753	-0.090957803
637799754	0.064913785
637799755	-0.092940181
637799756	0.067477431
637799757	0.232489979
637799758	-0.271422089
637799759	-0.110436922
637799760	0.254880092
637799761	0.308398083
637799762	-0.074461321
637799763	-0.036174656
637799764	-0.015841435
637799765	0.178804604
637799766	-0.097013559
637799767	-0.347746539
637799768	-0.280965426
637799769	-0.219833344
637799770	-0.103510457
637799771	-0.078038447
637799772	-0.002198668
637799773	0.13889025
637799774	0.138683552
637799775	-0.181030721
637799776	0.133837415
637799777	-0.282336182
637799778	-0.007095416
637799779	-0.003608365
637799780	0.109501437
637799781	-0.015611571
637799782	-0.063192372
637799783	-0.075193779
637799784	-0.11757083
637799785	-0.664685496
637799786	-0.273013686
637799787	-0.185495738
637799788	-0.289150864
637799789	0.025836894
637799790	0.186819982
637799791	0.205889906
637799793	-0.288980159
637799794	-0.14384731
637799795	-0.201918021
637799796	0.434393189
637799797	-0.130319363
637799798	0.231924873
637799799	0.188010215
637799800	-0.073327508
637799801	0.17125161
637799802	-0.331355764
637799803	-0.14532091
637799804	-0.125180629
637799805	0.230150239
637799806	0.154656195
637799807	-0.171016167
637799808	-0.16140565
637799809	-0.09828876
637799810	0.033632207
637799811	0.091310068
637799812	-0.282390564
637799813	-0.069883096
637799814	-0.065400932
637799815	0.594876488
637799816	-0.032416822
637799817	-0.145265544
637799818	0.08625968
637799819	0.113692003
637799820	-0.006616183
637799821	-0.231148966
637799822	0.054633392
637799823	-0.503387661
637799824	-0.232922635
637799825	-0.183403256
637799826	-0.026767228
637799827	-0.035795633
637799828	-0.482627476
637799829	-0.627595382
637799830	-0.154991414
637799831	-0.086542452
637799832	0.001489883
637799833	-0.121016878
637799834	-0.723047765
637799835	-0.218067082
637799836	0.02697566
637799837	0.011285049
637799838	-0.196513761
637799839	-0.385249932
637799840	-0.00340147
637799841	-0.308945918
637799842	-0.110808357
637799843	-0.339497077
637799844	-0.648605867
637799845	-0.046416989
637799846	-0.081554692
637799847	0.191917406
637799848	-0.224554013
637799849	-0.082270649
637799850	0.051966296
637799851	-0.552123372
637799852	-0.37692949
637799853	0.297619297
637799854	0.541670963
637799855	0.583773091
637799856	-0.078531413
637799857	-0.003976379
637799858	0.840843455
637799859	0.814031988
637799860	0.227887115
637799861	-0.421010499
637799862	-0.334893595
637799863	-0.164408911
637799864	-0.134893679
637799865	0.154408365
637799866	-0.0141947
637799867	-0.049806346
637799868	-0.055267178
637799869	-0.228518675
637799870	0.044041797
637799871	-0.340587657
637799872	0.158721993
637799873	-0.098669302
637799874	-0.006584843
637799875	0.510059143
637799876	0.279796133
637799877	-0.280113021
637799878	-0.716757874
637799879	0.198880496
637799880	-0.072823917
637799881	0.076311477
637799882	0.022790236
637799883	-0.239598164
637799884	0.019251247
637799885	-0.011142366
637799886	0.002972454
637799887	0.312888903
637799888	0.195650785
637799889	0.107763832
637799890	-0.076319741
637799891	-0.070967303
637799892	-0.483316204
637799893	0.014847532
637799894	-0.198298278
637799895	-0.324426281
637799896	0.109134179
637799897	0.099447757
637799898	-0.344698527
637799899	-0.045910383
637799900	-0.186777395
637799901	-0.12675787
637799902	-0.040195918
637799903	-0.146130655
637799904	-0.203732898
637799905	-0.005593735
637799906	0.07229983
637799907	-0.128631129
637799908	-0.224184201
637799909	-0.056875029
637799910	0.185220557
637799911	0.156073449
637799912	0.105456827
637799913	0.111405975
637799914	0.329801508
637799915	0.132332698
637799916	0.149142852
637799917	0.13152268
637799918	0.0568409
637799919	0.137757206
637799921	0.012977126
637799922	-0.111720264
637799923	-0.062336196
637799924	-0.034936775
637799925	-0.104472025
637799926	0.031291366
637799927	0.190737939
637799928	-0.168604272
637799929	-0.051285187
637799930	-0.108750799
637799931	0.02130879
637799932	-0.172102402
637799933	-0.037684546
637799934	-0.210805718
637799935	0.018408493
637799936	-0.0453419
637799937	-0.388154282
637799938	0.001849207
637799939	-0.770016192
637799940	0.057851929
637799941	0.050005458
637799942	0.040789071
637799943	-0.167257805
637799944	0.157502023
637799945	0.358253965
637799946	0.277569888
637799947	0.149096743
637799948	-0.05829543
637799949	0.107129409
637799950	-0.12578854
637799951	0.19787669
637799952	0.157530688
637799953	-0.004658206
637799954	-0.121398418
637799955	-0.278850641
637799956	-0.440619296
637799957	-0.209893539
637799958	0.13564291
637799959	0.218978343
637799960	-0.053539431
637799961	0.018299808
637799962	0.22036433
637799963	-0.222654609
637799964	0.082693488
637799965	-0.181254
637799966	-0.162475342
637799967	-0.440168344
637799968	-0.117018153
637799969	-0.029801592
637799970	0.005307098
637799971	-0.172828173
637799972	-0.903615769
637799973	-0.829356122
637799974	-0.592195876
637799975	-0.782482622
637799976	-0.28801708
637799977	-0.307630996
637799978	-0.204130827
637799979	-0.154166881
637799980	-0.21371899
637799981	-0.094910427
637799982	-0.02082956
637799983	-0.099896867
637799984	-0.543325233
637799985	0.464437376
637799986	0.099866446
637799987	-0.05802839
637799988	-0.047194078
637799989	-0.710848514
637799990	-0.811040486
637799991	-0.018629197
637799992	-0.159573482
637799993	-0.016334306
637799994	-0.417136416
637799995	-0.313750023
637799996	-0.06117374
637799997	-0.089512236
637799998	0.447199512
637799999	0.034950305
637800000	-1.522727307
637800001	-0.571783126
637800002	-1.352366487
637800003	-1.579989652
637800004	-0.333918742
637800005	-0.986793728
637800006	-1.427645247
637800007	-0.751829237
637800008	-0.38873205
637800009	-0.207443855
637800010	0.551070837
637800011	-0.003744924
637800012	-0.11661205
637800013	0.080026349
637800014	-0.117926806
637800015	-0.473104758
637800016	-0.120729208
637800017	0.085238109
637800018	0.103340265
637800019	0.065010553
637800020	-0.491760798
637800021	-0.065164701
637800022	0.108062837
637800023	0.140947832
637800024	0.215983289
637800025	0.122438676
637800026	-0.146303007
637800027	-0.082666771
637800028	0.059026267
637800029	0.037156767
637800030	-0.02970473
637800031	-0.180191256
637800032	-0.10114989
637800033	0.05381426
637800034	0.088266531
637800035	-0.027711997
637800037	0.206181522
637800038	0.036413031
637800039	-0.217306176
637800040	-0.2265994
637800041	0.130716267
637800042	0.124540532
637800043	0.326234423
637800044	-0.946029606
637800045	-1.350571725
637800046	-1.215045252
637800047	-0.020008142
637800048	0.02043341
637800049	0.302167592
637800052	0.124682834
637800053	0.246504404
637800054	0.366742214
637800055	0.302780581
637800056	0.073587165
637800057	-0.315574185
637800058	0.146010278
637800059	0.424904092
637800060	0.021135816
637800061	-0.118773861
637800062	-0.511807637
637800063	-0.37461856
637800064	0.092411065
637800065	0.234314173
637800066	-0.44568243
637800067	-0.124327983
637800068	0.149892891
637800070	-0.45812219
637800071	-0.429966709
637800072	-0.315058059
637800073	-0.684500604
637800074	-0.129209962
637800075	0.069646888
637800076	0.307207597
637800077	-0.01168271
637800078	-0.050510797
637800079	-0.084220404
637800080	-0.27741614
637800081	-0.260524337
637800082	0.124849464
637800083	-0.908424375
637800084	0.113311517
637800085	0.008421873
637800086	0.184810718
637800087	0.14856462
637800088	0.090247617
637800089	-0.02389727
637800090	-0.567172265
637800091	-0.350068933
637800092	-0.658940523
637800093	-0.902540445
637800094	-0.189733852
637800095	-0.020549473
637800096	-0.205589691
637800097	0.00050425
637800098	-2.432326663
637800099	0.191685983
637800101	-0.011709025
637800102	0.548419332
637800103	0.126589022
637800104	-0.127497531
637800105	0.356159395
637800106	-0.856243992
637800107	-0.5183014
637800108	-0.432005892
637800109	-0.453401803
637800110	0.130513517
637800111	0.128357182
637800112	0.164963053
637800113	-0.097284875
637800114	0.062156335
637800115	0.010075936
637800116	-0.215415343
637800117	0.024009095
637800118	-0.20908804
637800119	0.0447739
637800120	0.070317993
637800121	-0.040410435
637800122	-0.035360113
637800123	0.043796074
637800124	0.001350091
637800125	0.062550839
637800126	0.052147619
637800127	0.068638931
637800128	-0.001012748
637800129	-0.078464867
637800130	-0.031470644
637800131	0.001293505
637800132	-0.081386953
637800133	0.080367506
637800134	-0.201835073
637800135	0.095859101
637800136	-0.102865534
637800137	-0.053528938
637800138	-0.020677281
637800139	-0.128544787
637800140	-0.052843349
637800141	0.072270753
637800142	0.176646227
637800143	-0.083546147
637800144	-0.099704021
637800145	0.183223258
637800146	0.070947412
637800147	0.053917565
637800148	-0.123025119
637800149	0.246012662
637800150	0.107230475
637800151	0.048659253
637800152	-0.064046661
637800153	-0.027007955
637800154	-0.094135613
637800156	0.173224094
637800157	0.116575088
637800158	-0.050817615
637800159	0.066902611
637800160	0.055100772
637800161	0.050768483
637800162	0.016445965
637800163	-0.102174214
637800164	-0.190999653
637800165	0.171777426
637800166	0.104108675
637800167	-0.293407521
637800168	-0.013712392
637800169	-0.040782147
637800170	0.238952866
637800171	0.148215369
637800172	-0.059150324
637800173	-0.23471525
637800174	-0.349238513
637800175	-0.340727741
637800176	-0.3078051
637800177	-0.134607803
637800178	-0.070956458
637800179	-0.136289955
637800180	-0.265553986
637800181	0.424596108
637800182	0.047677222
637800183	-0.001847647
637800184	-0.259492568
637800185	0.041859102
637800186	0.153258871
637800187	0.12291751
637800188	-0.241810009
637800189	-0.274696608
637800190	-0.215800979
637800191	0.171061334
637800192	0.147292649
637800194	0.020804403
637800195	-0.202152329
637800197	-0.274629728
637800198	-1.164476535
637800199	0.003369523
637800200	-0.076434947
637800201	0.114656063
637800202	-0.086303606
637800203	-0.219709494
637800204	-0.03845212
637800205	0.204908393
637800206	0.186205346
637800207	-0.153998401
637800208	-0.063457124
637800209	-0.385546777
637800210	-0.285486464
637800211	-0.044407648
637800212	-0.040625137
637800213	-0.055164387
637800214	-0.050239893
637800215	0.119992286
637800216	0.115140673
637800217	-0.55949579
637800218	-0.359827958
637800219	0.040572674
637800220	0.308399832
637800221	-0.378258745
637800222	0.203381405
637800223	-0.093472835
637800224	-0.137076604
637800225	-1.365484833
637800226	0.134257445
637800227	0.26254092
637800228	0.221894735
637800229	-0.213574822
637800230	0.034385557
637800231	0.044134666
637800232	-0.07657104
637800233	-0.066802116
637800234	0.164989382
637800235	0.266694254
637800236	0.14034742
637800237	0.006782094
637800238	-0.197651975
637800239	-0.106748638
637800240	-0.044987035
637800241	-0.073467896
637800242	0.304661483
637800243	-0.054422304
637800244	-0.147901589
637800245	-0.155466611
637800246	-0.07981266
637800247	-0.017302111
637800248	-0.017538528
637800249	0.129745706
637800250	0.08833098
637800251	0.327298884
637800252	-0.172623785
637800253	-0.350980429
637800254	-0.436664373
637800255	0.121527786
637800256	-0.003805415
637800257	-0.052245885
637800258	-0.163569089
637800259	-0.155096731
637800260	0.006391662
637800261	-0.188809379
637800262	-0.389571971
637800263	-0.20290924
637800264	0.016037056
637800265	-0.178295301
637800266	0.113958793
637800267	0.094536071
637800268	-0.271095669
637800269	-0.092161122
637800270	0.071781954
637800271	-0.448084479
637800272	0.025087391
637800273	0.056086294
637800274	0.091072866
637800275	0.289158845
637800276	0.055728181
637800277	-0.037494678
637800278	-0.130544674
637800279	-0.317816
637800280	-0.180083158
637800281	0.048267827
637800282	-0.074910485
637800283	-0.066785979
637800284	0.090949694
637800285	0.143202607
637800286	-0.113659377
637800287	-0.211354398
637800288	-0.149196847
637800289	0.046584201
637800290	-1.921158732
637800291	-0.241671037
637800292	-0.018643329
637800293	0.255705854
637800294	0.120255468
637800295	-0.053579602
637800296	0.025436903
637800297	-0.125502063
637800298	0.116728748
637800299	0.042316799
637800300	-0.068441132
637800301	-0.04227866
637800302	-0.017064086
637800303	-0.133182393
637800304	0.074872945
637800305	-0.017777497
637800306	-0.178363885
637800307	-0.181332391
637800308	-0.093100314
637800309	0.064167473
637800310	0.103351707
637800311	0.397113232
637800312	-0.307645476
637800313	-0.136049061
637800314	-0.104124179
637800315	0.211474126
637800316	-0.098768307
637800317	-0.149908969
637800318	-0.047311534
637800319	-0.19477066
637800320	0.007273835
637800321	-0.259663092
637800322	0.229047594
637800323	0.035835419
637800324	0.056998919
637800325	0.44008996
637800326	0.062717146
637800327	-0.122102665
637800328	-0.020777025
637800329	-0.060394053
637800330	-0.75139342
637800331	-0.44079581
637800332	-0.077060604
637800333	-0.045389733
637800334	-0.367822417
637800335	-0.338792313
637800336	-0.187130656
637800337	-0.255132586
637800338	0.272586851
637800339	0.266417726
637800340	-0.071078468
637800341	0.210589142
637800342	-0.088790836
637800343	-0.165498934
637800344	-0.313267165
637800345	-0.254287095
637800346	-0.206638473
637800347	-0.029142838
637800348	0.050147962
637800349	0.121869183
637800350	0.035224519
637800351	0.036908308
637800352	0.018231106
637800353	0.257991438
637800354	-0.353143698
637800355	-0.429575912
637800356	-0.64507765
637800357	-0.024129093
637800358	0.17784438
637800359	-0.07614645
637800360	-0.222063075
637800361	0.061644015
637800362	0.318155206
637800363	0.023487272
637800364	-0.102163257
637800365	-0.042497449
637800366	0.002456971
637800367	-0.175312001
637800368	0.010417149
637800369	0.223952729
637800370	-0.192039964
637800371	-0.032072805
637800372	0.104879001
637800373	-0.04759307
637800374	0.071566821
637800375	0.077362733
637800376	-0.067980386
637800377	0.014573571
637800378	-0.059513973
637800379	-0.189010153
637800380	-0.03825467
637800381	0.002202011
637800382	-0.055384907
637800383	0.001688086
637800384	0.118254297
637800385	0.16708953
637800386	0.134211553
637800387	0.062691132
637800389	-0.207305134
637800390	0.025448399
637800391	-0.205667745
637800392	-0.96968343
637800393	-0.723266367
637800394	0.19932453
637800395	0.047692449
637800396	0.25071605
637800397	0.218038962
637800398	0.136937059
637800399	0.283656078
637800400	-0.180630857
637800401	-0.15501025
637800402	0.224875558
637800403	-0.274124342
637800404	0.147423771
637800405	-0.101335193
637800406	0.258617827
637800407	0.038781487
637800408	0.215225311
637800411	0.045110562
637800412	0.208158092
637800413	0.030950246
637800414	0.178300942
637800415	0.152094794
637800416	0.209577269
637800417	0.187259829
637800418	0.216144783
637800419	-0.012914965
637800420	-0.340557279
637800421	-0.822352963
637800422	0.085832469
637800423	0.002312174
637800424	-0.071649531
637800425	0.002176154
637800426	0.027904513
637800427	-0.017566342
637800428	0.26725926
637800429	0.225909644
637800430	-0.015170897
637800431	-0.416776271
637800432	-0.715584516
637800433	0.131736984
637800434	-0.093304713
637800435	-0.13616957
637800436	-0.914180522
637800437	0.190066687
637800438	0.122121235
637800439	0.084789106
637800440	0.165730353
637800441	-0.130964066
637800442	-0.556981379
637800443	-0.183592838
637800444	-0.156305081
637800445	0.157949506
637800446	0.098927512
637800447	-0.447372768
637800448	-0.09214247
637800449	-0.108310927
637800450	-0.102286937
637800451	0.102732887
637800452	-0.197820471
637800453	0.114387529
637800454	-0.083686937
637800455	0.165947833
637800456	0.070953735
637800457	0.059732247
637800458	0.120260116
637800459	-0.071451259
637800460	-0.115518317
637800461	0.013756042
637800462	0.027102698
637800463	0.14467974
637800464	-0.005645845
637800465	-0.179383867
637800466	-0.053690485
637800467	-0.016747033
637800468	-0.005569802
637800469	0.077316136
637800470	-0.118992439
637800471	-0.161868356
637800472	0.064409545
637800473	0.026551893
637800474	-0.378123217
637800475	0.096801929
637800476	0.27871803
637800477	0.051628745
637800478	-0.117381389
637800479	0.024473258
637800480	-0.035343748
637800481	-0.131283296
637800482	0.007444681
637800483	0.010098425
637800484	-0.039840801
637800485	0.107380641
637800486	0.236102911
637800487	0.121492333
637800488	0.210709544
637800489	-0.04989227
637800490	0.040607856
637800491	-0.365377202
637800492	-0.115634581
637800493	0.045708559
637800494	0.066862298
637800495	0.148139209
637800496	0.07328243
637800497	-0.129877039
637800498	-0.127961959
637800499	0.269445262
637800500	0.05417342
637800501	-0.364435988
637800502	0.184162628
637800503	0.037140137
637800504	-0.306147396
637800505	0.075061678
637800506	-0.084965979
637800507	0.220504273
637800508	0.007326976
637800509	0.33075081
637800510	-0.207256968
637800511	0.123373189
637800512	-0.003108019
637800513	-0.287590209
637800514	-0.443984593
637800515	-0.227289289
637800516	-0.277303988
637800517	-0.265841966
637800518	-0.082502185
637800519	-0.008603651
637800520	0.232275567
637800521	0.0767352
637800522	0.284042441
637800523	-0.453597518
637800524	-1.067610846
637800525	-0.275581096
637800526	-0.138735179
637800527	-1.008733612
637800528	0.087765031
637800529	0.10682713
637800530	0.292305498
637800531	0.324636491
637800532	0.120410942
637800533	-0.106946574
637800534	-0.08294022
637800535	0.070971609
637800536	0.032573053
637800537	0.077523609
637800538	-0.003860424
637800539	0.011863665
637800540	0.047370579
637800541	-0.342728993
637800542	-0.118494718
637800543	-0.054001796
637800544	0.134989684
637800545	0.19249051
637800546	0.112127917
637800547	0.030376285
637800548	-0.315622672
637800549	0.079089682
637800550	0.264041504
637800551	0.181664552
637800552	0.127253955
637800553	0.016643505
637800554	-0.025506528
637800555	0.270166954
637800556	-0.013611188
637800557	-0.065022576
637800558	0.090125155
637800559	0.047783896
637800560	0.105282525
637800561	0.086849205
637800562	0.164218794
637800563	-0.133593562
637800564	-0.218381328
637800565	-0.247843207
637800566	-0.185177618
637800567	0.119299363
637800568	-0.008146959
637800569	0.028500982
637800570	0.028026988
637800571	-0.315400793
637800572	-0.395444435
637800573	-0.178608276
637800574	-0.138380813
637800575	-0.124276956
637800576	0.171428327
637800577	0.041925893
637800578	0.024176454
637800579	0.128329098
637800580	0.03104956
637800581	0.332010594
637800582	-0.123382498
637800583	-0.216008054
637800584	-0.164384613
637800585	0.009379882
637800586	-0.229258732
637800587	-0.203688241
637800588	-0.054705786
637800589	-0.378201857
637800590	0.165602075
637800591	0.017246443
637800592	-0.100339051
637800593	0.095279445
637800594	-0.361089854
637800595	-0.167928674
637800596	-0.538088552
637800597	-0.678282721
637800598	-0.075772506
637800599	-0.24454315
637800600	0.024101142
637800601	0.509793572
637800602	-0.025411675
637800603	0.143615841
637800604	0.197631963
637800605	0.014740071
637800606	0.077829129
637800607	-0.123861378
637800608	-0.123797459
637800609	-0.050298996
637800610	0.087472746
637800611	-0.309802208
637800612	-0.101349543
637800613	0.106526378
637800614	-0.163972219
637800615	-0.115421285
637800616	-0.724703111
637800617	-0.533684309
637800618	-0.354688536
637800619	0.375963068
637800620	0.198169137
637800621	0.062521018
637800622	0.393882157
637800623	0.030538226
637800624	-0.022024206
637800625	-0.185043199
637800626	-0.324179472
637800627	-0.114018076
637800628	-0.029009861
637800629	0.145100365
637800630	-0.458456023
637800631	-0.303423301
637800632	-0.211263607
637800633	-0.152928283
637800634	-0.026654641
637800635	-0.227762063
637800636	0.132811656
637800637	-0.36197192
637800638	0.067937202
637800639	0.019764878
637800640	-0.183373748
637800641	-0.420804555
637800642	0.088611912
637800643	0.142361451
637800644	-0.25944415
637800645	-0.398428624
637800646	0.105165472
637800647	-0.277845016
637800648	-0.028449296
637800650	-0.127864818
637800651	0.035588523
637800652	0.089356837
637800653	0.08524907
637800654	0.099295512
637800655	0.088549698
637800657	0.005898654
637800658	0.122152791
637800659	-0.018860632
637800660	-0.028868111
637800661	-0.149161023
637800662	0.058000889
637800663	0.015616562
637800664	0.093081912
637800665	0.165303893
637800666	0.061212795
637800667	-0.029625143
637800668	0.126282371
637800669	0.103057708
637800670	-0.058475465
637800671	-0.024572625
637800672	0.087262297
637800673	0.010188059
637800674	0.022189677
637800675	0.044214201
637800676	0.101298824
637800677	0.004626586
637800678	0.114677709
637800679	0.143968227
637800680	-0.089616835
637800681	0.023365107
637800682	0.062138979
637800683	-0.003202818
637800684	-0.178242385
637800685	-0.604459957
637800686	-0.057631118
637800687	0.278564544
637800688	-0.25104392
637800689	-0.061164227
637800690	-0.109642948
637800691	0.133689304
637800692	-0.072622268
637800693	-0.066002892
637800694	0.158047985
637800695	-0.380565499
637800696	0.150594632
637800697	0.151540566
637800698	-0.134665867
637800699	0.262094758
637800700	-0.689262439
637800701	-1.016243363
637800702	-0.255352492
637800703	0.023469517
637800704	-0.080567403
637800705	-0.0061446
637800706	-0.047280827
637800707	0.232558493
637800708	-0.117543988
637800709	0.113673387
637800710	0.178307427
637800711	-0.058731513
637800712	-0.080205512
637800713	0.066161702
637800714	-1.275298388
637800715	-0.226642512
637800716	0.112060087
637800717	0.173585177
637800718	-0.147618736
637800719	0.000900768
637800720	-0.172075846
637800721	0.201693924
637800722	-0.044377901
637800723	-0.080753654
637800724	0.247968754
637800725	-0.256861592
637800726	-0.214924897
637800727	0.178662924
637800728	0.077479999
637800729	-0.086200539
637800730	0.103646257
637800731	0.090149729
637800732	-0.326698543
637800733	0.016929339
637800734	-0.255456653
637800735	0.009172844
637800736	0.078932766
637800737	-0.49930609
637800738	-0.054545519
637800740	0.026075648
637800741	-0.223034031
637800742	-0.04317365
637800743	-0.08974174
637800744	0.16878475
637800745	-0.72560981
637800746	-0.004010963
637800747	0.051552988
637800748	0.115630068
637800749	-0.603709629
637800750	0.112787832
637800751	-0.079702913
637800752	0.05612631
637800753	-0.119303271
637800754	-1.092940706
637800755	-1.165939228
637800756	-0.572099733
637800757	0.107823084
637800758	0.14346113
637800759	-0.055217104
637800760	-0.288403245
637800761	-0.67761478
637800762	-0.66512598
637800763	0.497139206
637800764	0.25958528
637800765	-0.396312312
637800766	-0.167466234
637800767	-0.141053446
637800768	0.017727305
637800769	-0.415140053
637800770	-0.268165107
637800771	-0.234173435
637800772	0.041601982
637800773	0.21595635
637800774	-0.871777329
637800775	0.048718088
637800776	-0.029148599
637800777	0.091646995
637800778	-0.145039186
637800779	0.10376384
637800780	0.058068369
637800781	-0.984136863
637800782	-1.076152905
637800783	-0.949249772
637800784	-1.340796637
637800785	-0.286852425
637800786	-0.07505648
637800787	0.091711813
637800788	0.10778607
637800789	0.03280527
637800790	0.133385451
637800791	0.213871487
637800792	-0.123052254
637800793	0.04464221
637800794	-0.13988583
637800795	0.027113242
637800796	0.005340332
637800797	-0.202838499
637800798	-0.060911783
637800799	-0.10136691
637800800	-0.673428627
637800801	0.176654317
637800802	-0.069783911
637800803	-0.031606953
637800804	0.088670593
637800805	0.257000579
637800806	-0.155943367
637800807	-0.081900558
637800808	0.133338657
637800809	0.02945233
637800810	0.24228227
637800811	-0.076927722
637800812	0.001649147
637800813	0.194805516
637800814	-0.402518631
637800815	-0.197398859
637800816	-0.33842708
637800817	-0.212283445
637800818	-0.055274326
637800819	-0.150150286
637800820	0.015829237
637800821	-0.040974875
637800822	0.073584765
637800823	0.03058375
637800824	0.0438178
637800825	0.070950939
637800826	-0.073704225
637800827	-0.017338865
637800828	-0.374828889
637800829	0.050287883
637800830	0.053847122
637800831	-0.012925469
637800832	-0.524292725
637800833	-0.605403987
637800834	-0.403729199
637800835	-0.56484925
637800836	-1.040540231
637800837	-0.264531596
637800838	-0.042020538
637800839	-0.37954694
637800840	-0.216349359
637800841	0.16472024
637800842	-0.036288783
637800843	-0.115748688
637800844	0.217365705
637800845	0.128643425
637800846	0.150844092
637800847	-0.005201003
637800848	0.336535239
637800849	-0.154261025
637800850	0.13141623
637800851	-0.253229429
637800852	-0.251425297
637800853	0.045691705
637800854	-0.050361451
637800855	-0.175739156
637800856	0.250044145
637800857	0.260913655
637800858	0.012871613
637800859	-0.068675647
637800860	-0.504569559
637800861	-0.017943755
637800862	0.103893696
637800863	0.174214199
637800864	0.070926035
637800865	-0.055961041
637800866	0.065717188
637800867	0.264924129
637800868	-0.100862382
637800869	0.067771715
637800870	-0.25902362
637800871	-0.046032649
637800872	-0.307849658
637800873	0.163082583
637800874	0.19009979
637800875	-0.247002742
637800876	-0.079197346
637800877	0.256646222
637800878	0.060946189
637800879	-0.222388278
637800880	-0.235642649
637800881	-0.174759929
637800882	0.141580765
637800883	0.206426318
637800884	0.076596945
637800885	0.123980255
637800886	0.124895926
637800887	-0.215128579
637800888	-0.213328578
637800889	0.010922588
637800890	0.100190798
637800891	-0.06500974
637800892	0.038225138
637800893	-0.046007161
637800894	-0.017819793
637800895	-0.317007777
637800896	-0.107847122
637800897	-0.196901862
637800898	-0.46264559
637800899	-0.494868895
637800900	-0.450979286
637800901	-0.257685855
637800902	-0.18581864
637800903	0.041403849
637800905	0.036708868
637800906	0.280891449
637800907	-0.400536416
637800908	-0.167984912
637800909	-0.112261154
637800910	-0.918769476
637800911	-0.024384177
637800912	0.103691561
637800913	0.038765557
637800914	-0.214103358
637800915	-0.04953569
637800916	0.040157096
637800917	0.022080336
637800918	0.120274504
637800919	-0.030572291
637800920	0.139095334
637800921	-0.018661163
637800922	-0.206629541
637800923	0.003593496
637800924	0.10388609
637800925	-0.264931691
637800926	0.047676008
637800927	-0.029202239
637800928	-0.283150538
637800929	-0.309148109
637800930	-0.28946569
637800931	-0.298803174
637800932	-0.303024049
637800933	-0.311554418
637800934	-0.711529396
637800935	-0.53734824
637800936	-0.147519934
637800937	-0.176853872
637800938	-0.04295818
637800939	0.054617226
637800940	-0.16796021
637800941	0.11406264
637800942	0.129341731
637800943	-0.108570266
637800944	-0.022783029
637800945	0.196547022
637800946	0.127032847
637800947	-0.617753485
637800948	-0.642853317
637800949	-0.569358654
637800950	-0.239305312
637800951	0.055968413
637800952	-0.155307646
637800953	-0.050328074
637800954	-0.099865723
637800955	-0.07938772
637800956	-0.3780033
637800957	0.12530788
637800958	0.08263193
637800959	0.008957578
637800960	0.437062936
637800961	0.41109908
637800962	0.089696374
637800963	0.393991595
637800964	0.03453465
637800965	0.011675712
637800966	0.073007369
637800967	0.019448592
637800968	-0.202285844
637800969	0.222350945
637800970	0.036369852
637800971	0.052433907
637800972	0.128067494
637800973	0.087558825
637800974	0.007095129
637800975	-0.425219058
637800976	0.101120689
637800978	-0.048949251
637800979	-0.731572159
637800980	0.165717493
637800981	0.054209434
637800982	-0.118616693
637800983	-0.08186995
637800984	-0.13174163
637800985	-0.241866997
637800986	0.227295174
637800987	0.060864319
637800988	-0.17709448
637800989	0.294207345
637800990	-0.293729554
637800991	-0.007055861
637800992	0.019840227
637800993	0.004120379
637800994	-0.337106485
637800995	0.392664386
637800996	-0.137287046
637800997	-0.308312248
637800998	0.126858956
637800999	-0.141868697
637801000	0.215195719
637801001	-0.362235164
637801002	-0.257949408
637801003	-0.325960211
637801004	-0.542556537
637801005	-0.676782392
637801006	-0.824321775
637801007	-0.980214489
637801008	-0.134753947
637801009	0.225755338
637801010	0.155868128
637801011	-0.236300672
637801012	-0.031244718
637801013	-0.055419501
637801014	0.30993851
637801015	0.163193146
637801016	-0.027479135
637801017	0.022322406
637801018	0.093216226
637801019	0.197029127
637801020	0.446916341
637801021	-0.050192282
637801022	-0.185427094
637801023	0.253872848
637801024	0.232188171
637801025	0.172466927
637801029	-0.024316935
637801030	0.041440058
637801031	0.0571725
637801032	0.122782254
637801033	0.203844369
637801034	0.151051374
637801035	0.03944533
637801036	0.11408489
637801037	0.052446828
637801038	-0.047302376
637801040	0.015205382
637801041	-0.100478826
637801042	0.219863943
637801043	0.089314956
637801044	-2.035719865
637801045	-1.771043159
637801046	0.236606384
637801047	-0.262210798
637801048	-0.054306132
637801049	0.259663687
637801050	0.051239898
637801051	-0.095542149
637801052	0.066836056
637801053	0.121205944
637801054	-0.261612585
637801055	-0.247258463
637801056	-0.600729324
637801057	-0.522859075
637801058	-0.565032407
637801059	-0.611187587
637801060	0.020179944
637801061	-0.273419508
637801062	-0.088342688
637801063	-0.559291588
637801064	-0.29710806
637801065	0.143095041
637801066	0.128344284
637801067	-0.200745478
640711016	-0.494100952
640711017	0.006112215
640711018	-0.042985401
640711019	-0.380495328
640711020	-0.402094307
640711021	-0.463094731
640711022	-0.290018532
640711023	-0.507863761
640711024	0
640711025	0
640711026	0
640711027	0
640711028	0
640711029	-0.603036302
640711030	0.90842326
640711031	-0.988866637
640711032	-0.263804669
640711033	-0.30547185
640711034	-0.366981865
640711035	-0.501474446
640711036	-0.256475039
640711037	-0.447119955
640711038	-0.330498301
640711039	-0.08905682
640711040	-0.3923142
640711041	-0.398236179
640711042	0.002287683
640711043	-0.418412569
640711044	-0.351129153
640711045	-0.072210261
640711046	-0.336616528
640711047	-0.456056871
640711048	-0.255988811
640711049	-0.395017546
640711050	-0.356788528
640711051	-0.218546647
640711052	-0.382388718
640711053	-0.325652085
640711054	0.076494389
640711055	-0.668417189
640711056	-0.307872863
640711057	-0.34795723
640711058	-0.680649062
640711059	-0.257003872
640711060	-0.340186889
640711061	-0.901529138
640711062	-0.289708029
640711063	-0.401352389
640711064	-0.315918042
640711065	-0.50586204
640711066	-0.874299175
640711067	-0.407193757
640711068	-0.600715276
637798356	-0.020175396
637798357	0.723318466
637798358	0.074939123
637798359	0.270920591
637798360	0.017144314
637798361	0.136832056
637798362	0.002457791
637798363	-0.08071202
637798364	-0.093731521
637798365	-0.032237389
637798366	-0.09149072
637798367	0.071576783
637798368	-0.206102084
637798369	0.115638579
637798370	-0.155420489
637798371	-0.202057845
637798372	-0.037443233
637798373	0.000391595
637798374	-0.018127975
637798375	-0.026973525
637798376	-0.061163666
637798377	-0.04574419
637798378	0.105046142
637798379	0.061864113
637798380	-0.306627679
637798381	0.001069184
637798382	-0.893873984
637798383	-0.731358903
637798384	-0.418373652
637798385	0.079710816
637798386	0.052158199
637798387	-0.26063257
637798388	0.126577316
637798389	0.042690166
637798390	-0.089281808
637798391	-0.108805246
637798392	-0.067098598
637798393	0.049639763
637798394	-0.136142578
637798395	-0.068998844
637798396	0.048029186
637798397	0.051970659
637798398	-0.539274803
637798399	-0.20756307
637798400	-0.428766641
637798401	-0.21150109
637798402	0.07743564
637798403	0.01446739
637798404	0.065702171
637798405	0.169635375
pANS_predictedORF_1	0.069845109
pANS_predictedORF_2	-0.047577516
pANS_predictedORF_3	-0.140757443
pANS_predictedORF_4	0.041218016
pANS_predictedORF_5	-0.066746392
pANS_predictedORF_6	-0.034173364
pANS_predictedORF_7	0.054350897
pANS_predictedORF_8	-0.016571904
