Reporter Identifier	VALUE
637798406	0.204854896
637798407	0.330627545
637798408	0.058263373
637798409	-1.118758382
637798410	0.204021815
637798411	-0.196912928
637798412	0.009976545
637798413	-0.376558641
637798414	-0.181489479
637798415	-0.256719135
637798416	-0.499063333
637798417	-0.126525833
637798418	0.175736343
637798419	-0.343955174
637798420	0.183005345
637798421	-0.316477029
637798422	0.034501033
637798423	-0.145783298
637798424	0.441894186
637798425	0.129457796
637798426	-0.214125626
637798427	-0.370319432
637798428	-0.530349425
637798429	-0.039997873
637798430	0.020709877
637798431	0.192214812
637798432	-0.008762163
637798433	0.087275418
637798434	-0.105052386
637798435	-0.045084806
637798436	0.039793162
637798437	0.57636707
637798438	0.085822491
637798439	0.11185307
637798440	0.22362681
637798441	0.014750901
637798442	0.003178118
637798443	-0.180208008
637798444	0.824090449
637798445	0.229002399
637798446	-0.104629529
637798448	-0.073844691
637798449	0.151075872
637798450	-0.16787447
637798451	0.215248458
637798452	-0.541500849
637798453	-0.219344892
637798454	-0.064075164
637798455	-0.768948752
637798456	-0.241953938
637798457	-0.112398897
637798458	-0.27109836
637798459	-0.522668115
637798460	-0.181973425
637798461	-0.110273071
637798462	-0.173034836
637798463	-0.314069825
637798464	0.147742307
637798465	-0.01713244
637798466	0.040225143
637798467	0.046296005
637798468	-0.17379464
637798469	0.05187278
637798470	0.020965726
637798471	-0.272370297
637798472	-0.036013432
637798473	-0.114041279
637798474	-0.21372377
637798475	0.409794107
637798476	0.155094214
637798477	-0.003087231
637798478	0.129004867
637798479	-0.214828744
637798480	-0.065346988
637798481	-0.036443785
637798482	-0.025036595
637798483	-0.046610675
637798484	-0.04944938
637798485	0.040411807
637798486	-0.044352823
637798487	-0.13566951
637798488	-0.182101837
637798489	-0.144320573
637798490	-0.150717055
637798491	0.513288297
637798492	0.349222672
637798493	0.018727206
637798494	0.145760027
637798495	-0.046943955
637798496	-0.26137279
637798497	-0.062469449
637798498	-0.608379474
637798499	-0.059087728
637798500	-0.024294706
637798501	-0.328270929
637798502	-0.57243028
637798503	-0.02408193
637798504	-0.254153703
637798505	-0.295480666
637798506	0.101285209
637798507	-0.216268168
637798508	0.223306322
637798509	-0.129371534
637798510	0.041273818
637798511	-0.097053212
637798512	0.036425194
637798513	0.004205106
637798514	-0.100653108
637798515	-0.066601355
637798516	0.239646031
637798517	0.14668573
637798518	0.012881143
637798519	-0.138877878
637798520	-0.313698203
637798521	-0.096137034
637798522	-0.047781244
637798523	0.018601735
637798524	0.021290294
637798525	-0.111309939
637798526	-0.366822597
637798527	-0.029769439
637798528	-0.079318617
637798529	-0.040863236
637798530	0.307008723
637798531	0.067171954
637798532	-0.054516717
637798533	-0.031126336
637798534	-0.369827023
637798535	-0.163569347
637798536	0.019881118
637798537	0.054807784
637798538	-0.162337449
637798539	0.089540345
637798540	0.072754004
637798541	-0.143973429
637798542	-0.153434854
637798543	-0.043219244
637798544	-1.076303546
637798545	-0.452497546
637798546	-0.074355734
637798547	-0.019051093
637798548	-0.027379017
637798549	-0.1119983
637798550	-0.07792241
637798551	0.096552521
637798552	-0.19135915
637798553	0.005910436
637798554	0.387763263
637798555	-0.005674057
637798556	-0.121531703
637798557	-0.073738056
637798558	0.079793723
637798559	-0.098778415
637798560	0.023406664
637798561	-0.040077237
637798562	-0.622017508
637798563	-0.076203025
637798564	0.041520377
637798565	0.145491863
637798566	0.248689288
637798567	-0.176811138
637798568	-0.148407382
637798569	-0.130205458
637798570	0.042758426
637798571	0.202873883
637798572	0.22327234
637798573	-0.381380795
637798574	-0.597417729
637798575	0.299512701
637798576	0.162425977
637798577	0.144914945
637798578	-0.006483267
637798579	-0.166391212
637798580	0.00262139
637798581	-0.161735896
637798582	-0.137085114
637798583	-0.078926104
637798584	-0.102459154
637798585	-0.157325083
637798586	0.145601536
637798587	-0.052213697
637798588	-0.242854583
637798589	-0.013128913
637798590	-0.106258896
637798591	-0.093692945
637798592	0.262142368
637798593	-0.094286817
637798594	-0.090979551
637798595	0.022079185
637798596	-0.214975996
637798597	0.025035829
637798598	-0.187059565
637798599	-0.321219529
637798600	0.044772479
637798601	-0.121037376
637798602	0.154595026
637798603	-0.096904676
637798604	0.115550682
637798605	0.17362082
637798606	0.022443817
637798607	0.064597342
637798608	0.169507152
637798609	-0.000596108
637798610	0.207595549
637798611	0.248125544
637798612	0.004128909
637798613	-0.033767272
637798614	0.096044686
637798615	-0.285822763
637798616	0.043738285
637798617	-0.143433497
637798618	-0.105094568
637798619	0.204034483
637798620	-0.17879025
637798621	-0.254486141
637798622	0.175319577
637798623	-0.023543059
637798624	-0.212524541
637798625	-0.079316532
637798626	-0.062365474
637798627	-0.033778784
637798628	-0.01549019
637798629	-0.277413405
637798630	-0.422844229
637798631	0.156444618
637798632	-0.270507687
637798633	0.024485499
637798634	-0.679187371
637798635	-0.317175805
637798636	-0.264394537
637798637	0.325082973
637798638	0.204992794
637798639	0.20470691
637798640	-0.011245535
637798641	-0.426984994
637798642	-1.170338753
637798643	-0.091260141
637798644	-0.093246994
637798645	-0.213528947
637798646	-0.666519162
637798647	0.340359766
637798648	-0.175496484
637798649	0.351134151
637798650	0.664707534
637798651	0.781921129
637798652	-0.317556119
637798653	-0.113248601
637798654	-0.00039984
637798655	-0.490026863
637798656	-0.111823552
637798657	-0.056807497
637798658	0.456607379
637798659	0.056086585
637798660	0.054645618
637798661	0.16722134
637798662	0.268787383
637798663	0.01563811
637798664	-0.505228341
637798665	-0.80837792
637798666	-0.020078156
637798667	0.05513212
637798668	0.014241089
637798669	-0.025243613
637798670	-0.110098563
637798671	-0.175753224
637798672	-0.091216822
637798673	-0.007521556
637798674	-0.091833389
637798675	-0.831053057
637798676	-0.103332927
637798677	0.025561692
637798678	0.047974372
637798679	-0.183628018
637798680	-0.094478358
637798681	-0.175292883
637798682	-0.225216914
637798683	0.096245792
637798684	0.508612322
637798685	0.548774079
637798686	-0.006362928
637798687	0.096095689
637798688	0.242869766
637798689	0.102220304
637798690	-0.208116866
637798691	-0.502368517
637798692	-0.177757904
637798693	-0.088390286
637798694	-0.065614163
637798695	-0.157888254
637798696	0.225622045
637798697	0.413455673
637798698	0.215111822
637798699	-0.423674548
637798700	0.08656384
637798701	-0.271787991
637798702	0.130182066
637798703	-0.129593825
637798704	-0.121207696
637798705	0.028558868
637798706	-0.39337089
637798707	-0.026271122
637798708	0.763899615
637798709	0.284799143
637798710	0.754859158
637798711	0.274192863
637798712	-0.033619056
637798713	-0.11892242
637798714	-0.561190559
637798715	-0.342037459
637798716	0.117914027
637798717	0.210069043
637798718	0.546951864
637798719	0.021979174
637798720	0.070998246
637798721	0.121217089
637798722	0.077424313
637798723	-0.174327581
637798724	-0.428186585
637798725	0.026776244
637798726	-0.100731139
637798727	-0.441252148
637798728	0.083143243
637798729	-0.08407328
637798730	-0.22135438
637798731	-0.591896231
637798732	-0.050504671
637798733	-0.070194096
637798734	0.02371116
637798735	-0.103000001
637798736	-0.037333939
637798737	-0.117439113
637798738	-0.024855321
637798739	-0.148746119
637798740	-0.097656755
637798741	-0.34114397
637798742	-0.188589888
637798743	-0.143545439
637798744	-0.10071901
637798745	0.000673691
637798746	0.154834615
637798747	-0.047930738
637798748	0.300473693
637798749	-0.05591616
637798750	-0.734382046
637798751	-0.13433721
637798752	-0.063081253
637798753	0.185849375
637798754	0.181164245
637798755	0.217068261
637798756	-0.368684801
637798757	-0.414892957
637798758	-0.022108225
637798759	-0.42242066
637798760	0.225733876
637798761	0.196256904
637798762	0.058888279
637798763	-0.045568078
637798764	0.031478358
637798765	-0.246723317
637798766	0.039646664
637798767	-0.522783242
637798768	-0.177460955
637798769	-0.039707049
637798770	-0.079905973
637798771	-0.158579421
637798772	0.027093153
637798773	-0.186515345
637798774	0.034641937
637798775	0.410959717
637798776	0.460259468
637798777	0.273685434
637798778	-0.121044325
637798779	-0.093013915
637798780	-0.039088564
637798781	-0.281104105
637798782	-0.306455048
637798783	-0.905536213
637798784	0.285347662
637798785	-0.002987371
637798786	-0.051548294
637798787	-0.597395426
637798788	-0.300573688
637798789	-0.014132307
637798790	0.022675272
637798791	-0.531033154
637798792	0.076849741
637798793	-0.002097245
637798794	-0.41969254
637798795	-0.31250366
637798796	0.237220592
637798797	0.256143703
637798798	-0.081493763
637798799	-0.156517885
637798800	0.243472755
637798801	-0.231678195
637798802	0.022490257
637798803	-0.016646831
637798804	-0.334854065
637798805	-0.270098691
637798806	-0.104219144
637798807	0.053546085
637798808	0.041572316
637798809	-0.142375917
637798810	-0.304253188
637798811	-0.021390094
637798812	0.201403772
637798813	-1.089649317
637798814	-0.082435212
637798815	-0.171484889
637798816	-0.217962593
637798817	-0.181570173
637798818	-0.016880422
637798819	-0.040003411
637798820	0.112708059
637798821	-0.351993285
637798822	-0.232701162
637798823	-0.591498097
637798824	-0.718624569
637798825	-0.212363782
637798826	-0.012582559
637798827	-0.561647257
637798828	0.114131359
637798829	0.70077835
637798830	0.209367386
637798831	-0.256781382
637798832	-0.179721847
637798833	-0.004049694
637798834	0.217181626
637798835	-0.783064371
637798836	-0.27415451
637798837	0.072159625
637798838	0.258337208
637798839	-0.206201679
637798840	-0.232520273
637798841	-0.065966623
637798842	0.095492034
637798843	-0.26175182
637798844	-0.137739282
637798845	-0.256303338
637798846	0.036392873
637798847	-0.11022872
637798848	-0.624665878
637798849	-0.100444064
637798850	-0.168880486
637798851	-0.028615496
637798852	0.108575562
637798853	0.312070826
637798854	0.109808004
637798855	0.01474357
637798856	-0.279960902
637798857	0.092092346
637798858	0.138671514
637798860	0.070541084
637798861	-0.020434192
637798862	0.067350126
637798863	-0.081608655
637798864	0.152973554
637798865	0.364826317
637798866	-0.260949992
637798867	0.031583035
637798868	-0.083067573
637798869	-0.116867975
637798870	-0.022405419
637798871	-0.543234022
637798872	-1.842358195
637798873	-0.690666641
637798874	0.17450234
637798875	-0.052796412
637798876	-0.456371413
637798877	0.053407275
637798878	-0.174575997
637798879	0.165133023
637798880	-0.1664093
637798881	-0.153560293
637798882	-0.088167893
637798883	0.377177385
637798884	0.196468871
637798885	0.009492896
637798886	-0.056097492
637798887	-0.136637244
637798888	-0.301559997
637798889	-0.995072472
637798890	-1.181676995
637798891	0.10829587
637798892	-0.03500484
637798893	-0.099379044
637798894	-0.249679738
637798895	0.381879509
637798896	-0.042334868
637798897	-0.061635141
637798898	0.048610234
637798899	0.135039482
637798900	0.480455961
637798901	-0.042676805
637798902	-0.272311706
637798903	0.023951145
637798904	-0.291224287
637798905	0.140010383
637798906	0.40657495
637798907	0.228581993
637798908	0.07765141
637798909	-0.004254233
637798910	-0.124087608
637798911	-0.245385833
637798912	-0.408555452
637798913	-0.20455996
637798914	-0.356640348
637798915	-0.27158496
637798916	-0.149457691
637798917	0.137230841
637798918	-0.173132131
637798919	-0.193107717
637798920	0.02603539
637798921	-0.266728574
637798922	-0.126241908
637798923	-0.276616785
637798924	-0.07740611
637798926	-0.390758446
637798927	0.040119608
637798928	-0.048496149
637798929	-0.056742757
637798930	0.042862724
637798931	0.068796522
637798932	-0.473021632
637798933	0.156440623
637798934	-0.120427188
637798935	0.48859873
637798936	0.199358669
637798937	0.29688658
637798938	0.052687732
637798939	-0.186372263
637798940	-0.150315902
637798941	-0.160014501
637798942	-0.235678155
637798943	-0.720575256
637798944	0.131658716
637798945	-0.054218494
637798946	-0.279596507
637798947	-0.007355801
637798948	-0.500095857
637798949	-0.009846684
637798950	-0.001129019
637798951	0.079989732
637798952	-0.0195092
637798953	-0.076406911
637798954	-0.228617627
637798955	0.069516584
637798956	-0.104905046
637798957	-0.247700227
637798958	0.191723144
637798959	-0.94061345
637798960	0.001489193
637798961	-0.087112729
637798962	0.12110878
637798963	-0.186309876
637798964	0.387272592
637798965	-0.077065619
637798966	-0.198863887
637798967	0.139338004
637798968	-0.192490442
637798969	-0.134524492
637798970	-0.023216586
637798971	-0.055397069
637798972	0.036810547
637798973	0.020456885
637798974	0.008139895
637798975	0.159882638
637798976	-0.736851786
637798977	-0.519504699
637798978	0.103614787
637798979	0.284761152
637798980	0.104543079
637798981	0.372013022
637798982	0.096326117
637798983	-0.376914407
637798984	0.126237473
637798985	-0.917316305
637798986	-0.208983656
637798987	0.002589906
637798988	0.029788463
637798989	0.589523439
637798990	-0.035173311
637798991	0.314569197
637798992	-0.310723189
637798993	-0.598073561
637798994	-0.079114099
637798998	-0.254885186
637798999	-0.027155041
637799000	-0.166115469
637799001	0.249355351
637799002	0.408420665
637799003	-0.068223939
637799004	-0.622273315
637799005	0.053006388
637799006	-0.596429916
637799007	0.162194591
637799008	-0.532071803
637799009	-0.222394888
637799010	1.003416326
637799011	0.239015904
637799012	0.006375934
637799013	-0.359492095
637799014	-0.329090129
637799015	-0.358707099
637799016	-0.044843165
637799017	-0.076538435
637799018	-0.273547711
637799019	-0.194956
637799020	-0.000108371
637799021	-0.180710224
637799022	0.031546944
637799023	0.096139902
637799024	0.030396747
637799025	-0.103081558
637799026	-0.132121446
637799027	0.019119251
637799028	0.306570315
637799029	-0.09214456
637799030	-0.158766729
637799031	-0.048187026
637799032	0.294443354
637799033	0.052219897
637799035	-0.230899557
637799036	-0.050246403
637799037	-0.050806802
637799038	-0.148017479
637799039	0.118367683
637799040	-0.051760717
637799041	-0.248064027
637799042	-0.790272124
637799043	0.090221399
637799044	0.072056379
637799045	-0.002115773
637799046	0.428285858
637799047	0.376773091
637799048	0.104037091
637799049	0.12045136
637799050	-0.006243278
637799051	-0.227277783
637799052	0.195057664
637799053	0.063597883
637799054	-0.14998811
637799055	0.142920962
637799056	0.504200222
637799057	-0.24423552
637799058	-0.18158251
637799059	0.588479193
637799060	0.355552622
637799061	0.092763886
637799062	-0.125405335
637799063	0.255679034
637799064	0.266522014
637799065	-0.135762472
637799066	0.002758327
637799067	-0.390082056
637799068	-0.633300921
637799069	-0.282094809
637799070	0.070324957
637799071	-0.17261831
637799072	0.221132944
637799073	0.003117976
637799074	-0.013095006
637799075	-0.052887762
637799076	-0.101971518
637799077	-0.027561764
637799078	0.103589263
637799079	-0.510637961
637799080	-0.081370006
637799081	-0.079942785
637799082	0.131871408
637799083	0.077832232
637799084	0.148423752
637799085	0.225766043
637799086	-0.546418533
637799087	-0.011586444
637799088	-0.253986992
637799089	0.332257297
637799090	0.076982845
637799091	-0.21263913
637799092	-0.129969927
637799093	0.053245294
637799094	-0.159228762
637799095	0.124239314
637799096	-0.155143932
637799097	0.281675257
637799098	-0.193361153
637799099	0.038044052
637799100	0.081146268
637799101	0.129384328
637799102	0.063262785
637799103	-0.013010998
637799104	0.111851149
637799105	0.155830949
637799106	-0.02778912
637799107	-0.336511561
637799108	0.100704974
637799109	0.088122998
637799110	0.109520543
637799111	-0.591368536
637799112	-0.374670612
637799113	-0.066943182
637799114	0.109221334
637799115	0.532852092
637799116	0.35249802
637799117	0.297854951
637799118	-0.236352234
637799119	-0.006318663
637799121	-0.054488915
637799122	-0.641156752
637799123	-0.156150556
637799124	0.065011582
637799125	-0.260021277
637799126	-0.409652475
637799127	-0.158089501
637799128	-1.042187834
637799129	-0.01340222
637799130	0.028385007
637799131	-0.246392356
637799132	0.034378776
637799133	0.122030902
637799134	-0.103591007
637799135	-0.072518397
637799136	-0.20291771
637799137	0.140638132
637799138	-0.096933722
637799139	-0.089584485
637799140	-0.025724152
637799141	0.080318019
637799142	0.05902294
637799143	-0.002978695
637799144	0.200523402
637799146	0.149539608
637799147	0.041689934
637799148	-0.099373847
637799149	-0.106291375
637799150	-0.055138037
637799151	-0.041484358
637799152	0.071924273
637799153	-0.010040846
637799154	0.026210506
637799155	0.049782923
637799157	0.140773587
637799158	0.021623768
637799159	0.052459067
637799160	-0.432048049
637799161	0.247416556
637799162	-0.069801683
637799163	0.071710443
637799164	-0.029016925
637799165	0.157053846
637799166	0.061863477
637799167	0.122191664
637799168	0.096336322
637799169	-0.042461922
637799170	-0.017676302
637799171	-0.225729447
637799172	-0.175880466
637799173	-0.205947251
637799174	-0.390958777
637799175	-0.330935788
637799176	-0.33603097
637799177	-0.375652098
637799178	0.174959911
637799179	0.167718719
637799180	0.199508228
637799181	-0.037823692
637799182	0.045243704
637799184	-0.03721583
637799185	-0.058048021
637799186	0.091845576
637799187	-0.09661748
637799188	0.198361659
637799189	0.063261229
637799190	-0.075535674
637799191	0.05461693
637799192	-0.239256593
637799193	0.174100989
637799194	0.065873451
637799195	-0.004655214
637799196	0.070666049
637799197	0.012624544
637799198	0.057228181
637799199	0.241164589
637799200	-0.03769609
637799201	-0.084929935
637799202	-0.028313935
637799203	-0.339006606
637799204	-0.258567465
637799205	-0.415494656
637799206	-0.079414518
637799207	-0.008295851
637799208	0.196580203
637799209	-0.195277211
637799210	0.291052326
637799211	-0.103760394
637799212	0.350759376
637799213	0.592078361
637799214	0.168106287
637799215	0.293983712
637799216	-0.059255415
637799217	-0.100090906
637799218	0.174659389
637799220	0.033078363
637799221	0.21482559
637799222	0.039542579
637799223	-0.042107946
637799224	0.212992136
637799225	-0.128077546
637799226	-0.068297368
637799227	0.080276066
637799228	-0.069981881
637799229	-0.302365884
637799230	-0.083085976
637799231	0.217287995
637799232	0.18507469
637799233	-0.118644775
637799234	0.245220567
637799235	0.014728246
637799236	0.066388497
637799237	0.035392488
637799238	0.135733332
637799239	-0.095421175
637799240	-0.067069414
637799241	-0.037171992
637799242	-0.083581755
637799243	-0.074673321
637799244	0.318108873
637799245	0.337585768
637799246	0.164179159
637799247	0.156693992
637799248	0.124397453
637799249	-0.053289594
637799250	1.417353318
637799251	-0.065909709
637799252	0.190676831
637799253	-0.067784601
637799254	-0.19653911
637799255	-0.307919378
637799256	-0.080470736
637799257	0.040212743
637799258	0.07135264
637799259	-0.27498082
637799260	-0.307123454
637799261	-0.149516194
637799262	-0.188630022
637799263	-0.587058842
637799264	-0.176861198
637799265	-0.139614065
637799266	-0.229577443
637799267	-0.068204815
637799268	-0.068807722
637799270	-0.026867483
637799271	-2.13640532
637799272	-2.031000983
637799273	-1.722198507
637799274	-1.338386722
637799275	-1.229378623
637799276	-0.861195801
637799277	0.151290451
637799278	0.407956406
637799279	0.202321423
637799280	-0.106255262
637799281	0.348495974
637799282	-0.369590551
637799283	0.096061521
637799284	-0.078158549
637799285	-0.242993582
637799286	-0.016426007
637799287	-0.283129505
637799288	-0.065143443
637799289	-0.192951744
637799290	-0.143028789
637799291	-0.031577595
637799292	0.155373455
637799293	0.24257854
637799294	-0.111663568
637799295	-0.208655318
637799296	-0.210611339
637799297	-0.138222504
637799298	0.064101625
637799299	0.238273927
637799300	0.179571335
637799301	-0.237665216
637799302	0.158866
637799303	0.353968486
637799304	-0.045230323
637799305	-0.131047807
637799307	-0.114601273
637799308	0.228001779
637799309	-0.271818036
637799310	-0.163039162
637799311	0.195858926
637799312	0.07622847
637799313	0.090392529
637799314	-0.040782269
637799315	-0.028361546
637799316	0.171433878
637799317	-0.078175706
637799318	-0.347944718
637799319	-0.154767418
637799320	-0.125296939
637799321	-0.009646107
637799322	-2.849712825
637799323	-1.88517131
637799324	-0.368182971
637799325	-0.702246963
637799326	-0.120346551
637799327	-0.254422508
637799328	-0.209819318
637799329	-0.176784534
637799330	0.060953223
637799331	0.065401974
637799332	-0.100200313
637799333	0.159372921
637799334	-0.440693833
637799335	-0.301457393
637799336	-0.18580709
637799337	-0.681154674
637799338	-0.142965981
637799339	0.01682482
637799340	0.254550516
637799341	0.100466488
637799343	0.200161658
637799344	-0.251792431
637799345	-0.07358761
637799346	-0.409570308
637799347	-0.215830328
637799348	-0.204781245
637799349	-0.140861312
637799350	0.075129569
637799351	0.018070361
637799352	0.084247836
637799353	-0.183886224
637799354	-0.125155907
637799355	-0.11692108
637799356	0.087155733
637799357	-0.056091235
637799358	-0.240054513
637799359	-0.381423555
637799360	0.121802844
637799361	-0.149768181
637799362	0.044401256
637799363	-0.262523476
637799364	-0.142175464
637799366	0.262077087
637799367	0.229148304
637799368	0.281417312
637799369	0.425375373
637799370	0.005195949
637799371	-0.241889319
637799372	-0.098985471
637799373	0.095797278
637799374	-0.095036768
637799375	-0.10309322
637799376	0.102550911
637799377	0.015010439
637799378	0.16615366
637799379	0.039775897
637799380	-0.169738362
637799381	0.135858744
637799382	0.038675838
637799383	-0.348419589
637799384	-0.179447275
637799385	0.00344724
637799386	0.062127903
637799387	-0.487941871
637799388	0.13438427
637799389	-0.055435115
637799390	-0.263203752
637799391	0.007660184
637799392	0.090918715
637799393	-0.495294613
637799394	0.063334979
637799395	0.047604065
637799396	0.244758425
637799397	0.116123339
637799398	0.014417355
637799399	0.037398639
637799400	-0.161635808
637799401	-0.083383754
637799402	0.114130971
637799403	-0.167941913
637799404	-0.016355879
637799405	-0.091437855
637799406	0.028776973
637799407	-0.126610449
637799408	0.298950707
637799409	-0.088443704
637799410	-0.040663536
637799411	0.208926384
637799412	-0.045446842
637799413	-0.007948592
637799414	-0.257704002
637799415	-0.114262372
637799416	-0.020985861
637799417	0.187352065
637799418	-0.20818906
637799419	-0.036385719
637799420	-0.07588612
637799422	0.242586855
637799423	0.023494752
637799424	-0.081560172
637799425	0.012376058
637799426	-0.495078532
637799427	-0.218664326
637799428	-0.178129603
637799429	0.06665337
637799430	0.117593284
637799431	0.077758097
637799432	-0.229224824
637799433	-0.272526859
637799434	-0.563595213
637799435	-0.411949999
637799436	-0.471327335
637799437	0.136636484
637799438	-0.059051539
637799439	0.166370567
637799440	0.090935693
637799441	0.118601484
637799442	0.005803143
637799443	-0.053926311
637799444	0.12062289
637799445	-0.043580683
637799448	-0.23921677
637799449	-0.347295157
637799450	0.04849313
637799451	0.00315059
637799452	0.082301162
637799453	-0.525636743
637799454	0.318716214
637799455	0.326961503
637799456	0.283656293
637799457	-0.159770329
637799458	0.160129554
637799459	0.083602664
637799460	0.099653933
637799461	-0.163685731
637799462	0.439336993
637799463	0.081219908
637799464	-1.393089828
637799465	-0.089038519
637799466	0.288910625
637799467	0.06221159
637799468	-0.147657217
637799469	0
637799470	0
637799471	0.277828268
637799472	0.162466942
637799473	0.24230455
637799474	-0.182641563
637799475	-0.370516202
637799476	-0.287868743
637799477	-0.167531397
637799478	0.08064643
637799479	0.267613479
637799480	0.141440107
637799481	0.051868316
637799482	0.038043066
637799483	-0.070578236
637799484	-0.173356193
637799485	-0.261287795
637799486	0.225386898
637799489	0.058137767
637799490	-0.121079037
637799491	0.009792521
637799492	-0.028885463
637799493	-0.082822622
637799494	0.130507781
637799495	0.085917055
637799497	0.151803159
637799498	0.049341141
637799499	0.281356633
637799500	-0.098637988
637799501	0.206993681
637799502	-0.056250525
637799503	-0.002974396
637799504	0.202913796
637799505	-0.097580862
637799506	-0.300588403
637799508	-0.128673476
637799509	-0.041244768
637799510	-0.076742815
637799511	0.037671842
637799512	-0.249953043
637799513	-0.05486222
637799514	-0.013264705
637799515	0.166901663
637799516	0.037649817
637799517	-1.106315441
637799518	0.090001277
637799519	0.210020296
637799520	0.664807357
637799521	0.411712116
637799522	0.484011019
637799523	-0.019580176
637799524	-0.076820767
637799525	0.007180658
637799526	-0.114087227
637799527	-0.040880951
637799528	0.142659622
637799529	-0.136391505
637799530	-0.049774162
637799531	-0.064454359
637799532	0.053851626
637799533	-0.343547784
637799534	0.209390513
637799535	-0.034055791
637799536	-0.279381
637799537	0.169149672
637799538	0.12581186
637799539	-0.052107585
637799540	-0.068608942
637799541	-0.044450717
637799542	0.215268699
637799543	-0.900574276
637799544	-0.084568008
637799545	0.017168709
637799546	-0.112669692
637799547	-0.086648634
637799548	0.214555775
637799549	0.061894276
637799550	0.209713859
637799551	-0.796022897
637799552	-0.042345895
637799553	-0.054319938
637799554	0.009187338
637799555	-0.139277579
637799556	-0.149467083
637799557	0.099742752
637799558	-0.05853783
637799559	-0.086937264
637799560	-0.161198902
637799561	-0.731138469
637799562	0.066809295
637799563	-0.145886796
637799564	-0.15576844
637799565	0.043731695
637799566	-0.00047555
637799567	-0.504292612
637799568	-0.105283073
637799569	-0.548776734
637799570	-0.288320458
637799571	0.104437302
637799572	0.060114468
637799573	0.143495505
637799574	0.075401492
637799575	-0.477305634
637799576	0.433917792
637799577	-0.048779896
637799578	-0.06139878
637799579	0.082281686
637799580	-0.039607684
637799581	0.012199941
637799582	0.70627044
637799583	0.82208531
637799584	-0.578457311
637799585	-0.070465952
637799586	0.002794023
637799587	-0.09449394
637799588	0.044927338
637799589	0.057936092
637799590	0.577674689
637799591	0.181660427
637799592	0.047957815
637799594	-0.197029304
637799595	0.080239195
637799596	0.070239254
637799597	0.133428451
637799598	0.127493461
637799599	0.026499591
637799600	0.10384482
637799601	-0.423405333
637799602	-0.257472724
637799603	-0.261219406
637799604	-0.35244202
637799605	0.2366905
637799606	0.282973948
637799607	0.013366278
637799608	0.101411239
637799609	-0.088199726
637799610	-0.056226315
637799611	-0.082355914
637799612	-0.702186986
637799613	0.138364452
637799614	-0.255140525
637799615	-0.222244732
637799616	-0.154250936
637799617	0.186219136
637799618	-0.147752208
637799619	-0.171443373
637799620	0.111734862
637799621	-0.071074308
637799622	0.36121731
637799623	-0.186976494
637799624	0.243857599
637799625	0.018821459
637799626	-0.061761053
637799627	0.011491989
637799628	-0.066710058
637799629	0.135970939
637799630	-0.277680074
637799631	-0.034064234
637799632	0.017784066
637799634	-0.141064783
637799635	-0.009782172
637799636	-0.213588402
637799637	0.225653426
637799638	0.141990335
637799639	0.152222888
637799640	0.176455905
637799641	-0.004972013
637799643	0.238199154
637799644	0.02860112
637799645	0.739500791
637799646	0.574994192
637799647	-0.354069201
637799648	0.180414737
637799649	0.037245168
637799650	-0.239026219
637799651	-0.058795357
637799652	0.015097406
637799653	0.088766944
637799654	-0.585692986
637799655	0.199424692
637799656	0.442435069
637799657	-0.39002186
637799658	0.094563101
637799659	0.082382844
637799660	-0.348289582
637799661	-0.113653826
637799662	-0.024158478
637799663	0.299622554
637799664	0.084641533
637799665	-0.769723075
637799666	-0.922943981
637799667	-1.193984719
637799668	-0.42520146
637799669	-0.412165963
637799670	-0.142436726
637799671	0.048722668
637799672	-0.341057884
637799673	-0.24835533
637799674	-0.067526906
637799675	-0.010864342
637799676	0.059835547
637799677	0.055520597
637799678	-0.309044382
637799679	-0.008504618
637799680	0.029518128
637799681	-0.137984634
637799682	0.115565593
637799683	-0.724909544
637799684	0.025551924
637799685	0.126417824
637799687	-0.101361208
637799688	0.127460435
637799689	-0.299890722
637799690	0.059477281
637799691	0.055309543
637799692	0.098969398
637799693	0.061476577
637799694	-0.097726793
637799695	-0.031444788
637799696	-0.062067901
637799697	-0.264150021
637799698	0.114971771
637799699	-0.149351492
637799700	-0.6123403
637799701	-0.215219138
637799702	-0.020774236
637799703	-0.349950992
637799704	-0.315698889
637799705	-0.372439419
637799706	0.008164972
637799707	0.01490327
637799708	0.08482729
637799709	-0.231008028
637799710	0.249621479
637799711	-0.185281969
637799712	0.051891591
637799713	-0.199998937
637799714	-0.224102871
637799715	-0.054316253
637799716	0.139407964
637799717	-0.870866121
637799718	-0.085312989
637799719	-0.04377198
637799720	0.373307672
637799721	0.152423837
637799722	0.080491857
637799723	-0.097001575
637799724	-0.231352129
637799725	0.357644032
637799726	0.155652905
637799727	0.216890621
637799728	-0.119471135
637799729	0.052362953
637799730	0.154499204
637799731	0.211752273
637799732	0.057885303
637799733	-0.228648525
637799734	-0.393839421
637799735	0.028768645
637799737	-0.073044637
637799738	0.030201698
637799739	0.013546179
637799740	0.106472762
637799741	-0.007139644
637799742	0.026880878
637799743	-0.02249573
637799744	0.039904807
637799745	-0.113761928
637799746	0.136600775
637799747	-0.010143536
637799748	-0.185306083
637799749	0.109937791
637799750	0.040706029
637799751	-0.013111463
637799752	-0.031720389
637799753	-0.144661036
637799754	-0.120080916
637799755	0.161599889
637799756	0.044115843
637799757	0.204044658
637799758	0.440574733
637799759	0.033130419
637799760	0.024606816
637799761	0.081708092
637799762	0.083028128
637799763	0.0201002
637799764	0.217709656
637799765	0.243606716
637799766	-0.020067632
637799767	0.321222834
637799768	0.109337614
637799769	-0.644578008
637799770	-0.634268071
637799771	-0.026376164
637799772	-0.273851706
637799773	-0.089295912
637799774	-0.177337226
637799775	-0.168675742
637799776	-0.120913699
637799777	-0.474976377
637799778	0.135332133
637799779	-0.106468498
637799780	-0.079688902
637799781	-0.215454912
637799782	-0.28896542
637799783	-0.433065468
637799784	-0.143916406
637799785	0.517906545
637799786	-0.194699501
637799787	-0.307159144
637799788	-0.254201893
637799789	0.244658745
637799790	0.011993751
637799791	-0.065320241
637799793	-0.365303379
637799794	-0.071399941
637799795	-0.51086215
637799796	-0.010780227
637799797	-0.1497059
637799798	0.09903112
637799799	-0.06551519
637799800	-0.436632078
637799801	-0.08145568
637799802	-0.41712431
637799803	-0.195952517
637799804	-0.028257742
637799805	0.026649284
637799806	0.052357854
637799807	-0.096870541
637799808	-0.502983943
637799809	-0.106615434
637799810	-0.230990074
637799811	0.135493952
637799812	0.032850727
637799813	-0.116140892
637799814	0.047728178
637799815	-0.042396851
637799816	0.092561246
637799817	0.036499875
637799818	-0.015444975
637799819	0.166548672
637799820	0.01965222
637799821	0.119448067
637799822	-0.117073168
637799823	0.232662586
637799824	-0.061391025
637799825	0.236197276
637799826	0.006668999
637799827	0.053863731
637799828	0.222128298
637799829	0.046352615
637799830	-0.115045931
637799831	0.026260375
637799832	-0.021877472
637799833	0.029002381
637799834	0.27990888
637799835	0.062132376
637799836	0.105923304
637799837	-0.18482293
637799838	-0.259698271
637799839	-0.773182726
637799840	-0.378890999
637799841	-0.046258231
637799842	-0.288308963
637799843	0.326986248
637799844	0.131207389
637799845	-0.030187729
637799846	-0.1588958
637799847	-0.061344263
637799848	0.294343315
637799849	0.29896971
637799850	-0.071398277
637799851	0.413099885
637799852	0.588830046
637799853	-0.78218062
637799854	-0.606406625
637799855	-0.218270263
637799856	-0.840613578
637799857	-0.21026668
637799858	-0.032747131
637799859	0.088903758
637799860	0.108395093
637799861	-0.071822543
637799862	-0.140111354
637799863	0.434340732
637799864	0.042115074
637799865	-0.145807492
637799866	-0.305092604
637799867	-0.054677848
637799868	-0.213988783
637799869	0.002527893
637799870	0.161298516
637799871	0.303497987
637799872	-0.045554096
637799873	0.059845634
637799874	-0.04680107
637799875	0.447080334
637799876	0.155263043
637799877	0.239983634
637799878	-0.074603254
637799879	-0.316277627
637799880	0.11295209
637799881	0.087206576
637799882	-0.206964277
637799883	0.011503071
637799884	0.029380304
637799885	-0.252077686
637799886	-0.263445483
637799887	0.094175995
637799888	0.000607944
637799889	0.018742797
637799890	-0.124408615
637799891	0.074245679
637799892	-0.129870474
637799893	-0.190694028
637799894	-0.39681702
637799895	-0.583424236
637799896	-0.200777729
637799897	-0.074377307
637799898	-0.118737244
637799899	0.2245467
637799900	-0.197698138
637799901	-0.25413426
637799902	-0.079424206
637799903	-0.047641885
637799904	-0.194067898
637799905	-0.116062869
637799906	-0.105662369
637799907	-0.879285886
637799908	-0.258309631
637799909	-0.051016304
637799910	-0.042666716
637799911	-0.226136296
637799912	-0.119054778
637799913	-0.208018074
637799914	0.12643351
637799915	-0.090665583
637799916	-0.231610268
637799917	-0.175607829
637799918	-0.236965225
637799919	0.067578856
637799921	-0.060460969
637799922	-0.107342327
637799923	0.063189711
637799924	-0.05796053
637799925	-0.343557482
637799926	-0.140922023
637799927	0.183352212
637799928	0.0297677
637799929	0.350387729
637799930	0.167423958
637799931	0.081044888
637799932	0.731833278
637799933	0.284911013
637799934	0.25957284
637799935	-0.075044114
637799936	-0.024454938
637799937	0.311528859
637799938	-0.029988731
637799939	0.053705258
637799940	-0.04400052
637799941	-0.379602336
637799942	0.115353221
637799943	0.031246942
637799944	0.013013819
637799945	-0.011892377
637799946	-0.2503257
637799947	-0.108584594
637799948	-0.171761123
637799949	0.16395131
637799950	-0.010225686
637799951	0.024014166
637799952	0.101200241
637799953	0.091221448
637799954	0.285025864
637799955	0.080375717
637799956	0.040209858
637799957	0.167247003
637799958	-0.078214962
637799959	0.162648073
637799960	0.050894061
637799961	0.26985464
637799962	-0.076158212
637799963	-0.000616519
637799964	0.076694034
637799965	-0.304000641
637799966	-0.037863976
637799967	-0.471265718
637799968	-0.332264892
637799969	0.03595177
637799970	0.002763531
637799971	0.023863546
637799972	-0.906085527
637799973	-0.985660735
637799974	-0.583997209
637799975	-0.375964367
637799976	-0.211521806
637799977	-0.000217983
637799978	0.014218389
637799979	-0.080045936
637799980	0.015237385
637799981	-0.614877602
637799982	-0.018406274
637799983	0.124817468
637799984	-0.06381033
637799985	0.124937646
637799986	0.00311549
637799987	-0.072489769
637799988	-0.08144292
637799989	0.713883102
637799990	-0.465490938
637799991	0.064491459
637799992	0.085190838
637799993	0.231006814
637799994	-0.094523804
637799995	-0.056213824
637799996	-0.047079553
637799997	-0.3010481
637799998	-0.062187951
637799999	0.186006129
637800000	0.180558472
637800001	0.574100491
637800002	-0.701314985
637800003	-0.925255667
637800004	-0.025793635
637800005	0.53020527
637800006	0.461220918
637800007	0.534183342
637800008	0.243491694
637800009	-0.015099453
637800010	0.125352518
637800011	0.167719571
637800012	0.117714889
637800013	0.179286776
637800014	-0.071421765
637800015	-0.246649585
637800016	-0.297715694
637800017	0.236635427
637800018	0.033549385
637800019	-0.071217629
637800020	-0.588803394
637800021	-0.202365191
637800022	0.011065109
637800023	0.124933696
637800024	0.087942519
637800025	0.192295582
637800026	-0.108895719
637800027	-0.077747822
637800028	-0.047568023
637800029	0.013591089
637800030	0.019659978
637800031	-0.208045583
637800032	-0.236272691
637800033	0.022545215
637800034	-0.019496904
637800035	0.230301504
637800037	-0.309160704
637800038	-0.313876351
637800039	0.224034919
637800040	-0.318773675
637800041	-0.027185555
637800042	-0.143094604
637800043	-0.051583669
637800044	0.655679684
637800045	1.030019083
637800046	1.272141401
637800047	-0.350892234
637800048	-0.168935212
637800049	0.126246079
637800052	-0.318953183
637800053	-0.113762025
637800054	0.065405906
637800055	0.180704443
637800056	0.129000466
637800057	-0.959955808
637800058	0.182040541
637800059	-0.116205648
637800060	0.068928329
637800061	0.062887519
637800062	-0.124867471
637800063	-0.183496218
637800064	-0.428953537
637800065	0.185414022
637800066	-0.504363373
637800067	-0.098972039
637800068	-0.037055383
637800070	-0.696659975
637800071	-0.875767277
637800072	-0.862538986
637800073	-0.016092284
637800074	-0.535509377
637800075	-0.014437546
637800076	0.210047348
637800077	0.022711603
637800078	-0.290852794
637800079	-0.067195665
637800080	0.014587107
637800081	0.264695156
637800082	0.170498302
637800083	0.27829956
637800084	0.25799029
637800085	0.125329701
637800086	0.188943753
637800087	-0.018621745
637800088	-0.175001048
637800089	-0.00973793
637800090	0.397466941
637800091	0.211660877
637800092	-0.119513754
637800093	-0.134229392
637800094	-0.240153944
637800095	-0.244090533
637800096	-0.160747828
637800097	-0.044010753
637800098	1.014595059
637800099	0.049329776
637800101	-0.252262681
637800102	-0.055499357
637800103	0.051610182
637800104	0.048497883
637800105	0.092435466
637800106	0.209540231
637800107	0.462240635
637800108	0.260522152
637800109	0.16432697
637800110	-0.198443754
637800111	0.003074121
637800112	-0.206843259
637800113	0.132393512
637800114	-0.083969364
637800115	0.413525833
637800116	0.099053077
637800117	-0.07150378
637800118	0.040220926
637800119	0.212371008
637800120	-0.141713503
637800121	-0.021266267
637800122	-0.112634609
637800123	-0.191128078
637800124	0.092385526
637800125	0.056447165
637800126	0.072037352
637800127	0.260578168
637800128	0.010799158
637800129	-0.187139804
637800130	0.025043055
637800131	-0.102216651
637800132	-0.047188793
637800133	-0.498698338
637800134	0.395487221
637800135	0.153199963
637800136	0.093634893
637800137	-0.039480355
637800138	-0.272324311
637800139	0.262910102
637800140	0.109617119
637800141	-0.045776159
637800142	0.005631026
637800143	-0.188772585
637800144	-0.2178824
637800145	-0.378671627
637800146	0.064146738
637800147	0.119935135
637800148	-0.31844131
637800149	0.037037163
637800150	-0.018130422
637800151	-0.118224238
637800152	-0.104458387
637800153	0.023206406
637800154	0.117379752
637800156	-0.065110303
637800157	-0.1629385
637800158	-0.255572231
637800159	-0.147595565
637800160	-0.259756582
637800161	0.084783804
637800162	0.112017912
637800163	-0.179698886
637800164	0.026069599
637800165	-0.083556392
637800166	-0.201038679
637800167	-0.000678412
637800168	0.206322629
637800169	0.007382428
637800170	0.032125882
637800171	0.058931254
637800172	-0.251063142
637800173	-0.074244904
637800174	-0.247591134
637800175	-0.156125351
637800176	-0.115149138
637800177	0.141050879
637800178	0.109082111
637800179	-0.229324224
637800180	-0.300417588
637800181	-0.029567287
637800182	-0.096320087
637800183	0.068353316
637800184	-0.129409159
637800185	-0.156015274
637800186	0.134435517
637800187	0.224332093
637800188	-0.151820159
637800189	-0.154545105
637800190	0.047527311
637800191	0.005698479
637800192	0.278543729
637800194	0.124519095
637800195	0.218955793
637800197	0.523594912
637800198	0.969470869
637800199	0.32293733
637800200	0.016505844
637800201	-0.24115296
637800202	-0.743716469
637800203	-0.542989496
637800204	-0.086022632
637800205	0.07121357
637800206	-0.047625373
637800207	-0.421242167
637800208	-0.239850719
637800209	0.379106632
637800210	0.275156017
637800211	-0.06178939
637800212	0.060903771
637800213	0.242984122
637800214	-0.128685573
637800215	-0.182583347
637800216	0.092434327
637800217	0.306391439
637800218	0.371788049
637800219	-0.180578935
637800220	0.097645875
637800221	-0.495265658
637800222	0.170244065
637800223	-0.037888099
637800224	0.271141774
637800225	0.719588137
637800226	0.019260022
637800227	0.005322357
637800228	0.069049369
637800229	-0.483809554
637800230	-0.056051786
637800231	0.08089722
637800232	-0.05025397
637800233	-0.371667636
637800234	-0.258706906
637800235	0.033074468
637800236	-0.096710866
637800237	-0.155703723
637800238	-0.374544936
637800239	-0.070037866
637800240	-0.029663288
637800241	-0.095371478
637800242	0.253918256
637800243	-0.136904986
637800244	-0.123621862
637800245	0.280940081
637800246	0.034050314
637800247	-0.024532303
637800248	0.081371197
637800249	0.023286465
637800250	0.115048514
637800251	0.197090462
637800252	-0.542853809
637800253	-0.560449244
637800254	-0.153018154
637800255	0.10045971
637800256	0.036431885
637800257	-0.116201718
637800258	-0.594988845
637800259	-0.840226991
637800260	0.045617131
637800261	0.321199091
637800262	-0.171023249
637800263	-0.087898261
637800264	-0.030853663
637800265	0.133063869
637800266	-0.172417543
637800267	-0.158691225
637800268	-0.71609165
637800269	-0.381842918
637800270	0.024534068
637800271	0.395966283
637800272	-0.082007548
637800273	-1.015545453
637800274	-0.121859073
637800275	-0.199109762
637800276	-0.206088527
637800277	-0.189689889
637800278	-0.12784883
637800279	0.536217635
637800280	0.049772416
637800281	0.06105223
637800282	-0.019257089
637800283	-0.004305319
637800284	0.047847248
637800285	0.262905221
637800286	0.305782574
637800287	-0.04233579
637800288	0.208796539
637800289	0.134281333
637800290	0.867392627
637800291	-0.532472455
637800292	-0.272937054
637800293	-0.228084947
637800294	-0.190981249
637800295	-0.186287966
637800296	0.011761611
637800297	0.075842742
637800298	-0.10540571
637800299	-0.420105297
637800300	0.086254023
637800301	0.037454462
637800302	-0.172724145
637800303	-0.417427457
637800304	-0.191475007
637800305	-0.281802209
637800306	0.450624396
637800307	-0.343610265
637800308	-0.138341734
637800309	-0.092974156
637800310	0.081652972
637800311	0.151922994
637800312	0.298684351
637800313	0.061607579
637800314	-0.023250138
637800315	-0.058706953
637800316	-0.180928511
637800317	-0.779515298
637800318	-0.15775538
637800319	-0.028915143
637800320	-0.045179217
637800321	-0.436383824
637800322	0.015642656
637800323	-0.624154483
637800324	-0.095912871
637800325	0.045335571
637800326	-0.327578994
637800327	0.091224589
637800328	0.088001391
637800329	-0.202444274
637800330	-1.121727826
637800331	-0.845977255
637800332	-0.466750764
637800333	-0.240263689
637800334	0.301752397
637800335	-0.45396026
637800336	-0.537497652
637800337	0.195830618
637800338	0.074918294
637800339	0.058925149
637800340	-0.109339461
637800341	0.044444605
637800342	-0.004585745
637800343	-0.097230263
637800344	-0.293486353
637800345	-0.464396882
637800346	-0.394899087
637800347	-0.36557992
637800348	-0.485811576
637800349	-0.271718444
637800350	0.025615966
637800351	0.023257812
637800352	-0.031795532
637800353	0.144256557
637800354	-0.55859112
637800355	-0.678931187
637800356	0.079252308
637800357	-0.140272124
637800358	-0.26061087
637800359	-0.029342252
637800360	-0.038730357
637800361	-0.121635873
637800362	-0.004467237
637800363	-0.01996357
637800364	0.152749572
637800365	-0.31273387
637800366	-0.111254647
637800367	-0.094143371
637800368	-0.205879755
637800369	0.023862323
637800370	-0.209145636
637800371	0.047493677
637800372	-0.011487133
637800373	0.202280044
637800374	-0.35276446
637800375	-0.155645844
637800376	-0.189725288
637800377	-0.101188184
637800378	-0.192996322
637800379	0.219101041
637800380	-0.059462569
637800381	-0.114337798
637800382	-0.028667401
637800383	-0.015233454
637800384	-0.254485276
637800385	0.036717659
637800386	-0.105434853
637800387	-0.151028681
637800389	-0.07110291
637800390	0.149340294
637800391	-0.130096193
637800392	0.498217964
637800393	0.232669644
637800394	-0.060584893
637800395	0.067935823
637800396	0.060534583
637800397	0.133092774
637800398	-0.106638495
637800399	-0.012700206
637800400	-0.036453519
637800401	0.142081619
637800402	-0.064120108
637800403	0.782519224
637800404	-0.067028023
637800405	-0.02699148
637800406	0.16848404
637800407	-0.027858949
637800408	-0.075637105
637800411	-0.093879743
637800412	-0.060868589
637800413	-0.070304522
637800414	-0.067200284
637800415	0.079845339
637800416	0.210119267
637800417	-0.061536483
637800418	-0.390270096
637800419	-0.237077784
637800420	-0.158600542
637800421	0.128858386
637800422	0.027067637
637800423	-0.412563271
637800424	-0.219067371
637800425	0.046109259
637800426	-0.09631217
637800427	-0.265435987
637800428	-0.058935772
637800429	-0.02259312
637800430	0.152027675
637800431	-0.283950036
637800432	0.240390835
637800433	-0.217807237
637800434	-0.068908189
637800435	-0.068287457
637800436	0.104215824
637800437	0.269752995
637800438	-0.240940837
637800439	-0.083830404
637800440	0.297175971
637800441	-0.312073487
637800442	-0.02530797
637800443	-0.254083792
637800444	-0.244434852
637800445	-0.089706089
637800446	-0.026263763
637800447	0.112046877
637800448	0.109380816
637800449	-0.252979389
637800450	-0.182137413
637800451	0.001127893
637800452	-0.116675125
637800453	0.055636939
637800454	-0.025097641
637800455	-0.324475652
637800456	0.058045346
637800457	-0.7908763
637800458	0.161795002
637800459	0.04717933
637800460	-0.104617944
637800461	-0.287709297
637800462	-0.162978813
637800463	0.135296137
637800464	0.080957961
637800465	-0.003953188
637800466	0.173731369
637800467	0.181719113
637800468	0.27570714
637800469	0.013120805
637800470	0.003750549
637800471	-0.309996589
637800472	-0.117356044
637800473	-0.074972689
637800474	0.226212573
637800475	-0.188921584
637800476	-0.016236427
637800477	-0.208209558
637800478	-0.605914928
637800479	-0.371354934
637800480	-0.234545034
637800481	-0.262410775
637800482	-0.239382229
637800483	-0.334684968
637800484	-0.116979926
637800485	-0.047635426
637800486	-0.041125434
637800487	0.08026882
637800488	-0.074908369
637800489	-0.192611394
637800490	-0.201975693
637800491	-0.104343921
637800492	-0.089309025
637800493	-0.004356146
637800494	-0.18361026
637800495	0.330611122
637800496	-0.013789083
637800497	-0.35780978
637800498	0.345041677
637800499	0.059100761
637800500	0.122711447
637800501	-0.73373319
637800502	-0.100668231
637800503	-0.09680465
637800504	-1.380891892
637800505	-0.193237021
637800506	-0.620494287
637800507	0.22488105
637800508	-0.119121933
637800509	-0.142431602
637800510	-0.121593396
637800511	0.169037432
637800512	0.116290383
637800513	-0.261204607
637800514	-0.347154511
637800515	-0.280353015
637800516	-0.23545866
637800517	-0.463127354
637800518	-0.244272127
637800519	0.002743338
637800520	0.104481577
637800521	0.075972972
637800522	-0.03528441
637800523	0.368431526
637800524	0.251575503
637800525	0.331730001
637800526	-0.207413753
637800527	1.114499245
637800528	0.228560436
637800529	0.034658367
637800530	-0.010029417
637800531	-0.05902694
637800532	0.063363941
637800533	0.235464984
637800534	-0.170373897
637800535	-0.097744587
637800536	-0.117232827
637800537	-0.14917215
637800538	-0.066040061
637800539	0.077847965
637800540	-0.058887404
637800541	-0.005813634
637800542	-0.139123907
637800543	-0.113229946
637800544	-0.2047852
637800545	-0.105259738
637800546	0.094888437
637800547	-0.216907122
637800548	0.126809467
637800549	-0.576261855
637800550	-0.517656467
637800551	-0.669639467
637800552	-1.119770233
637800553	0.005829683
637800554	0.334670571
637800555	0.122051417
637800556	-0.073728455
637800557	0.183455378
637800558	0.128440246
637800559	-0.036626909
637800560	-0.0936619
637800561	0.088219215
637800562	0.054374636
637800563	-0.193579961
637800564	-0.22916521
637800565	-0.03943689
637800566	-0.26169623
637800567	-0.200676083
637800568	-0.069335609
637800569	0.136528445
637800570	0.147827447
637800571	-0.097754018
637800572	-0.118120694
637800573	-0.195622913
637800574	0.006344677
637800575	-0.033290503
637800576	-0.233192799
637800577	-0.295545931
637800578	0.129227222
637800579	-0.078146692
637800580	-0.191413578
637800581	0.110808193
637800582	-0.618126888
637800583	-0.672418525
637800584	-0.153781471
637800585	0.01810619
637800586	-0.497921757
637800587	-0.131114684
637800588	0.11974758
637800589	-0.113848695
637800590	-0.03120339
637800591	-0.005226336
637800592	-0.012400167
637800593	0.091548674
637800594	0.03400852
637800595	0.060319226
637800596	-0.497289839
637800597	-0.886215862
637800598	0.034942579
637800599	-0.109965398
637800600	-0.205160207
637800601	-0.119072993
637800602	-0.057448083
637800603	-0.261973427
637800604	0.013921412
637800605	-0.47947726
637800606	-0.414613028
637800607	0.344581533
637800608	-0.647516569
637800609	-0.012112076
637800610	0.154919014
637800611	-0.054246715
637800612	-0.178591326
637800613	-0.140113497
637800614	-0.153222682
637800615	-0.188204071
637800616	-0.442412083
637800617	-0.40075542
637800618	-0.407832117
637800619	0.416212499
637800620	0.280956401
637800621	0.247048974
637800622	0.085192584
637800623	-0.302317107
637800624	0.220818127
637800625	-0.023314998
637800626	-0.051362521
637800627	0.178806523
637800628	-0.007366165
637800629	-0.051455227
637800630	0.33405381
637800631	-0.303718601
637800632	0.139177866
637800633	-0.468645952
637800634	0.00413079
637800635	0.211761952
637800636	0.010460832
637800637	0.353307138
637800638	0.068184192
637800639	-0.146830507
637800640	0.006616238
637800641	-0.074524202
637800642	-0.138542455
637800643	0.105056704
637800644	0.240728078
637800645	0.247237064
637800646	-0.083204671
637800647	-0.273146808
637800648	0.362887968
637800650	-0.107894218
637800651	0.171968131
637800652	0.30017152
637800653	0.273986284
637800654	0.219916998
637800655	0.159258331
637800657	0.223760972
637800658	0.267982095
637800659	0.120735334
637800660	0.013156175
637800661	-0.158998154
637800662	0.166873053
637800663	0.214169476
637800664	0.103760993
637800665	0.293032735
637800666	0.408522566
637800667	0.272370168
637800668	0.328052884
637800669	0.270631594
637800670	0.164404547
637800671	0.142511556
637800672	0.296592042
637800673	0.211000667
637800674	0.230524461
637800675	0.169916321
637800676	0.130058456
637800677	0.020933753
637800678	0.182685281
637800679	0.202571231
637800680	0.051041377
637800681	-0.196926487
637800682	-0.002075305
637800683	0.083887999
637800684	-0.043801539
637800685	0.518588774
637800686	-0.14640866
637800687	-0.16507011
637800688	0.094215159
637800689	-0.149031161
637800690	-0.145908042
637800691	-0.40839365
637800692	-0.296001541
637800693	0.019567407
637800694	0.238102272
637800695	0.307256981
637800696	-0.412779959
637800697	0.159432445
637800698	-0.225139061
637800699	0.079818629
637800700	0.407922993
637800701	0.604104247
637800702	-0.213134524
637800703	0.018089468
637800704	-0.13014016
637800705	-0.076470105
637800706	0.043741753
637800707	0.116767248
637800708	-0.026740342
637800709	0.016072634
637800710	0.278391474
637800711	0.162780971
637800712	0.062398669
637800713	0.040316569
637800714	1.03457202
637800715	-0.423707129
637800716	0.050408847
637800717	0.147889874
637800718	-0.083587977
637800719	0.091675635
637800720	-0.028821089
637800721	0.096838688
637800722	-0.062841363
637800723	-0.031894051
637800724	-0.013283274
637800725	-0.095479831
637800726	0.519778446
637800727	0.006958042
637800728	-0.231108123
637800729	-0.07229499
637800730	0.000885803
637800731	0.042866673
637800732	-0.716642683
637800733	0.14483553
637800734	0.040489456
637800735	0.349803118
637800736	0.291238898
637800737	-0.147573318
637800738	-0.102035032
637800740	-0.058892774
637800741	-0.270254698
637800742	-0.081965208
637800743	0.000480863
637800744	0.181828742
637800745	0.255118399
637800746	0.164364683
637800747	0.249552708
637800748	-0.050260673
637800749	0.008897097
637800750	0.015544122
637800751	-0.103732032
637800752	-0.085043007
637800753	0.013429944
637800754	0.434307286
637800755	0.596049967
637800756	0.510642392
637800757	-0.272055093
637800758	0.02963312
637800759	-0.121586727
637800760	0.145737018
637800761	0.355357824
637800762	0.458157058
637800763	-0.315854327
637800764	-0.304129777
637800765	0.058676359
637800766	-0.159432904
637800767	0.261634751
637800768	-0.109450511
637800769	-0.435088524
637800770	-0.221013406
637800771	-0.092679772
637800772	-0.026841542
637800773	-0.130149707
637800774	0.460191576
637800775	-0.03944607
637800776	-0.068405345
637800777	0.131429201
637800778	0.22806803
637800779	-0.118053327
637800780	-0.024420914
637800781	0.916288489
637800782	0.683086631
637800783	0.70219234
637800784	1.056062039
637800785	-0.557783113
637800786	-0.156344452
637800787	-0.069998119
637800788	0.106147259
637800789	0.005899863
637800790	-0.26051342
637800791	-0.232969098
637800792	0.176314922
637800793	0.236334346
637800794	0.493237197
637800795	-0.014072872
637800796	0.05630768
637800797	0.005107131
637800798	0.076210444
637800799	-0.134635803
637800800	0.155969906
637800801	0.133258541
637800802	-0.246395399
637800803	0.290917101
637800804	0.148191343
637800805	0.057146366
637800806	-0.402342638
637800807	-0.469910927
637800808	-0.080026707
637800809	-0.258202304
637800810	0.167902699
637800811	0.188476429
637800812	-0.113168395
637800813	-0.05191676
637800814	-0.192610091
637800815	-0.364151633
637800816	-0.428040839
637800817	-0.320081934
637800818	-0.106274869
637800819	-0.260912572
637800820	0.159535627
637800821	-0.075653984
637800822	-0.168241515
637800823	-0.161360127
637800824	-0.089269216
637800825	-0.167728995
637800826	-0.519431069
637800827	0.018597839
637800828	0.148336434
637800829	0.059883918
637800830	-0.076850362
637800831	-0.122872196
637800832	0.724116784
637800833	0.493899803
637800834	0.290714762
637800835	0.482837251
637800836	0.505870169
637800837	0.048679337
637800838	0.01854929
637800839	-0.163148135
637800840	-0.12914224
637800841	0.306857292
637800842	-0.051394708
637800843	-0.125724229
637800844	-0.173444845
637800845	-0.231884902
637800846	0.108157916
637800847	0.058302702
637800848	0.001552522
637800849	-0.001512353
637800850	0.185526183
637800851	0.010122856
637800852	0.3272314
637800853	-0.13170418
637800854	0.002340376
637800855	0.367876584
637800856	0.132993977
637800857	0.107477862
637800858	0.119775326
637800859	0.05004752
637800860	0.150657047
637800861	0.072247506
637800862	0.122519702
637800863	0.077604053
637800864	-0.046049585
637800865	-0.290087455
637800866	0.07279305
637800867	0.117090716
637800868	-0.174333985
637800869	-0.081956682
637800870	-0.784517214
637800871	0.074855502
637800872	-0.247219019
637800873	-0.035825168
637800874	-0.369454343
637800875	-0.171249569
637800876	0.010999137
637800877	0.258862314
637800878	0.172162668
637800879	-0.143493366
637800880	0.23214743
637800881	0.04646294
637800882	-0.013569361
637800883	0.266560518
637800884	0.150395794
637800885	0.08519018
637800886	0.198793731
637800887	-0.620775096
637800888	0.180252377
637800889	0.051757742
637800890	0.037032922
637800891	-0.079890961
637800892	-0.100888077
637800893	0.10868944
637800894	-0.071047251
637800895	-0.532108481
637800896	0.095655947
637800897	0.461013043
637800898	-1.736111505
637800899	-1.119335733
637800900	-1.049944473
637800901	-0.879986741
637800902	0.258166403
637800903	0.019601037
637800905	-0.032343479
637800906	-0.032666159
637800907	0.115161784
637800908	-0.533647698
637800909	0.003363258
637800910	0.996309513
637800911	-0.034826093
637800912	-0.603478553
637800913	0.147239361
637800914	-0.262035287
637800915	-0.104124054
637800916	0.213129045
637800917	0.085834018
637800918	-0.139037633
637800919	0.078533853
637800920	-0.075141946
637800921	0.131407512
637800922	-0.10708027
637800923	-0.01705415
637800924	-0.12794533
637800925	-0.88666984
637800926	0.166609948
637800927	0.148898226
637800928	-0.364732824
637800929	-0.314171759
637800930	-0.355585517
637800931	-0.179902664
637800932	-0.287785574
637800933	0.115195305
637800934	0.069157638
637800935	0.04138531
637800936	-0.697397756
637800937	0.033688301
637800938	0.115304993
637800939	0.050242337
637800940	-0.143723996
637800941	0.145422318
637800942	0.054335528
637800943	-0.053439177
637800944	-0.098618882
637800945	-0.073402032
637800946	0.119891731
637800947	0.094341608
637800948	0.056599634
637800949	-0.094911089
637800950	-0.387628227
637800951	-0.289235983
637800952	-0.969031256
637800953	-0.189143473
637800954	0.060974179
637800955	0.152740981
637800956	0.174571432
637800957	0.161111067
637800958	-0.020433502
637800959	0.008738667
637800960	0.255521867
637800961	0.17552978
637800962	0.010933168
637800963	0.017864272
637800964	0.144289705
637800965	0.111323851
637800966	0.06737891
637800967	-0.172835243
637800968	-0.145770129
637800969	-0.040432194
637800970	-0.075483297
637800971	0.15586744
637800972	0.112391498
637800973	0.36171482
637800974	0.050826185
637800975	0.002776778
637800976	0.089212304
637800978	-0.195126688
637800979	0.053708081
637800980	0.109408922
637800981	0.033734144
637800982	-0.163706356
637800983	0.08200797
637800984	-0.085442203
637800985	0.201959263
637800986	0.218978269
637800987	-0.025111586
637800988	-0.070270799
637800989	0.147381016
637800990	-0.06023146
637800991	-0.065437351
637800992	0.171566045
637800993	0.315202519
637800994	-0.318338075
637800995	-0.020361631
637800996	-0.313540396
637800997	-0.646926742
637800998	-0.149990389
637800999	-0.233665287
637801000	0.041749698
637801001	-0.038077903
637801002	0.334554153
637801003	0.42685288
637801004	0.414870244
637801005	0.639754496
637801006	0.55236555
637801007	0.642300028
637801008	-0.123325901
637801009	0.100921363
637801010	-0.063410936
637801011	-0.480783823
637801012	-0.018524852
637801013	-0.003264522
637801014	-0.228471061
637801015	-0.331961792
637801016	0.218231438
637801017	0.043841596
637801018	-0.303644166
637801019	-0.19953544
637801020	-0.185066665
637801021	-0.056126352
637801022	0.017032623
637801023	-0.04608914
637801024	0.041159045
637801025	-0.14092663
637801029	0.047768691
637801030	0.166615865
637801031	0.215682535
637801032	0.065518512
637801033	0.032922861
637801034	0.027383156
637801035	-0.009373177
637801036	0.242959403
637801037	0.061522724
637801038	-0.08752251
637801040	0.063924011
637801041	-0.144433984
637801042	0.049531045
637801043	0.017410854
637801044	1.002522303
637801045	1.037667716
637801046	0.021440507
637801047	-0.716353056
637801048	-0.160290891
637801049	-0.002869099
637801050	-0.262317291
637801051	-0.248772311
637801052	0.071721546
637801053	0.056082456
637801054	0.064745897
637801055	-0.309727294
637801056	0.032189257
637801057	-0.100450071
637801058	-0.141089133
637801059	-0.547080847
637801060	-0.061709533
637801061	-0.677395418
637801062	-0.937837511
637801063	-0.140425436
637801064	-0.534498193
637801065	0.113147436
637801066	-0.161215896
637801067	0.294035238
640711016	-0.35577471
640711017	-0.039879988
640711018	-0.069947791
640711019	0.352365576
640711020	-0.562487198
640711021	-0.460027333
640711022	-0.138471888
640711023	-0.727523414
640711024	0
640711025	0
640711026	0
640711027	0
640711028	0
640711029	-0.352286005
640711030	0.33746999
640711031	-1.165740039
640711032	-0.441598727
640711033	0.095085976
640711034	-0.520556119
640711035	-0.492907876
640711036	-0.392723252
640711037	-0.718233784
640711038	-0.322728426
640711039	-0.140909283
640711040	-0.252009643
640711041	-0.236689433
640711042	0.006228252
640711043	-0.278381175
640711044	-0.275413752
640711045	0.124371556
640711046	-0.299204023
640711047	-0.827901541
640711048	-0.205247773
640711049	-0.460888935
640711050	-0.327615123
640711051	-0.24289258
640711052	-0.208064798
640711053	-0.560389704
640711054	-0.048350387
640711055	-0.479911486
640711056	-0.116957905
640711057	-0.598279421
640711058	-1.033853751
640711059	-0.239677577
640711060	0.078192338
640711061	-0.684011304
640711062	-0.114640997
640711063	-0.191053463
640711064	-0.27752145
640711065	-0.248223961
640711066	-0.374989118
640711067	-0.400725576
640711068	-0.367046313
637798356	0.179994201
637798357	0.150693039
637798358	-0.180290495
637798359	0.182526565
637798360	-0.027884851
637798361	-0.028246658
637798362	-0.050371551
637798363	-0.001425722
637798364	0.110281204
637798365	0.251548
637798366	0.014550572
637798367	-0.012978901
637798368	0.215554457
637798369	0.050566098
637798370	-0.036724697
637798371	-0.132090892
637798372	0.095130845
637798373	0.143067961
637798374	-0.021164941
637798375	-0.124755776
637798376	-0.081698245
637798377	-0.12949929
637798378	0.027397881
637798379	-0.080082479
637798380	-0.201934508
637798381	0.06451019
637798382	0.358971637
637798383	0.46778141
637798384	0.017498705
637798385	0.113060068
637798386	0.133198973
637798387	0.008768603
637798388	-0.008000319
637798389	0.109629175
637798390	-0.176125874
637798391	-0.180726556
637798392	0.001327237
637798393	-0.054661089
637798394	0.016357102
637798395	-0.05243205
637798396	0.033993588
637798397	-0.002116487
637798398	0.707420551
637798399	0.132962592
637798400	0.016083541
637798401	0.03968427
637798402	0.059493496
637798403	-0.125505594
637798404	0.04374102
637798405	0.167360702
pANS_predictedORF_1	-0.000733625
pANS_predictedORF_2	-0.04334406
pANS_predictedORF_3	0.310250508
pANS_predictedORF_4	0.015251795
pANS_predictedORF_5	0.051473019
pANS_predictedORF_6	-0.04237614
pANS_predictedORF_7	-0.00601783
pANS_predictedORF_8	-0.020858074
