Reporter Identifier	VALUE
637798406	-0.107360139
637798407	-0.281353037
637798408	0.178425173
637798409	0.443235294
637798410	-0.268453862
637798411	-0.247808121
637798412	0.098553833
637798413	-0.182115146
637798414	0.115921704
637798415	-0.030451468
637798416	-0.305338466
637798417	-0.440570505
637798418	-0.136589567
637798419	-0.159907894
637798420	-0.184404573
637798421	0.010416611
637798422	-0.149736281
637798423	-0.223300832
637798424	-0.380624485
637798425	-0.242850995
637798426	-0.058119417
637798427	0.157285249
637798428	0.117662348
637798429	0.510489498
637798430	0.375617141
637798431	0.235752032
637798432	0.034096933
637798433	0.473420772
637798434	-0.18976675
637798435	-0.056280922
637798436	-0.097100587
637798437	-0.096567302
637798438	-0.256687809
637798439	-0.089036404
637798440	0.183852279
637798441	-0.007072383
637798442	-0.196907202
637798443	-0.078303363
637798444	-0.520929789
637798445	-0.15943499
637798446	-0.194170487
637798448	-0.858110219
637798449	-0.067173133
637798450	0.084372885
637798451	-0.178632615
637798452	-0.007874643
637798453	0.03722546
637798454	-0.000664832
637798455	-0.321573079
637798456	-0.0646725
637798457	0.460254628
637798458	0.664665539
637798459	0.521197015
637798460	0.254931466
637798461	0.776624184
637798462	0.393419227
637798463	0.052137669
637798464	-0.041799725
637798465	-0.065095293
637798466	-0.068481069
637798467	-0.234139357
637798468	0.065298169
637798469	-0.073653618
637798470	-0.001223723
637798471	-0.177053092
637798472	0.101191482
637798473	0.229929886
637798474	0.18129278
637798475	-0.449080072
637798476	-0.114000079
637798477	0.1039064
637798478	0.038900979
637798479	-0.082067096
637798480	0.571238663
637798481	-0.083794192
637798482	-0.062255133
637798483	0.063531228
637798484	-0.221248166
637798485	-0.065571851
637798486	-0.0307811
637798487	-0.379696444
637798488	0.086570344
637798489	0.116897996
637798490	0.0414294
637798491	-0.54151708
637798492	-0.375765646
637798493	0.015323278
637798494	-0.074383097
637798495	0.256792911
637798496	0.075118083
637798497	-0.126423189
637798498	-0.276039386
637798499	0.092454662
637798500	-0.046459942
637798501	-0.534759738
637798502	-0.473847621
637798503	-0.038824836
637798504	-0.050462102
637798505	-0.186345484
637798506	-0.859436073
637798507	-0.173749298
637798508	-0.234320672
637798509	-0.110130257
637798510	0.134899943
637798511	0.046705045
637798512	0.124591406
637798513	-0.080026702
637798514	0.089765637
637798515	-0.210634008
637798516	0.086850868
637798517	-0.236102994
637798518	-0.033592065
637798519	0.122645809
637798520	-0.071125617
637798521	-0.05565769
637798522	0.236317888
637798523	0.358141276
637798524	-0.157459239
637798525	-0.009294657
637798526	0.277987909
637798527	-0.085047411
637798528	0.124078964
637798529	-0.071096324
637798530	0.063394336
637798531	-0.001339237
637798532	0.26478013
637798533	0.212786951
637798534	0.140979298
637798535	0.068187627
637798536	-0.487772833
637798537	0.091935007
637798538	-0.065412016
637798539	0.127291042
637798540	0.008006389
637798541	-0.000948122
637798542	-0.124643353
637798543	-0.143219708
637798544	-0.100774726
637798545	-0.261814511
637798546	0.01556164
637798547	0.099730813
637798548	0.193587546
637798549	-0.307773419
637798550	0.140751222
637798551	0.249996858
637798552	-0.025017903
637798553	-0.239016887
637798554	-0.099297047
637798555	-0.080959973
637798556	-0.05542881
637798557	0.037659141
637798558	-0.182000973
637798559	0.119793389
637798560	0.110477389
637798561	0.170900238
637798562	0.094598116
637798563	-0.905803847
637798564	0.060381244
637798565	0.02140254
637798566	-0.114306748
637798567	0.020414533
637798568	-0.17390909
637798569	-0.057323849
637798570	-0.366765449
637798571	-0.139202185
637798572	0.03204358
637798573	0.161278335
637798574	-0.02446005
637798575	-0.044839242
637798576	-0.254423285
637798577	0.182262156
637798578	-0.037480933
637798579	-0.087489272
637798580	0.042397825
637798581	-0.023030722
637798582	-0.201248084
637798583	0.183105379
637798584	0.356616678
637798585	0.056608066
637798586	0.433481138
637798587	0.389572828
637798588	-0.161951614
637798589	0.066058793
637798590	-0.020349449
637798591	0.227851504
637798592	-0.012942234
637798593	0.057324813
637798594	0.215253634
637798595	-0.011277817
637798596	-0.036721044
637798597	0.278682677
637798598	-0.03355096
637798599	-0.53527534
637798600	-0.041482891
637798601	-0.159222713
637798602	0.387900266
637798603	-0.055770635
637798604	-0.205453012
637798605	-0.480465574
637798606	-0.526996129
637798607	-0.309415498
637798608	-0.076529686
637798609	-0.109046028
637798610	0.140548499
637798611	-0.107485524
637798612	-0.122424818
637798613	-0.089325523
637798614	-0.199020457
637798615	-0.053911922
637798616	-0.100476628
637798617	-0.091097938
637798618	-0.009966657
637798619	-0.260861287
637798620	0.163395422
637798621	-0.677224918
637798622	0.022814866
637798623	-0.323203549
637798624	0.079535485
637798625	-0.349052177
637798626	-0.018879311
637798627	0.057989148
637798628	0.170876836
637798629	0.116920377
637798630	-0.069542531
637798631	-0.389784924
637798632	-0.057715375
637798633	0.269253872
637798634	-0.281266151
637798635	-0.040001961
637798636	0.224688315
637798637	0.085900436
637798638	-0.056987554
637798639	-0.085071002
637798640	0.040330634
637798641	-0.128338458
637798642	-0.547292241
637798643	0.047860641
637798644	0.114500142
637798645	0.161916362
637798646	-0.048132378
637798647	0.144296479
637798648	-0.028548475
637798649	-0.903914756
637798650	-1.160525265
637798651	-1.287146738
637798652	-0.061606853
637798653	0.009927303
637798654	-0.004336881
637798655	-0.248908489
637798656	0.016669699
637798657	0.044754781
637798658	-0.634292517
637798659	-0.564517078
637798660	0.20387547
637798661	0.076084294
637798662	-0.26518726
637798663	0.04355458
637798664	0.123497555
637798665	0.132111892
637798666	0.271134323
637798667	0.083402353
637798668	-0.159371571
637798669	-0.25994482
637798670	0.022889104
637798671	-0.25622162
637798672	0.001888701
637798673	-0.311603534
637798674	-0.006999237
637798675	-0.296166015
637798676	0.225841044
637798677	0.150487959
637798678	0.018337995
637798679	0.222725777
637798680	0.214305017
637798681	0.080418828
637798682	0.007478761
637798683	0.134559081
637798684	-0.401594846
637798685	0.068879836
637798686	-0.032023472
637798687	-0.208819061
637798688	-0.268169844
637798689	0.029841171
637798690	0.303798996
637798691	-0.159607243
637798692	-0.063928222
637798693	0.006761596
637798694	0.274858901
637798695	-0.06058473
637798696	0.038834975
637798697	-0.408044611
637798698	-0.032117225
637798699	0.121962144
637798700	0.110410206
637798701	0.283151572
637798702	0.294138608
637798703	-0.334587486
637798704	0.018834699
637798705	-0.125283929
637798706	0.412086861
637798707	-0.079473652
637798708	-0.528887964
637798709	0.020858375
637798710	-1.297993781
637798711	-0.475832566
637798712	-0.008091609
637798713	-0.093246651
637798714	-0.171767924
637798715	-0.246359393
637798716	0.346699955
637798717	-0.041136266
637798718	-0.553269997
637798719	-0.102693103
637798720	0.077391917
637798721	-0.243381258
637798722	-0.836607147
637798723	-0.201839128
637798724	0.048765561
637798725	0.122644574
637798726	0.049071128
637798727	-0.295841424
637798728	0.087881931
637798729	-0.162272232
637798730	-0.155395773
637798731	0.657976828
637798732	0.082218013
637798733	0.475446822
637798734	0.608046564
637798735	0.381476252
637798736	0.171373267
637798737	0.480622835
637798738	0.411751353
637798739	0.926373687
637798740	0.97438212
637798741	0.375935813
637798742	0.752998361
637798743	0.408457785
637798744	0.165906504
637798745	0.072516012
637798746	0.038437881
637798747	-0.098037567
637798748	-0.192790568
637798749	-0.470461758
637798750	-0.436047259
637798751	-0.028763425
637798752	0.111360888
637798753	-0.39061369
637798754	0.054402706
637798755	-0.040190937
637798756	-0.421201214
637798757	-0.157604052
637798758	-0.081606716
637798759	-0.054124626
637798760	0.180425081
637798761	-0.226820706
637798762	-0.011021908
637798763	0.097156051
637798764	-0.089142348
637798765	-0.017812781
637798766	-0.096767479
637798767	-0.591497925
637798768	0.145230864
637798769	0.249958358
637798770	-0.023465358
637798771	-0.25735686
637798772	0.023511044
637798773	-0.100799378
637798774	0.166038735
637798775	-0.724571756
637798776	-0.498045139
637798777	-0.290009728
637798778	-0.187078102
637798779	0.046730864
637798780	0.465770423
637798781	0.0399134
637798782	0.219702186
637798783	-0.286970158
637798784	-0.462179848
637798785	-0.437313419
637798786	-0.161059695
637798787	-0.52088905
637798788	-0.23322209
637798789	-0.718217136
637798790	-0.104992401
637798791	0.512595206
637798792	0.324143729
637798793	-0.012695912
637798794	0.03474627
637798795	0.017721338
637798796	-0.097438903
637798797	-0.780403825
637798798	0.241057088
637798799	-0.166588279
637798800	-0.150679534
637798801	0.176507419
637798802	0.164583723
637798803	0.018859741
637798804	-0.139686329
637798805	0.199508308
637798806	-0.061947967
637798807	-0.280959996
637798808	-0.071418938
637798809	-0.182628145
637798810	-0.285118956
637798811	0.086497308
637798812	-0.202525884
637798813	-0.253593198
637798814	-0.084996181
637798815	0.070055111
637798816	0.530653408
637798817	0.279178903
637798818	0.081258655
637798819	-0.11881825
637798820	0.042857487
637798821	-0.094998894
637798822	-0.343706098
637798823	-0.354101361
637798824	-0.993037284
637798825	-0.329405271
637798826	-0.043650852
637798827	-0.377793942
637798828	-0.59214279
637798829	-0.713978346
637798830	-0.179557705
637798831	0.14627716
637798832	-0.10980713
637798833	-0.08656187
637798834	-0.127600586
637798835	-0.651145689
637798836	-0.095926836
637798837	-0.066562132
637798838	-0.123806577
637798839	-0.134201898
637798840	0.058358374
637798841	0.073399387
637798842	0.117146032
637798843	0.409200111
637798844	0.342503518
637798845	0.127286081
637798846	-0.054131741
637798847	0.031567303
637798848	0.016031827
637798849	0.160289334
637798850	0.119596207
637798851	0.230487245
637798852	-0.020561864
637798853	-0.097077681
637798854	-0.112103937
637798855	-0.133837877
637798856	-0.490954586
637798857	0.018595982
637798858	0.035973985
637798860	0.025955233
637798861	-0.140067796
637798862	-0.141600012
637798863	0.034805586
637798864	-0.082006604
637798865	-0.083719098
637798866	0.023886312
637798867	-0.074071
637798868	-0.147916815
637798869	0.108912942
637798870	0.154056374
637798871	-0.046658471
637798872	0.058353268
637798873	0.098269117
637798874	0.072951794
637798875	-0.106372306
637798876	0.191799512
637798877	-0.224295436
637798878	-0.122764556
637798879	-0.122499192
637798880	0.085923616
637798881	-0.30064386
637798882	-0.002599726
637798883	-0.358589702
637798884	-0.434107962
637798885	0.011500634
637798886	0.076912046
637798887	-0.422198853
637798888	-0.275861175
637798889	-0.04546959
637798890	-0.077890205
637798891	0.34508347
637798892	0.147021671
637798893	0.042822461
637798894	-0.270865531
637798895	0.012457247
637798896	0.004863935
637798897	0.053189127
637798898	-0.777849742
637798899	-0.214325764
637798900	-0.374311487
637798901	-0.009206428
637798902	-0.320368446
637798903	0.077843342
637798904	0.159323081
637798905	-0.032771511
637798906	-0.586140334
637798907	0.518021544
637798908	-0.018517116
637798909	-0.052520169
637798910	0.048848027
637798911	0.186580142
637798912	0.103561562
637798913	0.228365966
637798914	-0.103399797
637798915	0.153685959
637798916	-0.282056761
637798917	-0.005639009
637798918	-0.017211361
637798919	-0.036551567
637798920	-0.16899264
637798921	-0.20494374
637798922	0.07145287
637798923	0.071127467
637798924	0.000788977
637798926	0.130957647
637798927	-0.097468777
637798928	0.267218419
637798929	0.094620703
637798930	0.008045069
637798931	-0.036064569
637798932	-0.149263034
637798933	-0.044739862
637798934	-0.101269483
637798935	-0.732936006
637798936	-0.14806333
637798937	-0.140586682
637798938	-0.179458311
637798939	-0.153577639
637798940	0.569298837
637798941	0.310530212
637798942	0.037206595
637798943	-0.583027139
637798944	0.195166235
637798945	0.370815239
637798946	0.230305588
637798947	0.239475183
637798948	-0.032008423
637798949	0.063295601
637798950	-0.054577621
637798951	0.036707377
637798952	0.290108941
637798953	0.18026142
637798954	-0.191309518
637798955	-0.015627359
637798956	0.005009757
637798957	-0.246001796
637798958	-0.027402003
637798959	-0.769128777
637798960	0.214177259
637798961	-0.126759408
637798962	0.275371591
637798963	-0.005048826
637798964	-1.252333558
637798965	-0.606443022
637798966	-0.499202032
637798967	-0.178247929
637798968	-0.1004028
637798969	0.252498755
637798970	-0.015011107
637798971	0.122868787
637798972	-0.278120532
637798973	-0.227858103
637798974	0.069982204
637798975	-0.173455389
637798976	-0.306877069
637798977	-0.276504125
637798978	-0.131985549
637798979	-0.092730975
637798980	-0.258320199
637798981	-0.758951995
637798982	0.122136665
637798983	-0.059856127
637798984	0.139836728
637798985	-0.201145362
637798986	-0.511410044
637798987	-0.044143385
637798988	0.182734944
637798989	-0.427924497
637798990	0.069164153
637798991	0.134930171
637798992	0.227502484
637798993	0.235729378
637798994	0.015365862
637798998	0.032533344
637798999	0.169436955
637799000	-0.008422671
637799001	-0.129549648
637799002	0.11866349
637799003	-0.198709345
637799004	0.263468598
637799005	-0.210873428
637799006	-0.495954863
637799007	0.148678394
637799008	-0.257306398
637799009	-0.127957309
637799010	-1.129248052
637799011	-0.027814492
637799012	-0.153759876
637799013	-0.174261131
637799014	0.10458193
637799015	-0.133078587
637799016	0.085986506
637799017	0.082829652
637799018	-0.20262011
637799019	-0.224549242
637799020	0.221149972
637799021	0.199122829
637799022	0.095769296
637799023	-0.037844836
637799024	0.150449849
637799025	0.37663949
637799026	0.144871208
637799027	-0.019467924
637799028	-0.197341077
637799029	0.232950718
637799030	-0.095620789
637799031	-0.07232713
637799032	0.088758629
637799033	0.098702847
637799035	0.037081608
637799036	0.019921616
637799037	-0.097552476
637799038	0.368650644
637799039	-0.018760081
637799040	-0.00735718
637799041	0.292231692
637799042	-0.209896805
637799043	0.085643047
637799044	0.141318723
637799045	-0.318158224
637799046	0.306209563
637799047	0.171968841
637799048	0.059110916
637799049	-0.021306326
637799050	0.225416694
637799051	0.837584801
637799052	0.248836965
637799053	-0.075357576
637799054	-0.027360224
637799055	-0.34510782
637799056	-0.593977552
637799057	0.027632973
637799058	0.010187922
637799059	-0.226413047
637799060	-0.291621197
637799061	-0.106508611
637799062	-0.254276426
637799063	0.058293479
637799064	0.953051742
637799065	-0.197454028
637799066	-0.087074324
637799067	0.529495229
637799068	0.517952079
637799069	0.00994784
637799070	-0.18110869
637799071	0.033990662
637799072	-0.102454111
637799073	0.069423274
637799074	-0.324368172
637799075	-0.073913094
637799076	-0.189160169
637799077	0.221715499
637799078	-0.073097128
637799079	-0.621460083
637799080	-0.733190578
637799081	0.079101685
637799082	0.004148471
637799083	-0.16662141
637799084	-0.161089153
637799085	-0.031864371
637799086	0.228335305
637799087	0.222551745
637799088	0.063731605
637799089	-0.673906869
637799090	0.112832381
637799091	-0.111838041
637799092	-0.663576397
637799093	0.192581467
637799094	-0.012388883
637799095	-0.170767361
637799096	-0.076602764
637799097	-0.195617263
637799098	-0.245132804
637799099	-0.180407685
637799100	-0.354161834
637799101	-0.132761705
637799102	-0.554000438
637799103	0.07802696
637799104	-0.026751964
637799105	-0.029114421
637799106	-0.293726601
637799107	-0.255995148
637799108	0.081988748
637799109	0.760591204
637799110	0.229906311
637799111	-0.578943309
637799112	0.272723119
637799113	-0.239256826
637799114	-0.173641146
637799115	-0.689836527
637799116	-0.255541476
637799117	-0.106434744
637799118	-0.181149126
637799119	-0.136388341
637799121	0.093048624
637799122	-0.427100489
637799123	0.382137491
637799124	-0.037255805
637799125	-0.128523404
637799126	0.099808454
637799127	-0.420028499
637799128	-0.152948993
637799129	-0.002145889
637799130	0.080008206
637799131	-0.352274797
637799132	-0.018132274
637799133	-0.127068237
637799134	0.113100409
637799135	0.105472172
637799136	0.059142556
637799137	-0.054577482
637799138	-0.096700145
637799139	-0.073966702
637799140	-0.031643506
637799141	-0.222688067
637799142	-0.201436698
637799143	-0.049530882
637799144	-0.092078942
637799146	-0.193664419
637799147	-0.182641231
637799148	0.273892004
637799149	0.476996458
637799150	0.373244086
637799151	0.19374959
637799152	0.254738337
637799153	0.010558941
637799154	-0.144317896
637799155	-0.005753612
637799157	0.460953824
637799158	-0.168311606
637799159	0.090648775
637799160	-0.138746599
637799161	0.030962752
637799162	0.225603169
637799163	0.306242247
637799164	0.119134108
637799165	0.06363068
637799166	0.132281658
637799167	0.190299318
637799168	-0.178179186
637799169	0.032052968
637799170	0.913377951
637799171	-0.47751325
637799172	0.565646485
637799173	0.389542562
637799174	0.464100203
637799175	0.596582909
637799176	0.074361534
637799177	-0.017325697
637799178	0.021505297
637799179	-0.146801571
637799180	-0.019203988
637799181	-0.17069999
637799182	0.096884243
637799184	-0.404422429
637799185	-0.25519478
637799186	-0.157878861
637799187	0.183125216
637799188	-0.118489461
637799189	-0.207276552
637799190	-0.163391793
637799191	-0.123272793
637799192	0.011536953
637799193	-0.003351906
637799194	0.110080238
637799195	-0.466616093
637799196	-0.21059425
637799197	-0.080778485
637799198	-0.211499344
637799199	-0.080794966
637799200	-0.205181477
637799201	0.027757619
637799202	0.151176352
637799203	0.228325208
637799204	-0.008597129
637799205	-0.123372026
637799206	-0.478706574
637799207	-0.016320987
637799208	0.279977727
637799209	-0.316795227
637799210	-0.171208984
637799211	-0.086723813
637799212	-0.365295578
637799213	-0.978759485
637799214	-0.047005252
637799215	-0.12826477
637799216	-0.120995744
637799217	-0.02207265
637799218	0.028427545
637799220	-0.052094544
637799221	0.203464905
637799222	0.143624662
637799223	-0.072156531
637799224	-0.617240808
637799225	0.04560009
637799226	0.067469169
637799227	-0.103260426
637799228	0.074588025
637799229	-0.134942622
637799230	-0.256024919
637799231	0.318764799
637799232	0.126272369
637799233	-0.084080675
637799234	-0.132573194
637799235	0.117357174
637799236	0.184079575
637799237	0.086971807
637799238	0.116340745
637799239	0.158612731
637799240	0.091253649
637799241	0.046479835
637799242	0.048717058
637799243	0.227912598
637799244	-0.139763473
637799245	-0.345660781
637799246	-0.215072753
637799247	-0.007724996
637799248	0.002349254
637799249	0.086541785
637799250	-2.849712825
637799251	0.039326354
637799252	-0.154469769
637799253	0.06083888
637799254	0.067715985
637799255	0.071739531
637799256	0.018913861
637799257	0.019913914
637799258	0.156267011
637799259	-0.223662262
637799260	-0.14670823
637799261	-0.18456511
637799262	-0.0783249
637799263	-0.63732044
637799264	0.053438744
637799265	-0.018738977
637799266	-0.062284843
637799267	0.1799296
637799268	0.50666698
637799270	0.077047827
637799271	0.921307975
637799272	0.75613704
637799273	0.664233445
637799274	0.421270556
637799275	0.28562073
637799276	0.17102412
637799277	-0.17566617
637799278	-0.386852759
637799279	-0.009967938
637799280	-0.043454391
637799281	0.004307155
637799282	-0.088896217
637799283	-0.067961459
637799284	-0.197147189
637799285	-0.320479238
637799286	0.421756778
637799287	-0.038719153
637799288	0.128078558
637799289	0.455100833
637799290	0.187712098
637799291	-0.166516943
637799292	0.103476625
637799293	-0.069196411
637799294	-0.199356222
637799295	-0.408821846
637799296	-0.048857471
637799297	0.21317984
637799298	0.02416068
637799299	0.135843359
637799300	0.448943834
637799301	-0.262924567
637799302	0.113875264
637799303	-0.16370029
637799304	-0.038243985
637799305	-0.043263291
637799307	0.052197171
637799308	-0.791658985
637799309	-0.009194077
637799310	-0.033611112
637799311	0.329351398
637799312	0.067415046
637799313	-0.055335869
637799314	-0.246908871
637799315	-0.107029351
637799316	0.024711059
637799317	-0.594692284
637799318	0.257125109
637799319	-0.103392115
637799320	0.172015761
637799321	-0.039622027
637799322	0.083685556
637799323	0.169488879
637799324	0.213593343
637799325	0.187997027
637799326	-0.004368765
637799327	-0.053255893
637799328	-0.077326111
637799329	-0.206415095
637799330	-0.048811724
637799331	-0.112682781
637799332	-0.166391689
637799333	-0.428117082
637799334	0.134607296
637799335	0.194821484
637799336	-0.274529619
637799337	0.328637036
637799338	0.037872774
637799339	0.009705068
637799340	0.022507831
637799341	-0.157671228
637799343	0.117830098
637799344	0.268195154
637799345	0.114540162
637799346	0.410904155
637799347	0.275839528
637799348	0.079964949
637799349	0.119302278
637799350	-0.113620381
637799351	0.134131523
637799352	-0.019349381
637799353	0.075318155
637799354	0.189682876
637799355	0.085569479
637799356	-0.14093098
637799357	0.280792414
637799358	-0.548506668
637799359	0.303693069
637799360	0.005991229
637799361	0.246077203
637799362	0.067317102
637799363	0.203936244
637799364	0.200867404
637799366	-0.153414346
637799367	-0.061952373
637799368	0.135112341
637799369	0.054034324
637799370	0.005076179
637799371	-0.376207919
637799372	0.047881552
637799373	-0.005866592
637799374	-0.087129483
637799375	-0.032470968
637799376	0.168624432
637799377	-0.078412653
637799378	-0.037116888
637799379	-0.105186689
637799380	0.178717267
637799381	0.085576517
637799382	-0.222840186
637799383	-0.156723166
637799384	0.209837043
637799385	0.076815693
637799386	0.361924149
637799387	-0.12052074
637799388	0.117083983
637799389	-0.050855517
637799390	-0.357253917
637799391	0.443894298
637799392	-0.028414483
637799393	-0.304602554
637799394	-0.09562669
637799395	-0.111913011
637799396	0.154039233
637799397	-0.327913203
637799398	-0.083007944
637799399	-0.085771068
637799400	-0.000451207
637799401	-0.112733441
637799402	0.091640684
637799403	-0.281364391
637799404	-0.01047578
637799405	-0.231761856
637799406	-0.287181809
637799407	-0.355454468
637799408	-0.759035445
637799409	-0.030779137
637799410	0.242682189
637799411	-0.044257397
637799412	0.345157796
637799413	0.007185274
637799414	0.019025261
637799415	-0.031583677
637799416	-0.464024166
637799417	-0.211682484
637799418	-0.079829627
637799419	0.100394929
637799420	0.137616803
637799422	-0.227247074
637799423	-0.046419743
637799424	-0.162239667
637799425	0.33154508
637799426	0.029828914
637799427	0.141858639
637799428	0.103404397
637799429	-0.031576743
637799430	0.008050901
637799431	-0.004565004
637799432	-0.179449374
637799433	0.031428432
637799434	-0.183551066
637799435	-0.185993222
637799436	-0.10449996
637799437	0.273413123
637799438	-0.002757534
637799439	0.075453294
637799440	-0.055763731
637799441	-0.054361319
637799442	0.041284131
637799443	-0.093178686
637799444	0.164084621
637799445	0.053176409
637799448	0.053454222
637799449	-0.261505531
637799450	0.154632935
637799451	-0.069171697
637799452	0.059313676
637799453	-0.308661515
637799454	-0.367862565
637799455	-0.219326458
637799456	-0.124326897
637799457	-0.022899444
637799458	-0.209485029
637799459	-0.052934927
637799460	-0.021662099
637799461	0.137772115
637799462	-0.684981489
637799463	-0.040752457
637799464	-0.47472829
637799465	-0.10986149
637799466	-0.186689585
637799467	-0.041894887
637799468	0.057845174
637799469	0
637799470	0
637799471	0.313812988
637799472	0.295239273
637799473	-0.397070131
637799474	0.177705985
637799475	-0.393513229
637799476	-0.054381911
637799477	-0.027069273
637799478	-0.254359759
637799479	-0.138479283
637799480	-0.203295948
637799481	-0.397582708
637799482	0.115884274
637799483	-0.224447913
637799484	-0.397384756
637799485	-0.296807992
637799486	-0.107851245
637799489	-0.010227961
637799490	-0.314476026
637799491	0.00619512
637799492	0.329879085
637799493	-0.098397031
637799494	-0.063813925
637799495	0.256229917
637799497	-0.023157623
637799498	-0.165205528
637799499	-0.024824971
637799500	-0.117654003
637799501	-0.050366506
637799502	0.071385606
637799503	-0.138741138
637799504	-0.317486032
637799505	0.262245614
637799506	-0.067113434
637799508	0.100345304
637799509	0.28724441
637799510	-0.029138537
637799511	0.331077682
637799512	-0.049562039
637799513	-0.10450647
637799514	-0.188581052
637799515	-0.077739618
637799516	-0.090855421
637799517	-0.582718681
637799518	0.0740086
637799519	0.083405568
637799520	-0.305089294
637799521	-0.484136255
637799522	-0.365685361
637799523	0.391289274
637799524	0.086471185
637799525	0.361722245
637799526	0.178439475
637799527	0.004210342
637799528	-0.211326113
637799529	0.109592271
637799530	-0.18010182
637799531	0.029666469
637799532	-0.173748473
637799533	0.019090689
637799534	-0.270153556
637799535	0.214506784
637799536	-0.466439565
637799537	-0.032891171
637799538	-0.096814101
637799539	-0.072430573
637799540	0.071319015
637799541	0.299035338
637799542	0.321883464
637799543	0.245304993
637799544	0.143034094
637799545	-0.15573251
637799546	0.028915427
637799547	-0.203760485
637799548	-0.333576249
637799549	-0.376928186
637799550	-0.116486517
637799551	-0.165718201
637799552	0.024315293
637799553	-0.149907668
637799554	-0.13441062
637799555	0.106814139
637799556	-0.132496703
637799557	0.140539841
637799558	0.034143547
637799559	-0.033368989
637799560	-0.290869841
637799561	-0.225831178
637799562	0.225689261
637799563	0.12138987
637799564	-0.111729504
637799565	-0.000794225
637799566	-0.111180049
637799567	-0.052406542
637799568	-0.096404658
637799569	0.159512534
637799570	0.091346254
637799571	-0.484932307
637799572	-0.324493025
637799573	-0.106569149
637799574	-0.530943152
637799575	0.010407728
637799576	-0.689263448
637799577	0.217004165
637799578	-0.470004239
637799579	-0.25202836
637799580	-0.143563725
637799581	-0.068112132
637799582	-0.873735549
637799583	-0.827205065
637799584	-0.10995387
637799585	-0.02204502
637799586	-0.009564103
637799587	-0.019617859
637799588	-0.158083699
637799589	0.201567758
637799590	-0.796907346
637799591	0.009987014
637799592	-0.194693047
637799594	-0.076006583
637799595	-0.039864106
637799596	-0.016974623
637799597	0.349072258
637799598	-0.046102488
637799599	-0.145772406
637799600	0.021991526
637799601	0.138380674
637799602	-0.373047296
637799603	0.195814541
637799604	0.226553055
637799605	0.058931397
637799606	-0.180556569
637799607	-0.132675778
637799608	-0.253433432
637799609	-0.217469109
637799610	0.106778604
637799611	-0.052270985
637799612	-0.288921206
637799613	0.007289405
637799614	-0.06308942
637799615	-0.085314695
637799616	-0.058361284
637799617	0.405367488
637799618	0.16774905
637799619	0.399986148
637799620	0.129881553
637799621	-0.04953631
637799622	-0.078517089
637799623	-0.107223476
637799624	0.278871527
637799625	0.337411379
637799626	-0.003723323
637799627	-0.002169579
637799628	0.152761952
637799629	0.371328102
637799630	-0.354289627
637799631	-0.032080608
637799632	-0.148209168
637799634	-0.065616635
637799635	0.067170463
637799636	-0.216364219
637799637	-0.315110313
637799638	0.073686988
637799639	0.095556113
637799640	0.026701844
637799641	-0.018547268
637799643	-0.104119323
637799644	0.046634542
637799645	-0.921866568
637799646	-0.896355394
637799647	0.077272802
637799648	-0.246357746
637799649	-0.426930901
637799650	-0.257725649
637799651	0.054178601
637799652	-0.152377954
637799653	0.131007716
637799654	-0.172862514
637799655	-0.05837265
637799656	-0.320674767
637799657	-0.122322466
637799658	0.117938869
637799659	0.297501322
637799660	-0.082749237
637799661	0.550952528
637799662	0.171526701
637799663	-0.485249186
637799664	0.134401009
637799665	0.004576818
637799666	0.596803765
637799667	0.349903131
637799668	0.296663082
637799669	0.260043867
637799670	-0.289730542
637799671	-0.215556856
637799672	-0.164698786
637799673	0.147051934
637799674	-0.122107192
637799675	0.035748021
637799676	0.20231885
637799677	-0.179455472
637799678	-0.536027511
637799679	-0.283053269
637799680	0.006470072
637799681	0.054891176
637799682	-0.167214981
637799683	-0.069567962
637799684	0.061221062
637799685	0.19493486
637799687	-0.087738149
637799688	0.06605328
637799689	-0.065323881
637799690	-0.009276336
637799691	0.151042527
637799692	-0.182204877
637799693	0.090248657
637799694	0.143890375
637799695	0.010184666
637799696	-0.012300971
637799697	0.149225648
637799698	0.088408349
637799699	0.155483646
637799700	-0.367297374
637799701	0.142041315
637799702	0.195358093
637799703	-0.048796737
637799704	0.120731115
637799705	-0.09341692
637799706	0.026757933
637799707	0.234574059
637799708	-0.365848657
637799709	0.03101442
637799710	-0.078472003
637799711	-0.082650597
637799712	0.121368317
637799713	-0.072760746
637799714	0.022962755
637799715	0.153924837
637799716	0.043355214
637799717	0.683417969
637799718	-0.202956231
637799719	-0.003339983
637799720	-0.1858174
637799721	-0.047443381
637799722	-0.251473747
637799723	0.324917076
637799724	-0.045208872
637799725	-0.189050831
637799726	-0.0133521
637799727	0.169533258
637799728	0.431505479
637799729	-0.081040728
637799730	-0.06736661
637799731	-0.380837844
637799732	0.019074817
637799733	0.136700938
637799734	0.029516692
637799735	-0.130022226
637799737	0.101716845
637799738	0.02448435
637799739	0.028435163
637799740	0.108331409
637799741	0.314073276
637799742	0.114122311
637799743	0.097527409
637799744	0.109301415
637799745	-0.240389831
637799746	0.026763227
637799747	0.188342072
637799748	-0.267739355
637799749	-0.095283478
637799750	0.008827419
637799751	-0.104103082
637799752	0.153539027
637799753	-0.646415864
637799754	0.073082801
637799755	-0.168434694
637799756	0.038437532
637799757	0.033321297
637799758	-0.398302144
637799759	-0.169567417
637799760	0.162353169
637799761	0.065263392
637799762	-0.235423721
637799763	-0.182343108
637799764	-0.03138157
637799765	-0.057645718
637799766	-0.122611053
637799767	-0.333506191
637799768	-0.223092079
637799769	0.138624371
637799770	0.182028291
637799771	-0.37665848
637799772	0.11629684
637799773	0.039960837
637799774	-0.028444364
637799775	0.00687028
637799776	0.030475837
637799777	-0.138316264
637799778	-0.028050232
637799779	-0.297743742
637799780	-0.001096421
637799781	-0.158676121
637799782	0.042080308
637799783	-0.192641702
637799784	0.034512854
637799785	-0.366210003
637799786	0.125415463
637799787	0.143467042
637799788	-0.018754252
637799789	-0.010638678
637799790	0.13011615
637799791	-0.217981732
637799793	-0.146836406
637799794	-0.159916594
637799795	-0.028481784
637799796	0.23783663
637799797	-0.129451367
637799798	-0.047498298
637799799	0.092671892
637799800	0.105845386
637799801	0.189613876
637799802	-0.57379341
637799803	0.020753136
637799804	-0.115158642
637799805	-0.123628658
637799806	-0.090859395
637799807	-0.008973677
637799808	0.087191286
637799809	-0.258039575
637799810	0.006160283
637799811	-0.104990413
637799812	-0.367268684
637799813	0.21531568
637799814	0.109248913
637799815	0.307892498
637799816	0.056159205
637799817	-0.070839281
637799818	-0.072871892
637799819	0.055527514
637799820	-0.004206437
637799821	0.119650464
637799822	0.064827856
637799823	-0.386029257
637799824	-0.127805278
637799825	-0.182955585
637799826	0.098260248
637799827	-0.095099571
637799828	-0.619303555
637799829	-0.334952324
637799830	0.352268719
637799831	0.317670813
637799832	0.214719618
637799833	0.238138349
637799834	-0.451131384
637799835	-0.046205811
637799836	0.044823321
637799837	-0.043663622
637799838	-0.370710486
637799839	-0.26894362
637799840	0.062458041
637799841	-0.07414988
637799842	-0.011011327
637799843	-0.302498812
637799844	-0.59142852
637799845	-0.19468946
637799846	-0.032916155
637799847	-0.105430872
637799848	-0.369146321
637799849	0.052123804
637799850	-0.075984749
637799851	-0.274738554
637799852	-0.287090136
637799853	-0.010283253
637799854	0.485798907
637799855	0.698116951
637799856	-0.189272473
637799857	-0.161637156
637799858	0.295967096
637799859	-0.28628504
637799860	0.052066117
637799861	-0.239773993
637799862	-0.31049043
637799863	-0.34191945
637799864	-0.153465703
637799865	0.130790313
637799866	0.110268605
637799867	0.220164674
637799868	-0.101296011
637799869	-0.116542482
637799870	0.012385266
637799871	-0.743608245
637799872	0.133150764
637799873	-0.069322542
637799874	-0.184295861
637799875	0.011055322
637799876	0.248783895
637799877	0.013907161
637799878	-0.535037675
637799879	0.220566322
637799880	-0.155255594
637799881	-0.001575356
637799882	-0.053987375
637799883	-0.167094042
637799884	-0.196756406
637799885	0.16341665
637799886	0.098112708
637799887	0.126154379
637799888	-0.035252453
637799889	0.052429044
637799890	-0.068227908
637799891	-0.210421996
637799892	-0.4515559
637799893	-0.314558223
637799894	-0.146742073
637799895	-0.394188756
637799896	0.320120515
637799897	0.35654396
637799898	-0.297362147
637799899	-0.17283125
637799900	0.185165279
637799901	0.125277402
637799902	0.195909462
637799903	0.228059433
637799904	0.34172929
637799905	0.258756268
637799906	0.118635781
637799907	0.359665774
637799908	-0.046930386
637799909	0.039535996
637799910	-0.177026761
637799911	-0.144340172
637799912	-0.157082747
637799913	0.220910493
637799914	0.06227069
637799915	-0.030633742
637799916	0.111528972
637799917	-0.042932452
637799918	-0.172639153
637799919	-0.278113062
637799921	0.016064371
637799922	0.019372117
637799923	-0.015703153
637799924	-0.156627458
637799925	0.115576135
637799926	0.241463026
637799927	-0.025477443
637799928	-0.191791234
637799929	0.057161714
637799930	0.094364349
637799931	-0.022796671
637799932	-0.466415763
637799933	0.070173272
637799934	0.125350078
637799935	0.084231005
637799936	0.150546558
637799937	-0.241738169
637799938	0.345360141
637799939	-0.823343346
637799940	-0.02934231
637799941	0.327116942
637799942	-0.263440894
637799943	-0.299099609
637799944	-0.121848492
637799945	0.064859694
637799946	0.058713456
637799947	0.210098754
637799948	-0.201889706
637799949	0.002442424
637799950	-0.15891119
637799951	-0.05018496
637799952	0.006945604
637799953	-0.0418121
637799954	-0.078385512
637799955	-0.088651627
637799956	-0.211691861
637799957	-0.229872178
637799958	0.102461188
637799959	0.116015071
637799960	0.106757457
637799961	-0.218814571
637799962	0.085957615
637799963	0.025719775
637799964	-0.005119974
637799965	-0.04583737
637799966	-0.055051779
637799967	0.167266828
637799968	0.066112589
637799969	-0.138312492
637799970	-0.103880675
637799971	-0.038107259
637799972	-0.464537462
637799973	-0.688933342
637799974	-0.53273535
637799975	-0.696173902
637799976	-0.241013951
637799977	-0.04550485
637799978	-0.098187914
637799979	0.065616578
637799980	0.282033313
637799981	0.47053636
637799982	0.178308372
637799983	-0.029295257
637799984	-0.074954466
637799985	0.108791502
637799986	0.524209925
637799987	-0.387044001
637799988	-0.016180118
637799989	-0.757327538
637799990	-0.959452195
637799991	0.10934955
637799992	-0.283933734
637799993	-0.144640165
637799994	0.306366236
637799995	0.226520509
637799996	0.093529394
637799997	-0.16862911
637799998	0.052449608
637799999	-0.088622953
637800000	-1.333520514
637800001	-0.132025292
637800002	-0.637054333
637800003	-0.637308728
637800004	-0.258629758
637800005	-0.938641873
637800006	-1.10048363
637800007	-0.613665993
637800008	-0.171242181
637800009	-0.128930296
637800010	0.06992684
637800011	-0.132866295
637800012	0.107451259
637800013	0.03471005
637800014	0.04941208
637800015	-0.018817331
637800016	-0.135762929
637800017	-0.066820119
637800018	-0.051642296
637800019	-0.092588935
637800020	-0.393623298
637800021	0.138568346
637800022	0.071259497
637800023	0.169139247
637800024	0.076646277
637800025	0.017763967
637800026	-0.013636438
637800027	-0.239029501
637800028	-0.077003961
637800029	-0.067062298
637800030	-0.084748092
637800031	-0.227558213
637800032	-0.336723484
637800033	-0.054863422
637800034	0.040833332
637800035	-0.156072158
637800037	0.089318903
637800038	0.159717767
637800039	-0.127443428
637800040	-0.046622887
637800041	0.09999673
637800042	0.156902667
637800043	0.055611973
637800044	-0.956385554
637800045	-1.384118661
637800046	-1.394453837
637800047	0.2141274
637800048	0.018439099
637800049	0.207868481
637800052	0.247586446
637800053	0.132570276
637800054	0.174391351
637800055	-0.184021618
637800056	-0.074497454
637800057	-0.45695103
637800058	0.016408094
637800059	0.180890344
637800060	0.018149904
637800061	-0.075173159
637800062	-0.16145256
637800063	-0.130179374
637800064	0.100019361
637800065	0.317379184
637800066	-0.287047228
637800067	-0.106387477
637800068	0.12602926
637800070	-0.043047066
637800071	0.122514752
637800072	0.227886821
637800073	-0.319568277
637800074	0.52023356
637800075	-0.438532458
637800076	0.158682099
637800077	0.013941173
637800078	-0.122956199
637800079	-0.075543562
637800080	-0.19883291
637800081	-0.315916814
637800082	-0.182280058
637800083	-0.802745504
637800084	-0.14799831
637800085	-0.092412191
637800086	-0.010785759
637800087	0.137223606
637800088	0.101558554
637800089	0.011154189
637800090	-0.307778139
637800091	-0.095319874
637800092	-0.049752645
637800093	-0.514467034
637800094	-0.115927736
637800095	0.293446608
637800096	0.011061036
637800097	-0.002279079
637800098	-2.254957287
637800099	-0.100089866
637800101	-0.271541653
637800102	-0.010923513
637800103	0.231509669
637800104	-0.269029125
637800105	0.14177592
637800106	-0.686342809
637800107	-0.401563803
637800108	-0.227310011
637800109	-0.309946055
637800110	0.210414799
637800111	0.085557851
637800112	-0.388455024
637800113	-0.140620031
637800114	-0.063425821
637800115	0.119707545
637800116	-0.454335712
637800117	-0.601895157
637800118	-0.251581671
637800119	-0.082131963
637800120	0.070459315
637800121	0.105889602
637800122	0.010647541
637800123	-0.194558229
637800124	-0.009148605
637800125	0.125946407
637800126	0.08544418
637800127	0.11126459
637800128	0.228516206
637800129	0.066219734
637800130	0.042366
637800131	-0.053420658
637800132	-0.052455793
637800133	0.130901608
637800134	0.096062273
637800135	0.165127286
637800136	-0.196335121
637800137	-0.105883398
637800138	0.088368577
637800139	-0.308305356
637800140	-0.125633064
637800141	-0.33250022
637800142	0.026913006
637800143	0.19661325
637800144	0.021077708
637800145	0.113161008
637800146	0.03875635
637800147	-0.066135657
637800148	-0.312069624
637800149	-0.092493267
637800150	-0.088491568
637800151	0.078897155
637800152	-0.056955624
637800153	-0.037822423
637800154	-0.151061809
637800156	0.215418507
637800157	0.141475401
637800158	0.683499774
637800159	0.132887064
637800160	-0.015765769
637800161	-0.129807275
637800162	0.120049912
637800163	-0.309659069
637800164	-0.070141127
637800165	0.033260902
637800166	0.164385153
637800167	-0.15560716
637800168	-0.11660303
637800169	0.055592817
637800170	0.074550468
637800171	-0.040920333
637800172	-0.233344671
637800173	-0.492979054
637800174	-0.602344844
637800175	-0.289603533
637800176	-0.292889764
637800177	-0.191921047
637800178	-0.298780703
637800179	-0.154542772
637800180	-0.161228011
637800181	-0.085137083
637800182	-0.011791197
637800183	-0.0004354
637800184	-0.074148768
637800185	-0.049522837
637800186	-0.046986472
637800187	-0.088894448
637800188	-0.204518846
637800189	-0.139799321
637800190	-0.178350948
637800191	-0.206170314
637800192	-0.041404816
637800194	-0.073052378
637800195	0.077989241
637800197	-0.455576376
637800198	-1.640718991
637800199	-0.209412643
637800200	-0.041480434
637800201	0.278375842
637800202	-0.14027385
637800203	-0.044007945
637800204	-0.068040594
637800205	-0.024088347
637800206	0.012379553
637800207	0.076553828
637800208	0.187115628
637800209	-0.290410268
637800210	-0.23552909
637800211	-0.194721741
637800212	-0.009467784
637800213	-0.225969442
637800214	-0.133445733
637800215	0.055222906
637800216	0.012708976
637800217	-0.288803922
637800218	-0.316664833
637800219	0.154135301
637800220	0.045654063
637800221	-0.273899985
637800222	-0.053255997
637800223	-0.310366394
637800224	-0.267793524
637800225	-1.31331279
637800226	0.043938019
637800227	0.213180665
637800228	0.165045839
637800229	0.091852126
637800230	0.069749101
637800231	0.173397825
637800232	0.032511878
637800233	-0.154826195
637800234	0.010018531
637800235	0.052776212
637800236	-0.072933433
637800237	-0.088136386
637800238	-0.108028307
637800239	-0.174980078
637800240	-0.175773783
637800241	-0.261335686
637800242	0.141433524
637800243	-0.117497597
637800244	-0.483283831
637800245	-0.70484463
637800246	-0.201893282
637800247	-0.031805337
637800248	0.143800049
637800249	0.096698374
637800250	0.413936081
637800251	0.304180111
637800252	0.45650268
637800253	0.090874938
637800254	0.040398777
637800255	0.52712482
637800256	0.022587561
637800257	0.020803473
637800258	0.130288681
637800259	-0.037427316
637800260	-0.086405476
637800261	-0.83516879
637800262	-0.434605744
637800263	-0.3448845
637800264	0.092991334
637800265	-0.540155175
637800266	0.215905728
637800267	-0.043802926
637800268	-0.228933496
637800269	0.009344711
637800270	-0.060444738
637800271	-0.831831616
637800272	0.36677222
637800273	-0.193480516
637800274	0.143263456
637800275	0.132756465
637800276	0.028539383
637800277	-0.222134944
637800278	-0.253106583
637800279	-0.868643414
637800280	0.131206701
637800281	0.033062421
637800282	0.055283123
637800283	0.062780421
637800284	0.071803613
637800285	0.049706005
637800286	-0.302156449
637800287	-0.146754666
637800288	-0.058675725
637800289	-0.061181463
637800290	-2.073779856
637800291	-0.159074537
637800292	0.230681558
637800293	0.169747775
637800294	0.137667012
637800295	-0.043667609
637800296	0.15521019
637800297	0.170715362
637800298	0.127194128
637800299	-0.347624929
637800300	-0.083468991
637800301	0.000901504
637800302	-0.060715588
637800303	0.136573483
637800304	0.273282496
637800305	-0.03517655
637800306	-0.319331179
637800307	-0.275061688
637800308	-0.035396616
637800309	-0.074731317
637800310	0.231187507
637800311	0.032918145
637800312	-0.072888574
637800313	0.028187978
637800314	0.058893007
637800315	0.147951426
637800316	-0.100609055
637800317	-0.343740923
637800318	0.03659401
637800319	0.024597412
637800320	0.036810323
637800321	-0.787643623
637800322	0.053994706
637800323	-0.500401365
637800324	-0.139749982
637800325	0.233544525
637800326	0.048767709
637800327	-0.095671693
637800328	0.025360294
637800329	0.132377562
637800330	0.280694822
637800331	-0.003182405
637800332	-0.118971884
637800333	-0.101443965
637800334	-0.370821177
637800335	-0.127506148
637800336	-0.074728302
637800337	-0.255432185
637800338	0.037804239
637800339	0.325640156
637800340	0.005341682
637800341	-0.156397994
637800342	0.171253354
637800343	0.309918543
637800344	0.269642576
637800345	-0.145465527
637800346	0.069936952
637800347	0.206629549
637800348	-0.306915678
637800349	0.036352517
637800350	0.161268396
637800351	0.18487404
637800352	-0.055382471
637800353	-0.062940402
637800354	-0.183503047
637800355	-0.057754544
637800356	-0.51379514
637800357	-0.205842644
637800358	-0.073139427
637800359	0.110353952
637800360	-0.027518861
637800361	0.051966448
637800362	-0.085181231
637800363	0.119355499
637800364	-0.480956438
637800365	-0.210522591
637800366	-0.125450949
637800367	-0.276782373
637800368	-0.157703962
637800369	0.171105529
637800370	-0.211614604
637800371	0.081054589
637800372	-0.012715308
637800373	0.069292597
637800374	0.119685644
637800375	0.145434902
637800376	-0.079946521
637800377	0.000558718
637800378	-0.18512747
637800379	-0.233675267
637800380	-0.125701368
637800381	-0.133292643
637800382	-0.015477278
637800383	0.020109966
637800384	0.197043418
637800385	-0.007868284
637800386	-0.216709041
637800387	0.331976151
637800389	-0.173382288
637800390	-0.024745986
637800391	-0.096267229
637800392	-1.010094324
637800393	-0.822139992
637800394	0.114897313
637800395	0.118591435
637800396	-0.173015648
637800397	-0.057617594
637800398	-0.199752333
637800399	-0.274146725
637800400	-0.303518019
637800401	-0.177088347
637800402	0.398235686
637800403	-0.687176988
637800404	0.187598965
637800405	-0.255750917
637800406	-0.086566531
637800407	-0.009956335
637800408	0.016979968
637800411	-0.047260417
637800412	0.338527933
637800413	-0.020091722
637800414	0.038528194
637800415	-0.204796477
637800416	0.033667936
637800417	0.30046592
637800418	0.104107318
637800419	-0.119617632
637800420	-0.325369271
637800421	-0.335711442
637800422	0.113982406
637800423	-0.076280337
637800424	0.386653865
637800425	0.011048216
637800426	0.136111446
637800427	-0.628333424
637800428	-0.075880374
637800429	-0.098754495
637800430	-0.164666515
637800431	-0.557995859
637800432	-0.345233563
637800433	0.248423504
637800434	0.145284878
637800435	-0.02422783
637800436	-0.678855772
637800437	-0.079041616
637800438	-0.226076777
637800439	-0.054506478
637800440	-0.040577941
637800441	-0.343332253
637800442	-0.714849974
637800443	-0.017421248
637800444	-0.804795789
637800445	0.079753325
637800446	0.056780179
637800447	-0.323353389
637800448	0.107667936
637800449	-0.187720832
637800450	-0.203306661
637800451	0.023392605
637800452	-0.092492573
637800453	0.200530883
637800454	-0.059153918
637800455	0.063740515
637800456	0.010645804
637800457	0.218757474
637800458	0.060068811
637800459	-0.001034327
637800460	-0.302169546
637800461	-0.145045316
637800462	0.102555228
637800463	0.1030801
637800464	0.139631142
637800465	-0.243452774
637800466	-0.043917246
637800467	0.033225359
637800468	0.134416819
637800469	-0.086768272
637800470	-0.221703459
637800471	-0.109097941
637800472	0.053857174
637800473	0.06712318
637800474	-0.379059898
637800475	0.379392628
637800476	0.363947579
637800477	0.170016673
637800478	0.176398017
637800479	0.209171684
637800480	-0.17977892
637800481	0.048174061
637800482	0.071937442
637800483	-0.079982519
637800484	0.022867974
637800485	-0.055099331
637800486	0.198020634
637800487	0.052196595
637800488	-0.790029876
637800489	0.01844069
637800490	-0.224632738
637800491	-0.578934171
637800492	-0.080662707
637800493	0.562693187
637800494	0.245822575
637800495	-0.051546183
637800496	-0.022041424
637800497	0.030438289
637800498	0.109564302
637800499	-0.102768323
637800500	-0.14049687
637800501	-0.20004742
637800502	0.009991263
637800503	0.108082948
637800504	-0.027182862
637800505	-0.137534854
637800506	-0.422552612
637800507	-0.129802349
637800508	0.052685989
637800509	-0.069610152
637800510	0.057495846
637800511	-0.115181111
637800512	-0.153721069
637800513	-0.164783716
637800514	-0.195375238
637800515	0.113166203
637800516	0.017887499
637800517	-0.215329369
637800518	0.04346767
637800519	0.045332881
637800520	-0.069563503
637800521	-0.127291058
637800522	0.047709596
637800523	-0.21110046
637800524	-1.066769239
637800525	-0.209914952
637800526	-0.080595716
637800527	-1.248038068
637800528	-0.062867484
637800529	0.159193957
637800530	0.057620338
637800531	-0.262492386
637800532	0.01465253
637800533	-0.319785532
637800534	-0.696591942
637800535	-0.007039342
637800536	0.183405325
637800537	0.125843783
637800538	0.085832999
637800539	-0.253129032
637800540	0.182860941
637800541	-0.102304841
637800542	-0.174235475
637800543	-0.020046574
637800544	0.084737356
637800545	0.124287463
637800546	0.062541451
637800547	0.041517992
637800548	-0.482937184
637800549	-0.154065158
637800550	0.278346694
637800551	0.483487825
637800552	0.593355055
637800553	0.02889553
637800554	-0.097479896
637800555	-0.045296867
637800556	0.110330163
637800557	0.004324462
637800558	0.071288461
637800559	-0.124817486
637800560	0.057618646
637800561	0.165187253
637800562	-0.215123986
637800563	-0.036295872
637800564	-0.134685575
637800565	-0.256809098
637800566	-0.636072454
637800567	-0.200019234
637800568	-0.053496917
637800569	0.107430845
637800570	-0.25873738
637800571	-0.36477009
637800572	-0.541839701
637800573	-0.04387552
637800574	-0.160553436
637800575	0.260024159
637800576	-0.044986981
637800577	0.121302708
637800578	0.158374185
637800579	0.00143686
637800580	0.053127191
637800581	0.40549421
637800582	0.084420856
637800583	0.415596679
637800584	0.528028022
637800585	0.037610376
637800586	0.107410533
637800587	-0.143746638
637800588	-0.018544749
637800589	-0.256382741
637800590	0.038609821
637800591	0.030781137
637800592	-0.069833851
637800593	0.007528522
637800594	-0.067753071
637800595	0.037014328
637800596	-0.13491122
637800597	-0.044798492
637800598	-0.096279361
637800599	-0.062727042
637800600	0.398472447
637800601	0.838911849
637800602	0.143760257
637800603	0.013622759
637800604	0.11468944
637800605	0.2614147
637800606	0.177454197
637800607	0.302590387
637800608	0.037098386
637800609	-0.072029714
637800610	-0.044741865
637800611	-0.035239012
637800612	-0.041670524
637800613	-0.086808421
637800614	-0.496481389
637800615	-0.052766557
637800616	-0.589008712
637800617	-0.704979752
637800618	-0.305697387
637800619	-0.200510089
637800620	-0.02614671
637800621	-0.024615665
637800622	0.299109686
637800623	0.007206595
637800624	-0.058179135
637800625	-0.581802483
637800626	-0.108494373
637800627	0.013772434
637800628	-0.048090584
637800629	0.080797897
637800630	-0.375038362
637800631	-0.318805319
637800632	-0.183324063
637800633	-0.005450264
637800634	-0.100569807
637800635	-0.369356192
637800636	-0.163627511
637800637	-0.320010262
637800638	-0.026570192
637800639	-0.176112943
637800640	-0.047820546
637800641	-0.529602509
637800642	-0.257611519
637800643	0.030311461
637800644	0.005922697
637800645	-0.306939964
637800646	-0.107781754
637800647	-0.11801938
637800648	-0.045846609
637800650	-0.403881969
637800651	-0.617397225
637800652	0.06937859
637800653	0.093326217
637800654	0.084873831
637800655	0.038055188
637800657	-0.044782693
637800658	0.223559521
637800659	0.072425952
637800660	0.045981774
637800661	0.136271897
637800662	-0.086787618
637800663	-0.107321292
637800664	-0.06410953
637800665	0.103195367
637800666	0.018599504
637800667	0.137953261
637800668	0.291500887
637800669	0.246118194
637800670	0.097599748
637800671	-0.067707684
637800672	0.197240034
637800673	-0.016866383
637800674	0.103320477
637800675	0.149361746
637800676	0.132165708
637800677	-0.053789421
637800678	0.173351979
637800679	0.126699097
637800680	-0.164567964
637800681	0.2312286
637800682	0.029183467
637800683	-0.189593873
637800684	-0.326641191
637800685	-0.356872751
637800686	-0.029418057
637800687	0.173229571
637800688	-0.114490629
637800689	-0.231559666
637800690	-0.079182532
637800691	0.052937789
637800692	-0.283915928
637800693	0.176120323
637800694	-0.035698968
637800695	-0.594971262
637800696	-0.295185499
637800697	0.051882331
637800698	-0.178728432
637800699	-0.026665535
637800700	-0.526773106
637800701	-0.794215503
637800702	-0.13358103
637800703	-0.260490034
637800704	-0.473166422
637800705	-0.08475609
637800706	0.074059371
637800707	-0.05941581
637800708	-0.266424806
637800709	0.087174555
637800710	0.208164801
637800711	-0.375655115
637800712	-0.139343197
637800713	0.166353614
637800714	-1.694236014
637800715	-0.631937371
637800716	0.135955161
637800717	0.050998531
637800718	0.017069018
637800719	-0.056229911
637800720	0.342010415
637800721	0.094056276
637800722	-0.115515174
637800723	0.760571952
637800724	0.02457177
637800725	-0.00199812
637800726	-0.440791732
637800727	0.151087238
637800728	0.406559866
637800729	0.141651695
637800730	0.080588969
637800731	0.052571464
637800732	0.077352212
637800733	-0.115621963
637800734	-0.164504216
637800735	0.067444945
637800736	0.079246571
637800737	-0.24084034
637800738	0.148395299
637800740	-0.051013986
637800741	-0.277938921
637800742	-0.038314935
637800743	0.024407393
637800744	0.051824557
637800745	-0.773151351
637800746	-0.051288626
637800747	-0.129261678
637800748	-0.177627897
637800749	-0.634083241
637800750	-0.047108293
637800751	-0.049248218
637800752	0.01313501
637800753	0.100747935
637800754	-0.632144663
637800755	-0.375023463
637800756	-0.501724092
637800757	0.157222016
637800758	0.007234533
637800759	-0.212788419
637800760	-0.212602873
637800761	-0.032081872
637800762	-0.354428795
637800763	1.01489474
637800764	0.297641783
637800765	-0.309432755
637800766	-0.013267605
637800767	-0.244086428
637800768	-0.178238219
637800769	-0.622129991
637800770	-0.481597271
637800771	-0.261259002
637800772	0.093954985
637800773	-0.094298809
637800774	-0.76383943
637800775	0.329517716
637800776	-0.07243294
637800777	-0.177729027
637800778	0.156104662
637800779	-0.038216873
637800780	-0.418136055
637800781	-0.931206755
637800782	-1.014597649
637800783	-1.144896001
637800784	-2.075945073
637800785	-0.570091674
637800786	-0.036735006
637800787	0.020544515
637800788	0.035155408
637800789	-0.133213563
637800790	0.088779114
637800791	0.182182498
637800792	-0.124189447
637800793	-0.420372671
637800794	-0.1683907
637800795	-0.046609209
637800796	-0.108231445
637800797	0.073853478
637800798	-0.03821968
637800799	-0.100149112
637800800	-0.437681681
637800801	0.156030312
637800802	-0.181003933
637800803	-0.156539214
637800804	0.129118188
637800805	0.088498345
637800806	-0.090607584
637800807	0.174397785
637800808	0.182986154
637800809	-0.195047675
637800810	-0.069967978
637800811	-0.01824852
637800812	-0.174601087
637800813	-0.197161153
637800814	-0.699887041
637800815	-0.102462118
637800816	0.016687992
637800817	-0.021958952
637800818	0.126748921
637800819	-0.010491558
637800820	-0.049894447
637800821	-0.054344941
637800822	0.022658248
637800823	-0.087079966
637800824	-0.01309144
637800825	0.10828177
637800826	-0.319082224
637800827	0.044904953
637800828	-0.485629598
637800829	0.046344513
637800830	0.033640449
637800831	0.140264548
637800832	-0.503282057
637800833	-0.494274434
637800834	-0.330869556
637800835	-0.543151586
637800836	-0.839923086
637800837	-0.354356438
637800838	-0.179502182
637800839	-0.177755716
637800840	0.627981824
637800841	0.074609578
637800842	-0.046419773
637800843	-0.439932228
637800844	0.204090206
637800845	0.131107746
637800846	0.019177672
637800847	0.02006485
637800848	0.33376966
637800849	-0.656809335
637800850	0.058196894
637800851	0.027764122
637800852	-0.144203963
637800853	0.120837972
637800854	-0.019860365
637800855	-0.291337801
637800856	-0.196914832
637800857	-0.168778922
637800858	-0.022003842
637800859	0.121670709
637800860	-0.163388024
637800861	0.006327771
637800862	-0.070541517
637800863	0.336295825
637800864	-0.023584079
637800865	-0.075749342
637800866	-0.147157382
637800867	-0.258143747
637800868	0.135755858
637800869	0.026747458
637800870	-0.113971775
637800871	-0.024199098
637800872	-0.167364565
637800873	0.313790231
637800874	-0.096078638
637800875	0.072449722
637800876	-0.151844362
637800877	0.00568878
637800878	0.05130278
637800879	-0.223845645
637800880	-0.374646437
637800881	-0.143133085
637800882	-0.085916131
637800883	0.021600934
637800884	0.088150075
637800885	-0.122285174
637800886	0.338575236
637800887	-0.525543323
637800888	0.06787028
637800889	0.067260717
637800890	0.096663563
637800891	0.143977203
637800892	-0.054056445
637800893	0.05861652
637800894	-0.365396227
637800895	-0.244592923
637800896	-0.188476428
637800897	-0.237859255
637800898	-0.036092798
637800899	-0.124222531
637800900	-0.038335829
637800901	0.048877219
637800902	-0.385558763
637800903	-0.162326079
637800905	-0.138747029
637800906	0.086645442
637800907	-0.372104885
637800908	0.256890598
637800909	0.108508773
637800910	-0.901787839
637800911	-0.029895726
637800912	-0.024492596
637800913	-0.306438447
637800914	-0.831608422
637800915	0.049125253
637800916	0.15981829
637800917	-0.618172651
637800918	0.210905629
637800919	0.04131408
637800920	0.151406408
637800921	0.248475787
637800922	-0.342941931
637800923	-0.013597757
637800924	0.150373283
637800925	-0.273311664
637800926	0.049862599
637800927	-0.055953793
637800928	-0.044333897
637800929	0.251115573
637800930	0.324556367
637800931	0.39331753
637800932	0.305217539
637800933	-0.109427705
637800934	-0.424067296
637800935	-0.381485331
637800936	0.050117447
637800937	-0.359700243
637800938	-0.060440612
637800939	-0.047335355
637800940	-0.157824384
637800941	0.066828193
637800942	-0.033525685
637800943	-0.056483603
637800944	0.146094013
637800945	0.153513594
637800946	-0.158204716
637800947	-0.206105799
637800948	-0.172694907
637800949	-0.399220834
637800950	-0.310964051
637800951	0.165541145
637800952	0.088390208
637800953	0.188469882
637800954	-0.09634443
637800955	-0.160100466
637800956	-0.555411136
637800957	0.097164525
637800958	-0.059976443
637800959	-0.055524053
637800960	0.44249365
637800961	0.096856151
637800962	0.027593799
637800963	-0.042641492
637800964	-0.097806439
637800965	-0.181400536
637800966	0.044715353
637800967	0.075798892
637800968	-0.096216974
637800969	0.062087388
637800970	0.060162292
637800971	-0.087194689
637800972	-0.024323556
637800973	0.15807784
637800974	-0.504301092
637800975	-0.336668294
637800976	0.015764905
637800978	-0.110338185
637800979	-0.68962673
637800980	0.226802359
637800981	-0.381096308
637800982	0.059822669
637800983	0.176333773
637800984	0.044803208
637800985	-0.286190375
637800986	-0.016295923
637800987	0.010686374
637800988	-0.447909382
637800989	0.080869312
637800990	0.242655543
637800991	-0.437498805
637800992	-0.088927754
637800993	-0.038981613
637800994	-0.243513837
637800995	0.160910942
637800996	-0.097337111
637800997	-0.284357115
637800998	0.049735362
637800999	-0.288416392
637801000	0.013759993
637801001	-0.341499185
637801002	0.103410693
637801003	-0.283238773
637801004	-0.446523563
637801005	-0.805323164
637801006	-0.661953283
637801007	-1.027768916
637801008	-0.30145394
637801009	0.110633903
637801010	0.025090784
637801011	-0.340628676
637801012	-0.101710002
637801013	-0.090917216
637801014	0.215330943
637801015	0.360262798
637801016	-0.216888247
637801017	-0.007052394
637801018	-0.069100334
637801019	0.112568233
637801020	0.080175925
637801021	-0.085066538
637801022	-0.01764751
637801023	-0.004497379
637801024	0.01881084
637801025	-0.021850587
637801029	0.121217774
637801030	-0.142705114
637801031	-0.042423973
637801032	-0.121475976
637801033	0.022350633
637801034	0.093806857
637801035	0.004902893
637801036	-0.054780138
637801037	0.241661301
637801038	-0.006579084
637801040	0.220872572
637801041	-0.032414793
637801042	0.06282478
637801043	0.045415781
637801044	-1.666244325
637801045	-1.50424861
637801046	0.174778086
637801047	-0.32149767
637801048	0.029331342
637801049	0.048840729
637801050	-0.214782189
637801051	-0.109451922
637801052	-0.167590388
637801053	0.067620329
637801054	-0.290899583
637801055	-0.123257339
637801056	-0.287700788
637801057	-0.236902601
637801058	0.038818126
637801059	-0.057730782
637801060	-0.037060421
637801061	-0.223586147
637801062	-0.419332952
637801063	-0.514755573
637801064	-0.009006904
637801065	-0.037509692
637801066	-0.006860955
637801067	-0.222688033
640711016	-0.504021799
640711017	0.217054093
640711018	0.368314042
640711019	-0.600650361
640711020	-0.091743912
640711021	-0.351971729
640711022	-0.341663018
640711023	-0.589715414
640711024	0
640711025	0
640711026	0
640711027	0
640711028	0
640711029	-0.616841542
640711030	-0.208308558
640711031	-0.666471808
640711032	-1.16236523
640711033	-1.08064284
640711034	-0.548065725
640711035	-0.587961335
640711036	-0.463842975
640711037	-1.008573244
640711038	-0.094474176
640711039	0.211805299
640711040	-0.476480147
640711041	-0.504943664
640711042	-0.049972197
640711043	-0.152010113
640711044	-0.836251425
640711045	-0.794408093
640711046	-0.372103378
640711047	-0.308456075
640711048	-0.403829175
640711049	-0.467492984
640711050	-0.490122048
640711051	-0.363170116
640711052	-0.5095508
640711053	-0.284117141
640711054	-0.655895892
640711055	-0.084550069
640711056	-0.164379461
640711057	-0.316112158
640711058	-0.367741047
640711059	-0.165845494
640711060	-0.182639596
640711061	-1.107782556
640711062	-0.820977001
640711063	-0.631425929
640711064	-0.571037906
640711065	-0.838087159
640711066	-1.343418098
640711067	0.110444216
640711068	-0.227281731
637798356	-0.160203598
637798357	0.130707075
637798358	-0.019778335
637798359	-0.241310458
637798360	-0.137246064
637798361	-0.029014703
637798362	-0.178339218
637798363	-0.075719872
637798364	-0.121433672
637798365	0.210486241
637798366	-0.021098807
637798367	-0.088100266
637798368	-0.239848848
637798369	-0.02295076
637798370	0.055436459
637798371	-0.227499565
637798372	0.006031029
637798373	-0.172957597
637798374	-0.060670156
637798375	-0.00783525
637798376	0.036881361
637798377	-0.156986171
637798378	-0.159297013
637798379	-0.010644763
637798380	-0.182195003
637798381	-0.120546524
637798382	-0.196403725
637798383	-0.506627913
637798384	-0.042600213
637798385	0.280133592
637798386	0.181272627
637798387	-0.430274655
637798388	0.055945807
637798389	0.043309631
637798390	-0.113301892
637798391	-0.179554915
637798392	0.13894923
637798393	-0.032173521
637798394	-0.116745702
637798395	-0.155386948
637798396	0.257804943
637798397	-0.022707602
637798398	-0.125619304
637798399	-0.13680809
637798400	-0.524660961
637798401	-0.013271453
637798402	0.184502417
637798403	0.085124275
637798404	-0.019914631
637798405	0.046147955
pANS_predictedORF_1	0.174337282
pANS_predictedORF_2	-0.086226748
pANS_predictedORF_3	-0.38317195
pANS_predictedORF_4	-0.285430225
pANS_predictedORF_5	-0.044820086
pANS_predictedORF_6	-0.189853065
pANS_predictedORF_7	-0.013609248
pANS_predictedORF_8	-0.089312234
