Reporter Identifier	VALUE
637798406	-0.038826371
637798407	-0.163074759
637798408	0.11388011
637798409	0.028575867
637798410	-0.090398216
637798411	-0.094712321
637798412	-0.034115732
637798413	0.067208993
637798414	-0.04981449
637798415	-0.214160343
637798416	-0.427515887
637798417	-0.129665963
637798418	0.591905212
637798419	-0.29755958
637798420	-0.129942784
637798421	-0.316014863
637798422	-0.142756154
637798423	0.109710876
637798424	0.203985385
637798425	-0.126252621
637798426	-0.189000858
637798427	-0.40622804
637798428	-0.127994253
637798429	-0.236539128
637798430	-0.055168077
637798431	0.002379301
637798432	-0.062888266
637798433	0.588591261
637798434	-0.037690907
637798435	0.134917032
637798436	-0.107315618
637798437	0.150960829
637798438	-0.278570505
637798439	0.159871412
637798440	-0.17008466
637798441	0.01518878
637798442	-0.282577004
637798443	0.02697075
637798444	-0.664645171
637798445	0.19571781
637798446	-0.060243937
637798448	-0.460877059
637798449	-0.220547761
637798450	0.131308259
637798451	-0.076919879
637798452	-0.25982477
637798453	-0.135040281
637798454	-0.239379938
637798455	0.09191192
637798456	-0.221863797
637798457	0.008354352
637798458	-0.31698255
637798459	-0.263264785
637798460	-0.08993962
637798461	-0.233021159
637798462	0.034165786
637798463	-0.150853635
637798464	0.001775895
637798465	0.021381431
637798466	-0.212393128
637798467	-0.043170214
637798468	-0.189624355
637798469	-0.25279423
637798470	0.066861716
637798471	-0.03218803
637798472	-0.282132027
637798473	0.080335598
637798474	-0.129387632
637798475	0.202545393
637798476	-0.030509138
637798477	-0.002502162
637798478	-0.120036248
637798479	0.17674022
637798480	-0.066490993
637798481	-0.291548783
637798482	-0.06931667
637798483	0.016094159
637798484	-0.120964201
637798485	-0.017359146
637798486	0.150274523
637798487	-0.229616785
637798488	0.089659805
637798489	-0.062317694
637798490	0.151117221
637798491	-0.085559259
637798492	-0.22317397
637798493	0.136588221
637798494	-0.146686391
637798495	-0.158824234
637798496	-0.263281178
637798497	0.139832529
637798498	-0.444458465
637798499	-0.214421373
637798500	-0.050006861
637798501	-0.027456992
637798502	-0.058849171
637798503	-0.009446675
637798504	-0.109429979
637798505	0.018005317
637798506	-0.467670448
637798507	-0.303040191
637798508	-0.032675688
637798509	-0.018090098
637798510	0.083724184
637798511	-0.166166829
637798512	-0.048808737
637798513	-0.114871464
637798514	0.253395275
637798515	-0.047017213
637798516	0.118555449
637798517	-0.187228773
637798518	0.011790165
637798519	-0.120079518
637798520	-0.406175789
637798521	-0.012766177
637798522	0.260599503
637798523	0.018249349
637798524	0.051199915
637798525	-0.196108021
637798526	-0.288696512
637798527	-0.124414285
637798528	-0.144900605
637798529	-0.091526886
637798530	-0.03461581
637798531	-0.099465572
637798532	-0.00758447
637798533	-0.347338531
637798534	-0.072631627
637798535	0.195280391
637798536	-0.238615909
637798537	0.206117097
637798538	0.352101047
637798539	0.101098627
637798540	0.111781301
637798541	0.188005166
637798542	0.054791975
637798543	0.012470404
637798544	0.002279835
637798545	-0.17149411
637798546	-0.334275
637798547	-0.164242403
637798548	-0.100873113
637798549	-0.393130174
637798550	0.029635863
637798551	0.015174368
637798552	0.159525502
637798553	-0.033164268
637798554	-0.082822835
637798555	-0.058881501
637798556	0.020923278
637798557	0.120368604
637798558	0.153413884
637798559	-0.083482464
637798560	0.202597077
637798561	-0.19327502
637798562	-0.13221442
637798563	-0.218870262
637798564	-0.04994801
637798565	-0.146891763
637798566	-0.089495913
637798567	0.061114991
637798568	0.196345978
637798569	0.24185749
637798570	-0.118410469
637798571	0.012571154
637798572	0.139462797
637798573	-0.20190034
637798574	-0.185326545
637798575	-0.080928373
637798576	-0.161538497
637798577	0.049181727
637798578	-0.035154885
637798579	-0.088232275
637798580	0.069882054
637798581	-0.016337683
637798582	-0.312670763
637798583	-0.06086365
637798584	-0.33504717
637798585	-0.177348067
637798586	0.059235136
637798587	-0.301064922
637798588	0.085864207
637798589	-0.083085098
637798590	-0.023768867
637798591	-0.086034157
637798592	-0.01675271
637798593	-0.150491634
637798594	-0.156893003
637798595	-0.131577678
637798596	-0.156890039
637798597	-0.025904752
637798598	-0.383810579
637798599	-0.090534322
637798600	-0.049515435
637798601	0.457244802
637798602	0.019632791
637798603	0.084351548
637798604	0.144283548
637798605	-0.145267961
637798606	0.041832614
637798607	-0.126130866
637798608	0.049946671
637798609	-0.231934197
637798610	0.109233759
637798611	0.016802195
637798612	0.036367989
637798613	-0.158760371
637798614	-0.08404284
637798615	0.072726357
637798616	0.211881928
637798617	0.262860341
637798618	0.020398426
637798619	-0.080390394
637798620	-0.040473657
637798621	-0.055173089
637798622	0.024379546
637798623	0.168838834
637798624	-0.132944454
637798625	-0.050053414
637798626	0.026937778
637798627	0.258380248
637798628	-0.11577084
637798629	0.00544314
637798630	-0.139606505
637798631	-0.31299915
637798632	0.167356729
637798633	0.044658711
637798634	-0.24412892
637798635	-0.153946786
637798636	0.084920382
637798637	-0.261479243
637798638	-0.069656789
637798639	-0.152834443
637798640	-0.267363659
637798641	-0.320933666
637798642	-0.528658564
637798643	0.014442867
637798644	-0.013354031
637798645	0.086821768
637798646	-0.223766062
637798647	0.060937305
637798648	0.013058665
637798649	0.798640865
637798650	-0.038166299
637798651	-0.25010739
637798652	-0.027579096
637798653	0.040647301
637798654	-0.246613285
637798655	0.079067358
637798656	0.006028897
637798657	-0.04871973
637798658	0.329922803
637798659	0.889146337
637798660	0.377160729
637798661	-0.338562464
637798662	-0.356141252
637798663	0.033073706
637798664	-0.120776457
637798665	-0.851798658
637798666	0.209683567
637798667	-0.021841772
637798668	0.277312764
637798669	-0.282175436
637798670	-0.138151655
637798671	0.004008427
637798672	0.042751783
637798673	0.186579447
637798674	-0.047342332
637798675	0.307908959
637798676	0.011002645
637798677	-0.083453501
637798678	-0.115087889
637798679	0.037886779
637798680	-0.070570466
637798681	-0.160402398
637798682	-0.163286178
637798683	-0.017854557
637798684	-0.159032498
637798685	-0.137897442
637798686	0.145968824
637798687	0.174481056
637798688	-0.273746583
637798689	-0.095923197
637798690	-0.210905626
637798691	-0.321134261
637798692	0.001800268
637798693	-0.098579171
637798694	0.11579591
637798695	-0.167857202
637798696	-0.175585247
637798697	-0.099422252
637798698	-0.057553964
637798699	-0.15604535
637798700	-0.060673743
637798701	-0.139125224
637798702	0.191784301
637798703	-0.306558368
637798704	-0.152329451
637798705	-0.05854833
637798706	0.070742344
637798707	-0.006707623
637798708	-0.05154364
637798709	-0.232963376
637798710	-0.291808804
637798711	-0.143257631
637798712	-0.171830977
637798713	0.051499213
637798714	0.063439695
637798715	0.215201029
637798716	-0.043867335
637798717	0.03527597
637798718	-0.018616302
637798719	0.229997056
637798720	0.159840983
637798721	-0.281539414
637798722	-0.000733612
637798723	-0.012037705
637798724	-0.140334391
637798725	0.084590896
637798726	-0.114309597
637798727	0.14268163
637798728	0.320325728
637798729	0.191440773
637798730	0.0200641
637798731	-0.114087408
637798732	0.063271608
637798733	0.065476405
637798734	0.280143091
637798735	-0.010724219
637798736	0.367049323
637798737	0.217119578
637798738	0.459756095
637798739	0.335725615
637798740	0.259989582
637798741	0.147276518
637798742	0.200349681
637798743	0.039939928
637798744	0.062969433
637798745	-0.20665595
637798746	-0.036166347
637798747	-0.061410214
637798748	-0.426270564
637798749	-0.480508398
637798750	-0.130668842
637798751	-0.075116529
637798752	-0.021702162
637798753	0.072076978
637798754	-0.1488231
637798755	0.096085148
637798756	0.215397934
637798757	-0.082896704
637798758	0.032108721
637798759	-0.131618303
637798760	-0.089693009
637798761	-0.157792847
637798762	0.074691709
637798763	0.085307221
637798764	-0.018718333
637798765	0.210954841
637798766	0.010019821
637798767	-0.425116416
637798768	-0.051926283
637798769	-0.065752767
637798770	0.502619054
637798771	-0.444713738
637798772	0.100514476
637798773	0.044579085
637798774	-0.296500425
637798775	-0.003968704
637798776	0.123816049
637798777	0.000589072
637798778	-0.021536666
637798779	-0.141137696
637798780	-0.196247104
637798781	0.129257364
637798782	0.190331195
637798783	-0.281734252
637798784	-0.342063532
637798785	-0.135514527
637798786	0.067590939
637798787	-0.3447765
637798788	-0.260158453
637798789	-0.490212755
637798790	-0.025807567
637798791	-0.04402991
637798792	0.033017342
637798793	0.083522601
637798794	0.062084907
637798795	0.098869053
637798796	0.096443876
637798797	0.036074614
637798798	0.119964513
637798799	-0.002218864
637798800	0.010270332
637798801	0.262304539
637798802	0.147884651
637798803	0.101418103
637798804	-0.211280151
637798805	-0.032872655
637798806	-0.562322561
637798807	-0.059541392
637798808	0.12779532
637798809	-0.076531389
637798810	-0.091392027
637798811	0.018731893
637798812	0.047838593
637798813	-0.531469025
637798814	-0.093545839
637798815	-0.002183051
637798816	-0.170681269
637798817	0.077360321
637798818	0.169740627
637798819	-0.107900436
637798820	0.19279811
637798821	-0.103176912
637798822	-0.553593173
637798823	-0.566178254
637798824	-0.319184338
637798825	-0.048086031
637798826	-0.148917374
637798827	0.078276375
637798828	-0.387238305
637798829	-0.088393725
637798830	-0.121072423
637798831	0.258944682
637798832	0.116594159
637798833	-0.191703875
637798834	-0.313213326
637798835	-0.230497509
637798836	-0.312196425
637798837	-0.06056631
637798838	0.080372713
637798839	-0.250725412
637798840	-0.131912631
637798841	-0.006382953
637798842	0.025203808
637798843	-0.329912625
637798844	0.097800929
637798845	-0.157885025
637798846	-0.260452294
637798847	-0.088486699
637798848	-0.635761015
637798849	0.080955391
637798850	0.417352756
637798851	0.003141514
637798852	0.061351635
637798853	-0.105084877
637798854	0.348618865
637798855	-0.100991805
637798856	0.134086814
637798857	-0.068308649
637798858	-0.086043324
637798860	-0.099886711
637798861	-0.316724222
637798862	0.009318601
637798863	-0.170751083
637798864	-0.130790994
637798865	-0.080596449
637798866	-0.141890577
637798867	-0.108615551
637798868	0.041026755
637798869	-0.045059979
637798870	0.10027732
637798871	-0.619796153
637798872	-0.011586892
637798873	0.024130272
637798874	0.277429597
637798875	-0.167703877
637798876	-0.206319986
637798877	-0.072104395
637798878	0.085728888
637798879	0.015186753
637798880	0.023372708
637798881	-0.199060792
637798882	0.054485797
637798883	-0.113998707
637798884	-0.258620411
637798885	0.079549237
637798886	0.234336899
637798887	-0.205629995
637798888	-0.112103508
637798889	0.145419866
637798890	-0.060704216
637798891	0.099984931
637798892	0.07781007
637798893	0.055053627
637798894	-0.046580246
637798895	0.177343577
637798896	-0.04263959
637798897	-0.292179252
637798898	-0.193906493
637798899	-0.081408491
637798900	-0.206751141
637798901	0.027628248
637798902	-0.39140498
637798903	0.004291875
637798904	-0.225384214
637798905	-0.247567104
637798906	-0.210021634
637798907	-0.071180617
637798908	-0.059947321
637798909	-0.015997607
637798910	-0.129218825
637798911	-0.190386918
637798912	-0.253925354
637798913	-0.22819394
637798914	-0.336362218
637798915	0.001644538
637798916	-0.108172537
637798917	-0.056054443
637798918	0.005588276
637798919	-0.228413174
637798920	0.22312548
637798921	-0.022616268
637798922	-0.045481363
637798923	-0.181453248
637798924	-0.16067137
637798926	0.081302469
637798927	-0.025306357
637798928	0.132469539
637798929	-0.029134211
637798930	0.234493133
637798931	0.005122087
637798932	-0.222200604
637798933	-0.08954481
637798934	-0.095312381
637798935	-0.160047467
637798936	0.240269298
637798937	0.172922114
637798938	-0.053284188
637798939	0.187930949
637798940	0.186755673
637798941	-0.041881985
637798942	0.009343362
637798943	0.028229566
637798944	0.113674071
637798945	0.205301047
637798946	0.057631759
637798947	0.073192504
637798948	0.069367457
637798949	0.091060297
637798950	-0.116920852
637798951	-0.267894982
637798952	-0.029849211
637798953	0.078111459
637798954	-0.198371009
637798955	-0.007440422
637798956	-0.211703498
637798957	0.064580787
637798958	0.146942037
637798959	-0.944009189
637798960	-0.034240464
637798961	0.006020209
637798962	-0.309420061
637798963	-0.032982031
637798964	-0.278563439
637798965	-0.190945037
637798966	-0.31435712
637798967	0.111335173
637798968	0.142649684
637798969	-0.071414105
637798970	0.23883694
637798971	-0.158455152
637798972	-0.117771486
637798973	-0.202313113
637798974	-0.014781266
637798975	-0.135244835
637798976	-0.092328426
637798977	-0.677155258
637798978	0.413602112
637798979	-0.034230407
637798980	-0.007615143
637798981	-0.330217199
637798982	-0.099927352
637798983	-0.110005937
637798984	0.110042933
637798985	-0.25150628
637798986	-0.350808945
637798987	-0.162514728
637798988	0.259257709
637798989	-0.236294875
637798990	0.070308783
637798991	0.11367692
637798992	-0.012427404
637798993	-0.055043193
637798994	-0.025347214
637798998	-0.078343497
637798999	-0.124681511
637799000	-0.388538083
637799001	0.037177579
637799002	0.008662507
637799003	0.003600749
637799004	0.060866213
637799005	0.007588507
637799006	-0.209707167
637799007	0.031283044
637799008	0.114614662
637799009	-0.659336181
637799010	-0.108673727
637799011	-0.067867703
637799012	0.064237385
637799013	-0.333204499
637799014	-0.117302664
637799015	0.027234357
637799016	-0.067955109
637799017	-0.135715851
637799018	-0.164372868
637799019	0.153179449
637799020	-0.086570853
637799021	0.332252702
637799022	0.011234069
637799023	-0.05269465
637799024	-0.060101942
637799025	-0.050196963
637799026	-0.197550814
637799027	-0.078863361
637799028	0.335639811
637799029	-0.182846246
637799030	-0.104800186
637799031	0.346387174
637799032	0.100770169
637799033	0.055965621
637799035	0.073759629
637799036	0.084073123
637799037	0.266603005
637799038	0.042042927
637799039	-0.192654865
637799040	0.275685326
637799041	0.249937394
637799042	-0.00431022
637799043	0.242857943
637799044	0.139551779
637799045	0.024253118
637799046	0.0068405
637799047	0.278785749
637799048	0.0253188
637799049	0.091456012
637799050	0.342606135
637799051	0.222910476
637799052	0.34823912
637799053	0.244739031
637799054	0.135703041
637799055	-0.032980567
637799056	0.152951719
637799057	0.202393009
637799058	-0.094975258
637799059	-0.174471128
637799060	-0.331050081
637799061	0.203251481
637799062	-0.084021107
637799063	0.161997041
637799064	-0.019663378
637799065	0.0354848
637799066	0.09535843
637799067	0.002395294
637799068	0.16790035
637799069	-0.275552003
637799070	-0.107679438
637799071	0.172067361
637799072	-0.131204773
637799073	-0.057516561
637799074	-0.005011161
637799075	-0.246144279
637799076	-0.04358323
637799077	0.027464833
637799078	-0.309435906
637799079	-0.474343376
637799080	-0.613159252
637799081	0.122917194
637799082	-0.016745175
637799083	-0.19035324
637799084	0.624627039
637799085	0.092884436
637799086	-0.090089248
637799087	0.194752956
637799088	-0.009832635
637799089	-0.230815146
637799090	-0.00271169
637799091	-0.441977953
637799092	-0.2539679
637799093	0.02738448
637799094	-0.051268582
637799095	-0.061777141
637799096	-0.200672913
637799097	0.240308924
637799098	-0.261633158
637799099	-0.065246322
637799100	-0.068650505
637799101	0.024014766
637799102	-0.298787607
637799103	-0.247695476
637799104	-0.001281026
637799105	-0.002633232
637799106	-0.351457337
637799107	-0.261313108
637799108	-0.323258361
637799109	0.050174697
637799110	0.291452473
637799111	-0.255565746
637799112	0.415866803
637799113	-0.120221556
637799114	0.104832348
637799115	0.005230528
637799116	0.033001232
637799117	0.106108239
637799118	-0.096884829
637799119	-0.16054774
637799121	-0.440898454
637799122	0.194168649
637799123	-0.088606276
637799124	-0.052255519
637799125	-0.119450701
637799126	-0.032944275
637799127	0.037349025
637799128	-0.173648196
637799129	-0.014495289
637799130	-0.230173167
637799131	0.055946371
637799132	0.140887247
637799133	-0.003183605
637799134	-0.036993597
637799135	-0.199920477
637799136	0.364944485
637799137	0.011378641
637799138	-0.179434223
637799139	0.269551127
637799140	-0.140363862
637799141	0.141882065
637799142	0.177667043
637799143	-0.149941911
637799144	-0.014166105
637799146	0.436058966
637799147	0.30400342
637799148	0.286055421
637799149	0.285183143
637799150	0.214097438
637799151	0.350650128
637799152	0.346768381
637799153	0.287517506
637799154	-0.129206568
637799155	-0.029423811
637799157	0.103014551
637799158	0.043853743
637799159	0.070132613
637799160	-0.043305924
637799161	0.042716076
637799162	-0.051269203
637799163	0.185079521
637799164	0.130199185
637799165	0.110408096
637799166	0.04900884
637799167	0.314016536
637799168	-0.287249732
637799169	0.022833789
637799170	-0.187635998
637799171	-0.103250052
637799172	-0.208578895
637799173	-0.095517814
637799174	-0.215547037
637799175	-0.157196781
637799176	-0.207470557
637799177	-0.272987542
637799178	0.063677586
637799179	0.241966964
637799180	-0.09145463
637799181	0.011669786
637799182	-0.143567508
637799184	0.018836354
637799185	0.072451599
637799186	0.049597353
637799187	0.071900109
637799188	0.10218814
637799189	0.004432605
637799190	-0.268865749
637799191	-0.070687849
637799192	-0.307834763
637799193	0.131160889
637799194	-0.101156926
637799195	-0.119605208
637799196	-0.294236968
637799197	-0.074953367
637799198	0.003787101
637799199	0.195211186
637799200	-0.21669467
637799201	-0.051671629
637799202	-0.151557085
637799203	0.0980228
637799204	-0.085863816
637799205	-0.023717717
637799206	-0.299572686
637799207	-0.32633977
637799208	0.140944186
637799209	-0.493233794
637799210	0.350967717
637799211	-0.048316364
637799212	0.139054762
637799213	-0.110878216
637799214	-0.140166602
637799215	-0.033340894
637799216	-0.045732119
637799217	0.154934486
637799218	0.167035851
637799220	-0.085630508
637799221	0.106677982
637799222	0.135927447
637799223	0.177925124
637799224	-0.217852139
637799225	0.111968152
637799226	-0.087244368
637799227	0.066939901
637799228	-0.138206638
637799229	0.051472412
637799230	0.083427921
637799231	-0.263221706
637799232	0.238605155
637799233	-0.165245035
637799234	-0.026287486
637799235	-0.363626697
637799236	-0.184714904
637799237	-0.244289079
637799238	-0.129587074
637799239	0.281162979
637799240	-0.190875755
637799241	-0.068108848
637799242	-0.276103437
637799243	-0.036284716
637799244	0.295327626
637799245	0.263942602
637799246	-0.073268252
637799247	-0.021688617
637799248	-0.048152854
637799249	0.160819828
637799250	-0.829456745
637799251	-0.122663929
637799252	-0.15213779
637799253	-0.436043391
637799254	-0.142812634
637799255	-0.176981609
637799256	-0.286002401
637799257	0.019318659
637799258	0.054571059
637799259	-0.133832052
637799260	-0.26397117
637799261	-0.121377211
637799262	-0.114125471
637799263	0.040544062
637799264	0.100133924
637799265	-0.005252855
637799266	-0.261655209
637799267	-0.149872975
637799268	-0.087747751
637799270	-0.150982735
637799271	-0.48540487
637799272	-0.487713871
637799273	-0.36337051
637799274	-0.381320868
637799275	-0.235880849
637799276	-0.324856201
637799277	-0.081143236
637799278	-0.42010334
637799279	0.017389374
637799280	-0.111135777
637799281	0.082194053
637799282	-0.290234803
637799283	-0.445502224
637799284	-0.119032402
637799285	0.048888436
637799286	-0.169140474
637799287	-0.500579267
637799288	-0.163653007
637799289	-0.288004741
637799290	-0.165857969
637799291	-0.131091744
637799292	-0.243668664
637799293	0.122288499
637799294	-0.060094386
637799295	0.115293622
637799296	0.010866078
637799297	-0.149726437
637799298	0.1377274
637799299	-0.145913015
637799300	0.185756532
637799301	-0.051024594
637799302	0.256427242
637799303	0.188321785
637799304	0.067165338
637799305	0.021231644
637799307	0.118942621
637799308	-0.998353657
637799309	0.054708028
637799310	-0.155668159
637799311	-0.139160257
637799312	-0.287299461
637799313	-0.09154799
637799314	-0.077964008
637799315	-0.213627692
637799316	0.018442158
637799317	-1.217868649
637799318	-0.163574747
637799319	-0.099820874
637799320	0.032444871
637799321	-0.378682959
637799322	0.087663672
637799323	-0.313470081
637799324	-0.1207069
637799325	0.018096177
637799326	-0.094176874
637799327	-0.271179828
637799328	0.005905609
637799329	0.014832506
637799330	-0.006782429
637799331	0.227061404
637799332	-0.197775218
637799333	-0.160216187
637799334	-0.225889281
637799335	-0.164975969
637799336	-0.257437842
637799337	-0.268471913
637799338	-0.002980618
637799339	-0.091638505
637799340	-0.01699046
637799341	-0.255115874
637799343	0.04146704
637799344	0.142497317
637799345	-0.096161795
637799346	-0.141719139
637799347	-0.090944821
637799348	-0.255521043
637799349	0.051841697
637799350	0.052847263
637799351	0.05776163
637799352	-0.082758042
637799353	-0.082878903
637799354	0.014755185
637799355	0.13967644
637799356	0.084381495
637799357	-0.095440509
637799358	0.036946799
637799359	-0.102414549
637799360	0.187383155
637799361	0.159375141
637799362	-0.197999252
637799363	-0.12403886
637799364	-0.198358997
637799366	0.217733763
637799367	-0.070304503
637799368	-0.10511221
637799369	0.138605256
637799370	0.234854675
637799371	-0.271818111
637799372	-0.040787067
637799373	-0.006156645
637799374	0.025165093
637799375	0.113232542
637799376	-0.072868036
637799377	-0.172071642
637799378	0.013254719
637799379	-0.050252273
637799380	0.162638039
637799381	-0.013735068
637799382	-0.271035113
637799383	-0.085158619
637799384	0.209037296
637799385	0.039333649
637799386	-0.073827763
637799387	0.284342018
637799388	-0.125461091
637799389	-0.066669488
637799390	-0.038585813
637799391	0.099753625
637799392	-0.274022824
637799393	-0.094791612
637799394	-0.055850919
637799395	-0.051984639
637799396	-0.02223077
637799397	-0.236172016
637799398	-0.053425858
637799399	0.141015382
637799400	-0.334624783
637799401	-0.029187474
637799402	0.139861179
637799403	-0.168017553
637799404	0.162823645
637799405	-0.013950986
637799406	-0.395934299
637799407	-0.316302114
637799408	-0.314695632
637799409	-0.147591845
637799410	0.089527974
637799411	-0.061609681
637799412	0.18713276
637799413	-0.005365656
637799414	0.009756039
637799415	-0.094941186
637799416	-0.309812956
637799417	-0.271895168
637799418	-0.041890147
637799419	-0.13659861
637799420	-0.18686183
637799422	-0.046222788
637799423	-0.258671782
637799424	-0.033143861
637799425	-0.073412091
637799426	-0.083184311
637799427	-0.062631389
637799428	0.06513519
637799429	0.02572686
637799430	0.013259427
637799431	-0.095481546
637799432	0.324278569
637799433	-0.144400901
637799434	-0.064392262
637799435	-0.179125062
637799436	-0.075346877
637799437	0.136233992
637799438	0.066564932
637799439	0.055846804
637799440	0.085446525
637799441	-0.097037538
637799442	0.152641003
637799443	0.2422413
637799444	0.208636961
637799445	-0.01584333
637799448	-0.028978776
637799449	-0.138809256
637799450	0.22937158
637799451	0.293747987
637799452	0.280208981
637799453	-0.326227268
637799454	-0.225452663
637799455	-0.216025078
637799456	-0.226643472
637799457	-0.177401926
637799458	-0.615387046
637799459	0.090801544
637799460	-0.1133479
637799461	-0.568036371
637799462	0.0294819
637799463	-0.038472302
637799464	-0.070170588
637799465	0.036033192
637799466	0.047635084
637799467	0.192223919
637799468	0.099936777
637799469	0
637799470	0
637799471	0.056698636
637799472	0.136908292
637799473	-0.063279591
637799474	-0.198110273
637799475	-0.470496354
637799476	-0.03994238
637799477	-0.02937078
637799478	-0.412511968
637799479	-0.079424451
637799480	-0.231261317
637799481	-0.026194652
637799482	-0.093223319
637799483	-0.184579217
637799484	-0.315997966
637799485	-0.231953173
637799486	-0.260379096
637799489	-0.343778593
637799490	-0.386210977
637799491	0.033167246
637799492	0.00946764
637799493	0.126350839
637799494	-0.023808691
637799495	0.193194476
637799497	0.239376046
637799498	-0.072401181
637799499	0.13049913
637799500	-0.045380557
637799501	-0.024360905
637799502	0.009815071
637799503	0.088244201
637799504	0.012929721
637799505	-0.247363093
637799506	-0.004488668
637799508	-0.202024883
637799509	0.026243395
637799510	-0.158663483
637799511	-0.007732525
637799512	-0.291230165
637799513	-0.092004755
637799514	0.28148468
637799515	0.082544099
637799516	-0.234822141
637799517	-0.106168799
637799518	0.00824829
637799519	-0.163128149
637799520	0.049174548
637799521	0.164424501
637799522	-0.35596021
637799523	-0.157889347
637799524	-0.18015356
637799525	-0.155157302
637799526	-0.078515515
637799527	0.131455795
637799528	-0.002894297
637799529	0.083759362
637799530	0.00496589
637799531	-0.137252171
637799532	0.06429025
637799533	0.085497461
637799534	-0.285295166
637799535	-0.32949835
637799536	-0.462712625
637799537	-0.005460359
637799538	-0.169866301
637799539	0.181129243
637799540	-0.003329229
637799541	0.138711407
637799542	0.08097702
637799543	-0.452118
637799544	-0.039214141
637799545	0.011711984
637799546	0.806413219
637799547	0.172917701
637799548	0.052332831
637799549	-0.109155711
637799550	-0.208377586
637799551	-0.423434492
637799552	-0.0669172
637799553	-0.110521269
637799554	-0.334947285
637799555	0.062202459
637799556	-0.293576482
637799557	0.00131163
637799558	0.05511897
637799559	-0.077429241
637799560	-0.38342598
637799561	-0.094537577
637799562	0.143563382
637799563	-0.014645155
637799564	0.169766606
637799565	-0.147507977
637799566	0.103388411
637799567	-0.035717754
637799568	0.180493147
637799569	-0.187295697
637799570	0.120034477
637799571	-0.261190949
637799572	-0.438984802
637799573	-0.20507128
637799574	-0.349583703
637799575	-0.15775788
637799576	0.199827768
637799577	-0.398170434
637799578	-0.437012169
637799579	-0.015883971
637799580	0.235860733
637799581	-0.213558305
637799582	-0.02022209
637799583	-0.033199612
637799584	-0.376078734
637799585	0.290415403
637799586	-0.053058634
637799587	-0.344141196
637799588	-0.192111723
637799589	0.089327658
637799590	-0.287615635
637799591	0.043758469
637799592	0.087636992
637799594	-0.156482901
637799595	-0.138628817
637799596	-0.11867454
637799597	-0.092767889
637799598	-0.167665199
637799599	0.065521117
637799600	-0.026126601
637799601	-0.184699415
637799602	0.014824669
637799603	0.167976331
637799604	0.360394754
637799605	0.080347713
637799606	-0.024481117
637799607	0.226678733
637799608	0.171116613
637799609	-0.001784211
637799610	0.152677916
637799611	0.082290297
637799612	-0.061625512
637799613	-0.091541052
637799614	-0.086837584
637799615	0.362092048
637799616	-0.091378607
637799617	0.189761846
637799618	0.01562628
637799619	-0.175412884
637799620	0.07372424
637799621	-0.069583309
637799622	0.153781958
637799623	-0.106241381
637799624	0.023494106
637799625	0.066619751
637799626	-0.156319431
637799627	-0.002117697
637799628	0.027175476
637799629	-0.15065131
637799630	0.082308169
637799631	-0.217819848
637799632	-0.126300752
637799634	0.050112303
637799635	0.046752708
637799636	-0.243645051
637799637	0.119844147
637799638	0.107578723
637799639	0.066743152
637799640	-0.076962903
637799641	-0.074073653
637799643	0.364091532
637799644	0.013212388
637799645	-0.026052173
637799646	-0.109217172
637799647	0.048314002
637799648	-0.031985881
637799649	-0.011172438
637799650	-0.572367041
637799651	0.116306769
637799652	0.059323262
637799653	0.071366246
637799654	-0.315822969
637799655	-0.012035163
637799656	-0.019996415
637799657	0.003303371
637799658	-0.015265104
637799659	-0.093269879
637799660	-0.05025867
637799661	0.263675689
637799662	-0.301318573
637799663	0.093666065
637799664	-0.24648304
637799665	-0.340351182
637799666	-0.367837911
637799667	-0.37848358
637799668	-0.359658123
637799669	-0.384460975
637799670	-0.429153841
637799671	-0.026117818
637799672	-0.088601981
637799673	-0.188891651
637799674	0.023904269
637799675	0.077803359
637799676	0.000303938
637799677	0.020515289
637799678	-0.084077905
637799679	-0.04824328
637799680	0.027937122
637799681	0.051524797
637799682	0.182733126
637799683	-0.2000105
637799684	0.093746992
637799685	0.138878084
637799687	-0.091104681
637799688	-0.018162624
637799689	0.070134611
637799690	0.023257142
637799691	-0.07262608
637799692	0.138002507
637799693	-0.043137431
637799694	0.084721311
637799695	-0.099792428
637799696	-0.076896351
637799697	0.187257079
637799698	-0.165276337
637799699	0.023989078
637799700	-0.399157702
637799701	-0.037206919
637799702	-0.066632598
637799703	-0.007048577
637799704	-0.094089971
637799705	-0.259235947
637799706	0.281059852
637799707	-0.125567628
637799708	0.047555917
637799709	-0.019867209
637799710	-0.10250207
637799711	-0.067934115
637799712	-0.091924877
637799713	0.084029689
637799714	-0.130984719
637799715	0.119939058
637799716	-0.07647885
637799717	-0.513418341
637799718	-0.078892167
637799719	0.112580831
637799720	-0.780392698
637799721	-0.210350826
637799722	0.002174596
637799723	0.244967708
637799724	0.000419659
637799725	-0.143034411
637799726	-0.01862066
637799727	0.075883391
637799728	-0.128196407
637799729	0.1255466
637799730	-0.119194636
637799731	0.02461783
637799732	-0.126660868
637799733	-0.06125789
637799734	-0.306783066
637799735	-0.047141095
637799737	0.296846261
637799738	0.063436931
637799739	-0.168269652
637799740	-0.20190242
637799741	0.128005089
637799742	0.056333816
637799743	-0.182051589
637799744	0.114697992
637799745	-0.297275369
637799746	0.28802021
637799747	-0.115183427
637799748	-0.057028909
637799749	-0.120213039
637799750	0.227195389
637799751	-0.013816811
637799752	-0.043817989
637799753	-0.263860244
637799754	0.094229136
637799755	0.219105195
637799756	0.005297678
637799757	0.06907587
637799758	-0.054355228
637799759	0.20700345
637799760	-0.00887736
637799761	0.00955588
637799762	-0.103858225
637799763	-0.179285073
637799764	0.061465453
637799765	0.088740895
637799766	-0.166860082
637799767	-0.108973559
637799768	-0.100268956
637799769	-0.283999893
637799770	-0.129938916
637799771	-0.185965958
637799772	0.147525102
637799773	-0.064366225
637799774	-0.012671404
637799775	-0.040425902
637799776	-0.349707651
637799777	-0.217954002
637799778	-0.070759087
637799779	0.158090911
637799780	-0.159649238
637799781	0.010403769
637799782	-0.170180605
637799783	-0.049279671
637799784	0.033399123
637799785	-0.130725004
637799786	-0.1672605
637799787	-0.056746098
637799788	-0.073757376
637799789	0.16531843
637799790	0.197341581
637799791	-0.050758049
637799793	0.07732143
637799794	-0.049975357
637799795	-0.037050796
637799796	0.108505377
637799797	0.009189573
637799798	0.008780751
637799799	-0.053200101
637799800	-0.076472789
637799801	-0.031458581
637799802	0.148840449
637799803	-0.211036668
637799804	-0.144218011
637799805	-0.190377888
637799806	0.055162594
637799807	0.074651424
637799808	-0.017608014
637799809	-0.244420328
637799810	-0.049887479
637799811	-0.16383754
637799812	-0.209602444
637799813	-0.226093824
637799814	-0.049432193
637799815	-0.489899142
637799816	-0.112000766
637799817	0.02955234
637799818	-0.09429884
637799819	-0.079832892
637799820	0.03154139
637799821	-0.105927518
637799822	-0.113286657
637799823	-0.035025227
637799824	0.04740414
637799825	-0.077661046
637799826	0.057285778
637799827	0.205783128
637799828	-0.117996153
637799829	-0.178515125
637799830	-0.183647791
637799831	-0.066532197
637799832	-0.057150615
637799833	0.137462334
637799834	-0.253424277
637799835	-0.176387375
637799836	0.014989133
637799837	0.026883655
637799838	0.061127374
637799839	0.020507455
637799840	-0.270632316
637799841	0.076402853
637799842	0.056625253
637799843	-0.092114336
637799844	-0.205956498
637799845	-0.151195512
637799846	0.168421408
637799847	-0.180689561
637799848	-0.261609089
637799849	-0.092818756
637799850	-0.168339858
637799851	0.077743074
637799852	0.136466257
637799853	-0.283313769
637799854	0.088208867
637799855	-0.144427186
637799856	0.040358147
637799857	-0.441425517
637799858	-0.063967138
637799859	-0.039373358
637799860	-0.084852039
637799861	-0.382935524
637799862	-0.009024722
637799863	-0.233343817
637799864	0.124352776
637799865	-0.021643465
637799866	-0.392941925
637799867	-0.243482176
637799868	-0.115100594
637799869	-0.132753716
637799870	-0.164960241
637799871	0.467111594
637799872	-0.054225397
637799873	-0.189683591
637799874	0.080545531
637799875	0.146467623
637799876	-0.037062058
637799877	-0.133536337
637799878	-0.441730073
637799879	-0.08959546
637799880	0.259580228
637799881	0.062119137
637799882	-0.039577801
637799883	-0.093753605
637799884	-0.074699417
637799885	-0.048063943
637799886	-0.076622986
637799887	-0.101978138
637799888	-0.140945184
637799889	-0.03082323
637799890	-0.038676362
637799891	0.135619825
637799892	-0.265326562
637799893	-0.141394742
637799894	-0.200700658
637799895	-0.164348372
637799896	-0.523973277
637799897	0.18762993
637799898	-0.183946802
637799899	-0.120808418
637799900	0.059834149
637799901	-0.097404037
637799902	-0.098475574
637799903	-0.003853806
637799904	0.057847235
637799905	-0.171113537
637799906	-0.152795407
637799907	-0.327585407
637799908	-0.296161164
637799909	-0.121471225
637799910	0.055623089
637799911	-0.588277835
637799912	0.212982671
637799913	0.209664204
637799914	-0.021874852
637799915	-0.012000532
637799916	0.087441607
637799917	0.070367744
637799918	-0.085469583
637799919	0.055408418
637799921	-0.313808996
637799922	-0.020125895
637799923	-0.232335686
637799924	-0.071607421
637799925	-0.029207857
637799926	0.040054868
637799927	-0.113067254
637799928	0.183537055
637799929	0.054806847
637799930	-0.139325495
637799931	-0.049374987
637799932	-0.40620983
637799933	-0.127874247
637799934	-0.396369246
637799935	0.102765906
637799936	-0.135037948
637799937	0.027864621
637799938	0.107124958
637799939	0.351150134
637799940	-0.202073545
637799941	0.037526946
637799942	0.267808057
637799943	0.001159575
637799944	0.166473562
637799945	-0.114344841
637799946	-0.069550131
637799947	-0.18247223
637799948	-0.126844737
637799949	-0.198971877
637799950	0.16734877
637799951	-0.001061857
637799952	-0.014288996
637799953	0.144959458
637799954	0.424224299
637799955	0.195466696
637799956	0.18598317
637799957	0.157390319
637799958	-0.062228774
637799959	-0.251928707
637799960	-0.19855095
637799961	-0.081517265
637799962	-0.185363433
637799963	-0.168553138
637799964	0.167807115
637799965	0.093693893
637799966	-0.088298999
637799967	-0.210779844
637799968	-0.140002011
637799969	-0.096888723
637799970	0.009637864
637799971	0.108946041
637799972	-0.225711985
637799973	-0.005347428
637799974	0.250696951
637799975	0.016434875
637799976	-0.285594506
637799977	-0.216180937
637799978	0.022430232
637799979	0.048267212
637799980	-0.184442319
637799981	-0.244313219
637799982	-0.259251112
637799983	-0.258030352
637799984	-0.282292455
637799985	0.253957978
637799986	-0.018015252
637799987	-0.061988786
637799988	-0.083821814
637799989	-0.087508486
637799990	-0.149560317
637799991	-0.093582576
637799992	-0.097098902
637799993	-0.265119251
637799994	-0.103516447
637799995	-0.050658199
637799996	-0.114706589
637799997	-0.15436952
637799998	0.007586784
637799999	0.044540715
637800000	-0.339302026
637800001	-0.109525729
637800002	-0.605521345
637800003	-0.129788335
637800004	0.057019423
637800005	0.050902269
637800006	-0.049371359
637800007	-0.08645436
637800008	-0.044842332
637800009	-0.134156381
637800010	0.036689867
637800011	0.135681092
637800012	-0.047874874
637800013	-0.069522763
637800014	0.130654036
637800015	0.131067934
637800016	-0.051572399
637800017	0.020212832
637800018	-0.122392464
637800019	0.014837193
637800020	-0.474926431
637800021	-0.113009282
637800022	-0.203885363
637800023	0.040496821
637800024	0.022820149
637800025	0.059590426
637800026	0.016248801
637800027	-0.068572653
637800028	0.130022166
637800029	-0.240033926
637800030	0.342925055
637800031	0.061735582
637800032	-0.200977576
637800033	-0.032136787
637800034	-0.122641175
637800035	0.108985172
637800037	-0.110616334
637800038	-0.143384336
637800039	-0.011931726
637800040	0.195679506
637800041	-0.226762449
637800042	0.128436955
637800043	-0.307271813
637800044	0.094329979
637800045	0.049001271
637800046	0.184944478
637800047	0.09839582
637800048	-0.303050089
637800049	0.144335575
637800052	-0.14291805
637800053	-0.293650478
637800054	0.081370887
637800055	0.137935884
637800056	0.135598781
637800057	-0.181960562
637800058	0.101690964
637800059	0.220872407
637800060	0.074356821
637800061	-0.101955918
637800062	-0.042478935
637800063	-0.11484006
637800064	-0.136184359
637800065	0.13317736
637800066	-1.034550973
637800067	-0.569995244
637800068	-0.252081088
637800070	-0.139109385
637800071	-0.51218753
637800072	0.000381256
637800073	-0.223372604
637800074	0.158412226
637800075	-0.144877853
637800076	0.110357245
637800077	0.221169106
637800078	0.086499146
637800079	0.026507152
637800080	-0.235104017
637800081	0.110078647
637800082	-0.138247469
637800083	-0.065905986
637800084	-0.001295769
637800085	-0.035762605
637800086	0.121962184
637800087	-0.023454156
637800088	0.168063936
637800089	0.04852773
637800090	-0.288057025
637800091	0.012238181
637800092	-0.035006047
637800093	-0.603393276
637800094	-0.293398032
637800095	-0.105229222
637800096	-0.201114051
637800097	0.104621107
637800098	-0.908450596
637800099	-0.08435096
637800101	0.021852786
637800102	0.186728821
637800103	-0.04142404
637800104	0.048205564
637800105	-0.075097293
637800106	-0.239275178
637800107	-0.231485345
637800108	-0.322619423
637800109	0.068747236
637800110	0.128971442
637800111	0.065719569
637800112	0.040291673
637800113	0.321756608
637800114	0.110431131
637800115	0.10667363
637800116	0.111624478
637800117	-0.129758077
637800118	-0.055123701
637800119	0.021161459
637800120	0.044264666
637800121	0.148892295
637800122	0.132043388
637800123	-0.062666016
637800124	-0.047992597
637800125	-0.064553614
637800126	-0.146443127
637800127	0.277213569
637800128	0.012487551
637800129	-0.150040566
637800130	-0.082763057
637800131	-0.120907571
637800132	0.024564256
637800133	-0.295897112
637800134	0.232650951
637800135	-0.103186375
637800136	0.221000272
637800137	-0.07540196
637800138	0.025894263
637800139	0.106359329
637800140	0.083763516
637800141	-0.068823006
637800142	-0.139882135
637800143	-0.214512447
637800144	-0.223499178
637800145	-0.285453536
637800146	0.033060567
637800147	-0.066545606
637800148	-0.058827818
637800149	-0.063324483
637800150	0.005360683
637800151	-0.148075299
637800152	0.116257406
637800153	-0.085559063
637800154	0.041218755
637800156	-0.022528623
637800157	-0.149476732
637800158	-0.141472932
637800159	-0.103845554
637800160	-0.018146485
637800161	-0.135026966
637800162	-0.125244277
637800163	-0.00175646
637800164	8.43E-05
637800165	-0.273418543
637800166	-0.291976683
637800167	-0.154049681
637800168	-0.078005519
637800169	0.218729902
637800170	-0.15221542
637800171	-0.037666804
637800172	-0.184546899
637800173	0.11135352
637800174	0.044639501
637800175	0.105109367
637800176	0.152664148
637800177	0.068149522
637800178	0.135764283
637800179	-0.076296137
637800180	-0.153756427
637800181	-0.101390757
637800182	-0.0553168
637800183	-0.05901656
637800184	-0.170659541
637800185	0.049199288
637800186	-0.098225298
637800187	0.031280202
637800188	0.046096277
637800189	-0.104165999
637800190	-0.477412991
637800191	-0.160410621
637800192	0.089024996
637800194	-0.271349306
637800195	0.077078862
637800197	-0.244418661
637800198	-0.25660494
637800199	0.008847104
637800200	-0.383087649
637800201	0.054916648
637800202	-0.12379061
637800203	-0.036124865
637800204	-0.183765154
637800205	-0.191974896
637800206	-0.09464621
637800207	0.079274075
637800208	-0.180019866
637800209	0.187164332
637800210	0.171577549
637800211	0.214136202
637800212	0.211890132
637800213	-0.147308861
637800214	-0.24046615
637800215	-0.097677131
637800216	-0.198502791
637800217	-0.216362159
637800218	0.031590782
637800219	-0.321244699
637800220	-0.127644537
637800221	0.074184798
637800222	-0.13375752
637800223	-0.002991966
637800224	0.031528693
637800225	-0.021387446
637800226	-0.058667956
637800227	0.193153096
637800228	-0.025004868
637800229	0.173707303
637800230	0.196539377
637800231	0.136866412
637800232	-0.009697303
637800233	-0.307627562
637800234	-0.168987951
637800235	-0.058714634
637800236	0.058839007
637800237	0.072446745
637800238	-0.177980514
637800239	0.011190831
637800240	-0.022223243
637800241	0.171816812
637800242	-0.096922848
637800243	-0.307477304
637800244	-0.120536762
637800245	0.018465285
637800246	-0.113387295
637800247	0.117884086
637800248	-0.010182398
637800249	0.152219586
637800250	0.398658382
637800251	0.025482563
637800252	-0.06128478
637800253	-0.197232503
637800254	-0.199939913
637800255	-0.055337462
637800256	-0.168177462
637800257	-0.206048806
637800258	-0.189864589
637800259	-0.260396156
637800260	0.048919215
637800261	0.005150218
637800262	0.537969647
637800263	0.134209983
637800264	0.095610649
637800265	-0.186822079
637800266	0.116712572
637800267	-0.072538298
637800268	-0.409159963
637800269	-0.32478189
637800270	-0.0398238
637800271	-0.208047261
637800272	-0.30548142
637800273	-0.4558878
637800274	-0.30004402
637800275	0.010773873
637800276	-0.088551307
637800277	-0.153140061
637800278	-0.282994027
637800279	-0.027228567
637800280	-0.017819768
637800281	-0.034779591
637800282	0.143024498
637800283	0.098859938
637800284	-0.052850505
637800285	0.230039874
637800286	-0.218928375
637800287	0.086244672
637800288	0.295004466
637800289	0.068814268
637800290	-0.404173158
637800291	-0.006698869
637800292	-0.012508562
637800293	-0.386211106
637800294	0.011022008
637800295	0.115111364
637800296	0.099880606
637800297	0.038385278
637800298	-0.043612463
637800299	-0.300612372
637800300	-0.248252505
637800301	-0.019557849
637800302	-0.096283523
637800303	-0.219390049
637800304	0.046775981
637800305	-0.016458005
637800306	0.009232735
637800307	0.152114626
637800308	-0.277424409
637800309	0.211720446
637800310	0.273538159
637800311	-0.124795199
637800312	-0.079418659
637800313	-0.152926661
637800314	0.099679521
637800315	-0.032776689
637800316	-0.060194257
637800317	-0.575277316
637800318	0.045540487
637800319	0.018045508
637800320	-0.024390116
637800321	-0.604258786
637800322	0.026896856
637800323	-0.159062353
637800324	-0.122238498
637800325	-0.140665032
637800326	0.000736291
637800327	0.235699811
637800328	0.071117756
637800329	0.028565049
637800330	-0.315358192
637800331	-0.326039387
637800332	-0.540555148
637800333	-0.052447979
637800334	-0.306665756
637800335	0.055242686
637800336	0.006133762
637800337	0.040321269
637800338	0.180947609
637800339	0.109271229
637800340	-0.191171205
637800341	0.023308119
637800342	0.045840016
637800343	-0.07652413
637800344	-0.308159688
637800345	-0.648686517
637800346	-0.474543079
637800347	-0.300399409
637800348	-0.368743226
637800349	-0.284128422
637800350	0.077637488
637800351	0.121290236
637800352	-0.158177825
637800353	-0.187200053
637800354	-0.659722578
637800355	-0.163270708
637800356	-0.162653587
637800357	-0.187202266
637800358	0.189132707
637800359	-0.193857843
637800360	-0.11216605
637800361	0.063697567
637800362	-0.009498284
637800363	-0.046485319
637800364	-0.200226988
637800365	-0.069938504
637800366	0.10170926
637800367	-0.18634398
637800368	-0.098875625
637800369	0.209003181
637800370	0.059075522
637800371	0.244010835
637800372	0.078705524
637800373	0.181309591
637800374	-0.054632684
637800375	0.1106097
637800376	-0.099661672
637800377	-0.299993636
637800378	0.118018872
637800379	0.031986994
637800380	0.022279184
637800381	-0.020840034
637800382	0.044699413
637800383	-0.159681614
637800384	0.105339669
637800385	0.052081081
637800386	-0.510122435
637800387	-0.049312236
637800389	0.045395137
637800390	-0.037595286
637800391	-0.160582287
637800392	-0.213594095
637800393	-0.321112542
637800394	-0.005542134
637800395	0.11581863
637800396	-0.099933483
637800397	-0.030539081
637800398	0.120756588
637800399	-0.007596074
637800400	-0.237147334
637800401	-0.220921693
637800402	0.099654266
637800403	-0.062986055
637800404	0.016120635
637800405	-0.504198921
637800406	-0.170753328
637800407	-0.194263951
637800408	-0.262467654
637800411	0.127165063
637800412	-0.063077516
637800413	-0.133089075
637800414	-0.151705677
637800415	-0.112980742
637800416	-0.174668052
637800417	-0.074233141
637800418	-0.073406216
637800419	-0.060640517
637800420	-0.228371843
637800421	-0.112143874
637800422	-0.138746081
637800423	-0.110060577
637800424	-0.160850355
637800425	-0.00655026
637800426	0.048118528
637800427	-0.380172139
637800428	0.099892966
637800429	-0.211483681
637800430	0.0727179
637800431	-0.107010425
637800432	-0.304956237
637800433	-0.161677287
637800434	0.123384213
637800435	0.108186295
637800436	-0.712559056
637800437	-0.189378646
637800438	0.439183583
637800439	-0.346293824
637800440	-0.145106251
637800441	-0.395505464
637800442	1.378828169
637800443	-0.039130719
637800444	-0.220389576
637800445	0.057005574
637800446	-0.072971824
637800447	0.142183127
637800448	-0.136911104
637800449	-0.100847208
637800450	-0.098385924
637800451	-0.060097678
637800452	-0.190575675
637800453	0.020417931
637800454	0.091379232
637800455	-0.235499641
637800456	-0.156937976
637800457	-0.205170689
637800458	-0.023100078
637800459	0.159810497
637800460	-0.202109078
637800461	-0.438666332
637800462	-0.158809055
637800463	-0.050324518
637800464	0.273501711
637800465	-0.248207976
637800466	0.149200707
637800467	-0.012354906
637800468	0.220873515
637800469	0.029637814
637800470	0.041677807
637800471	-0.178405627
637800472	0.076361851
637800473	0.129056663
637800474	0.188135936
637800475	0.016788969
637800476	-0.044743341
637800477	-0.165331331
637800478	0.139326426
637800479	-0.076260782
637800480	0.178115835
637800481	0.010131288
637800482	-0.252418068
637800483	-0.25792831
637800484	-0.023792554
637800485	-0.084272319
637800486	-0.169198133
637800487	0.14105972
637800488	-0.387677216
637800489	-0.070902361
637800490	-0.092005199
637800491	-0.507354394
637800492	-0.116424782
637800493	0.24549177
637800494	0.370804592
637800495	0.04827623
637800496	0.068596629
637800497	0.040461717
637800498	0.378007424
637800499	-0.063229218
637800500	0.109252212
637800501	-0.115386775
637800502	0.071350903
637800503	-0.081422084
637800504	-0.444755928
637800505	-0.192964458
637800506	-0.415392429
637800507	0.065806389
637800508	0.242451907
637800509	-0.072191956
637800510	-0.0928496
637800511	-0.058618355
637800512	0.266475686
637800513	-0.023590577
637800514	-0.187572286
637800515	-0.006823573
637800516	-0.156904491
637800517	-0.464511639
637800518	-0.059239383
637800519	-0.141955543
637800520	0.020654432
637800521	-0.269573519
637800522	0.164550779
637800523	-0.06604976
637800524	-0.559048339
637800525	0.006463276
637800526	-0.148871818
637800527	-0.201885455
637800528	0.065146937
637800529	-0.020122772
637800530	0.159684362
637800531	-0.318678242
637800532	0.211763971
637800533	0.173442992
637800534	0.007114954
637800535	-0.250971099
637800536	-0.066854245
637800537	0.027167231
637800538	-0.22326394
637800539	-0.051725469
637800540	0.10471559
637800541	0.115206236
637800542	-0.0984395
637800543	0.135308161
637800544	-0.047632307
637800545	0.166486245
637800546	-0.147037424
637800547	0.134760296
637800548	-0.099404568
637800549	-0.175490346
637800550	-0.053790365
637800551	-0.161625708
637800552	-0.339558646
637800553	-0.016937152
637800554	0.069054327
637800555	-0.020189612
637800556	-0.05280347
637800557	-0.279839213
637800558	-0.168691808
637800559	0.072421556
637800560	-0.137460577
637800561	-0.207733675
637800562	-0.287795361
637800563	-0.087672583
637800564	0.140812726
637800565	0.032668591
637800566	-0.114699755
637800567	-0.002767762
637800568	-0.001295678
637800569	-0.009198789
637800570	0.003684527
637800571	0.083087464
637800572	-0.072179655
637800573	-0.20308216
637800574	0.215937534
637800575	0.243643494
637800576	0.079643512
637800577	-0.153406342
637800578	-0.072741162
637800579	-0.135978999
637800580	0.373537382
637800581	0.140251229
637800582	-0.176859892
637800583	-0.249593149
637800584	-0.114639513
637800585	0.000337964
637800586	-0.033280981
637800587	0.235315797
637800588	0.085670174
637800589	0.109339949
637800590	-0.057834588
637800591	0.067974572
637800592	0.091238919
637800593	-0.08901064
637800594	0.000369284
637800595	0.145084323
637800596	-0.409959224
637800597	-0.338474435
637800598	-0.239853933
637800599	-0.371656677
637800600	0.099884623
637800601	0.044079447
637800602	-0.190029662
637800603	-0.009028535
637800604	-0.117408603
637800605	-0.128036855
637800606	0.037586815
637800607	-0.270886554
637800608	-0.090420429
637800609	-0.001849277
637800610	-0.133124139
637800611	-0.206120801
637800612	-0.132460496
637800613	0.007510716
637800614	0.146532508
637800615	-0.127663782
637800616	0.001012208
637800617	-0.076342171
637800618	-0.115289155
637800619	0.001671685
637800620	-0.050739774
637800621	-0.196641195
637800622	-0.032627952
637800623	0.111823291
637800624	-0.015165354
637800625	-0.25619006
637800626	-0.047614268
637800627	-0.002062929
637800628	-0.198835166
637800629	0.000451256
637800630	-0.065835113
637800631	0.14800811
637800632	0.196624447
637800633	0.115767044
637800634	0.176452643
637800635	0.041948073
637800636	-0.124425912
637800637	-0.057044254
637800638	-0.083636333
637800639	-0.125093686
637800640	-0.038660747
637800641	0.056432761
637800642	-0.144219264
637800643	0.005961893
637800644	-0.426295802
637800645	-0.172867248
637800646	-0.477697587
637800647	-0.427561589
637800648	-0.056784248
637800650	0.034283295
637800651	-0.029776341
637800652	0.154133077
637800653	-0.060346563
637800654	0.252406606
637800655	0.332272029
637800657	0.273591395
637800658	0.397987124
637800659	0.140340563
637800660	0.051418498
637800661	0.209573489
637800662	0.539285368
637800663	0.331857654
637800664	0.249111123
637800665	0.27138533
637800666	0.416132082
637800667	0.105856688
637800668	0.423668048
637800669	0.244089087
637800670	0.227843118
637800671	0.22786395
637800672	0.467241965
637800673	0.110752886
637800674	0.183239638
637800675	0.014487337
637800676	-0.260222522
637800677	-0.016747185
637800678	-0.078538643
637800679	-0.085785035
637800680	0.183755483
637800681	0.238706978
637800682	0.238529572
637800683	-0.055552535
637800684	0.089026025
637800685	-0.162870941
637800686	0.078029323
637800687	-0.140506624
637800688	0.013008643
637800689	-0.068065911
637800690	-0.132475723
637800691	-0.359549443
637800692	-0.135585212
637800693	-0.05779698
637800694	-0.062876417
637800695	-0.168080699
637800696	-0.306374787
637800697	-0.125084293
637800698	0.141785098
637800699	-0.07484875
637800700	-0.060719707
637800701	-0.409451834
637800702	-0.156793584
637800703	0.05688233
637800704	-0.256559382
637800705	0.123862242
637800706	0.072552235
637800707	0.367386385
637800708	-0.001204579
637800709	-0.080369827
637800710	0.22635468
637800711	0.249620732
637800712	0.16168454
637800713	-0.036924992
637800714	-0.365109418
637800715	0.502981222
637800716	-0.173800962
637800717	-0.214769028
637800718	0.176484441
637800719	-0.076324836
637800720	-0.017706977
637800721	0.16756588
637800722	0.060259635
637800723	-0.151131943
637800724	-0.038319953
637800725	-0.074444079
637800726	-0.341412471
637800727	-0.061013365
637800728	0.233279058
637800729	-0.412069283
637800730	0.038830214
637800731	0.119348369
637800732	0.051403827
637800733	-0.172890146
637800734	-0.037359554
637800735	-0.160672109
637800736	-0.072737627
637800737	-0.297905508
637800738	-0.054917904
637800740	0.079845173
637800741	0.067443654
637800742	0.085824098
637800743	-0.186390412
637800744	-0.096663874
637800745	0.014427042
637800746	-0.030117628
637800747	0.223538379
637800748	-0.236797428
637800749	-0.212945706
637800750	-0.349483354
637800751	0.037245894
637800752	-0.025757747
637800753	-0.244649168
637800754	-0.440704257
637800755	-0.641731025
637800756	-0.157672395
637800757	0.075956939
637800758	0.108126509
637800759	0.078635572
637800760	-0.024521069
637800761	0.127251411
637800762	0.347714841
637800763	0.299321367
637800764	-0.036729848
637800765	-0.352010903
637800766	-0.181904934
637800767	-0.117606409
637800768	-0.100421218
637800769	-0.293012163
637800770	-0.362615887
637800771	-0.210544952
637800772	0.042807947
637800773	-0.227887379
637800774	0.154768935
637800775	-0.244018476
637800776	-0.146103686
637800777	0.063143125
637800778	0.00163497
637800779	-0.196375488
637800780	-0.374085103
637800781	-0.264988113
637800782	-0.026711754
637800783	0.196715264
637800784	-0.074776323
637800785	0.127426941
637800786	0.239615284
637800787	-0.092807138
637800788	-0.105798472
637800789	-0.121917768
637800790	0.05563109
637800791	0.220719286
637800792	-0.270998693
637800793	0.077102476
637800794	0.074592565
637800795	0.019433205
637800796	-0.276229671
637800797	-0.148533471
637800798	0.082709732
637800799	0.256496018
637800800	0.442272978
637800801	-0.108623918
637800802	-0.158355907
637800803	0.50083737
637800804	-0.031885243
637800805	0.072152159
637800806	0.009847951
637800807	-0.238539306
637800808	0.030850724
637800809	0.149349332
637800810	-0.033892854
637800811	0.12404243
637800812	0.351452336
637800813	-0.067308106
637800814	-0.533367195
637800815	-0.075550848
637800816	-0.02845939
637800817	-0.322393972
637800818	0.192272216
637800819	-0.072932171
637800820	-0.053411656
637800821	-0.196128658
637800822	-0.005805412
637800823	-0.148744211
637800824	0.077744129
637800825	0.080741546
637800826	-0.223400889
637800827	-0.181976656
637800828	0.073035192
637800829	0.088219921
637800830	-0.255685139
637800831	-0.32799316
637800832	0.0871239
637800833	-0.100612522
637800834	-0.005289052
637800835	0.066873788
637800836	-0.212794544
637800837	-0.01431553
637800838	-0.169651875
637800839	-0.083131547
637800840	-0.04997101
637800841	0.032007737
637800842	-0.086775249
637800843	-0.303816694
637800844	-0.194971231
637800845	-0.143839307
637800846	0.275564253
637800847	0.243389966
637800848	0.056065237
637800849	0.989487533
637800850	0.178467529
637800851	-0.310332186
637800852	-0.045248396
637800853	0.118575474
637800854	0.000141971
637800855	0.019720454
637800856	-0.055745504
637800857	-0.441389922
637800858	0.073577207
637800859	0.069919757
637800860	0.138410575
637800861	0.115119611
637800862	0.24498923
637800863	-0.049553515
637800864	0.315953131
637800865	-0.061598746
637800866	0.121808112
637800867	-0.099695428
637800868	0.186675429
637800869	-0.194030992
637800870	-0.031954459
637800871	-0.072284908
637800872	-0.22541455
637800873	0.201469803
637800874	-0.389355091
637800875	0.184460329
637800876	0.024224837
637800877	-0.111303819
637800878	-0.163559875
637800879	0.127642837
637800880	0.222179594
637800881	-0.140882078
637800882	-0.066063039
637800883	-0.074050449
637800884	0.114357171
637800885	-0.179105882
637800886	-0.059211227
637800887	-0.13370665
637800888	-0.239089485
637800889	-0.018461936
637800890	0.118965292
637800891	-0.058602577
637800892	-0.100667871
637800893	-0.282185973
637800894	0.118768094
637800895	-0.066571783
637800896	9.23E-02
637800897	0.601927824
637800898	-0.47655477
637800899	-0.32886464
637800900	-0.206134132
637800901	-0.242719717
637800902	0.088342857
637800903	-0.081290166
637800905	-0.090171714
637800906	0.040891846
637800907	-0.046099981
637800908	-0.541993023
637800909	-0.338549939
637800910	-0.111004975
637800911	-0.00842921
637800912	-0.262692813
637800913	0.002320271
637800914	-0.138613815
637800915	-0.208392312
637800916	0.20328778
637800917	0.108416092
637800918	0.213316733
637800919	0.113503515
637800920	0.012012822
637800921	-0.263729984
637800922	-0.541803697
637800923	-0.117950782
637800924	-0.11505124
637800925	-0.218231553
637800926	0.124600742
637800927	0.744106355
637800928	0.059464577
637800929	-0.24235106
637800930	-0.488944047
637800931	-0.333354336
637800932	-0.402681786
637800933	-0.329884774
637800934	-0.383614637
637800935	-0.126124888
637800936	0.126638135
637800937	0.179777103
637800938	0.026961503
637800939	0.162386732
637800940	0.295642438
637800941	-0.026870943
637800942	-0.010541578
637800943	0.176414138
637800944	-0.113866337
637800945	0.143467938
637800946	-0.863076111
637800947	-0.133769972
637800948	-0.193123572
637800949	-0.089030878
637800950	-0.178555637
637800951	0.057657818
637800952	0.256635096
637800953	0.018555679
637800954	-0.31476553
637800955	0.055984294
637800956	0.109569758
637800957	0.177360831
637800958	0.044408635
637800959	-0.033832244
637800960	-0.070126928
637800961	0.155202302
637800962	-0.221998272
637800963	0.001756682
637800964	0.008926953
637800965	-0.001374649
637800966	-0.024300459
637800967	-0.269839949
637800968	0.052178887
637800969	-0.07008045
637800970	0.056351156
637800971	-0.027944125
637800972	-0.026982169
637800973	0.14376823
637800974	0.004793843
637800975	-0.19208998
637800976	0.00424602
637800978	-0.063471845
637800979	-0.131423572
637800980	-0.435513423
637800981	-0.228978721
637800982	0.105508896
637800983	-0.081680432
637800984	-0.241546465
637800985	-0.178878313
637800986	0.280614085
637800987	0.027199226
637800988	0.17888644
637800989	0.283860289
637800990	0.007346505
637800991	0.148634018
637800992	-0.181304276
637800993	0.297516164
637800994	-0.009889382
637800995	0.109776416
637800996	-0.144492238
637800997	-0.353723751
637800998	0.059732712
637800999	-0.19457421
637801000	-0.142424168
637801001	0.269595186
637801002	0.068377532
637801003	0.218150719
637801004	0.130382891
637801005	-0.016493165
637801006	-0.137238961
637801007	0.116297804
637801008	0.059590742
637801009	-0.354974686
637801010	0.076871559
637801011	-0.071228537
637801012	-0.099748765
637801013	-0.170273827
637801014	-0.005633191
637801015	-0.273295912
637801016	0.016408279
637801017	0.07221007
637801018	-0.130932766
637801019	-0.157148759
637801020	-0.15418958
637801021	-0.054788334
637801022	0.875932552
637801023	-0.042481333
637801024	-0.024176933
637801025	-0.075568965
637801029	0.250989626
637801030	-0.181933272
637801031	-0.158019777
637801032	0.111998318
637801033	0.076972566
637801034	0.059715032
637801035	-0.026783895
637801036	0.175855983
637801037	0.099172097
637801038	0.017148002
637801040	-0.117081868
637801041	0.006540392
637801042	0.165228835
637801043	0.246686405
637801044	-0.267839807
637801045	-0.191593203
637801046	-0.051757974
637801047	-0.292379162
637801048	-0.028407023
637801049	-0.243585737
637801050	-0.42998417
637801051	0.091833438
637801052	-0.183969352
637801053	-0.243943166
637801054	-0.177235148
637801055	-0.270484168
637801056	0.187241128
637801057	0.009901639
637801058	-0.108171138
637801059	-0.072578839
637801060	-0.294541496
637801061	0.095222465
637801062	-0.081596109
637801063	-0.04560866
637801064	-0.142909573
637801065	-0.071446288
637801066	-0.060637728
637801067	-0.095099201
640711016	-0.494584438
640711017	-0.33397772
640711018	0.007634821
640711019	-0.057077535
640711020	-0.241731141
640711021	-0.566247044
640711022	-0.41571156
640711023	-0.903864707
640711024	0
640711025	0
640711026	0
640711027	0
640711028	0
640711029	-0.621293783
640711030	0.300560032
640711031	-1.318497416
640711032	-0.98158974
640711033	-1.018640823
640711034	-0.322732777
640711035	-0.227085913
640711036	-0.335336207
640711037	-0.056378794
640711038	0.126110914
640711039	-0.437766372
640711040	-0.293501227
640711041	-0.161276047
640711042	-0.553814235
640711043	-0.541393363
640711044	-0.053349142
640711045	-0.207525392
640711046	-0.237042302
640711047	-0.212606036
640711048	-0.066722212
640711049	-0.919779053
640711050	-0.59850195
640711051	-0.577796139
640711052	-0.369531057
640711053	-0.520674001
640711054	-0.091690694
640711055	-0.35336098
640711056	-0.317048512
640711057	-1.032862607
640711058	-0.354467305
640711059	-0.523617547
640711060	-0.106477967
640711061	-1.541378102
640711062	-0.668503384
640711063	0.174962278
640711064	-0.20557914
640711065	-0.082935951
640711066	0.609181851
640711067	-0.445579574
640711068	-0.390413649
637798356	-0.022206099
637798357	0.043890142
637798358	0.395084538
637798359	0.016768478
637798360	-0.164197111
637798361	-0.26513054
637798362	-0.139547763
637798363	-0.093781556
637798364	-0.147404253
637798365	-0.008540594
637798366	-0.224576838
637798367	-0.188000223
637798368	-0.146817845
637798369	-0.201939441
637798370	-0.348745431
637798371	-0.119809719
637798372	-0.048210323
637798373	-0.078474206
637798374	-0.105774994
637798375	-0.034316668
637798376	-0.142068166
637798377	-0.179313035
637798378	-0.038425674
637798379	-0.170962654
637798380	-0.041026508
637798381	0.045722332
637798382	-0.365918412
637798383	0.153724186
637798384	-0.144377441
637798385	0.123913619
637798386	0.027031446
637798387	-0.003267034
637798388	0.106711283
637798389	0.014778951
637798390	0.005231458
637798391	-0.119503091
637798392	-0.100278894
637798393	0.000780784
637798394	-0.06848059
637798395	-0.064124906
637798396	0.151142995
637798397	0.184411403
637798398	0.026350662
637798399	-0.016012476
637798400	-0.231206078
637798401	-0.164683777
637798402	-0.056239804
637798403	-0.149481544
637798404	-0.164368822
637798405	0.186014244
pANS_predictedORF_1	0.037188137
pANS_predictedORF_2	0.148925644
pANS_predictedORF_3	-0.231893453
pANS_predictedORF_4	-0.226545926
pANS_predictedORF_5	-0.053124593
pANS_predictedORF_6	0.123989901
pANS_predictedORF_7	-0.026721609
pANS_predictedORF_8	0.037188137
