Reporter Identifier	VALUE
637798406	-0.121305637
637798407	-0.12505248
637798408	0.19271019
637798409	0.569014622
637798410	-0.250843865
637798411	0.166881393
637798412	0.105123568
637798413	-0.145940669
637798414	0.030153704
637798415	0.34399152
637798416	-0.207764267
637798417	-0.554464403
637798418	-0.445346586
637798419	-0.246438398
637798420	-0.0074931
637798421	0.187649791
637798422	0.012526469
637798423	-0.177872943
637798424	-0.676050565
637798425	0.031218177
637798426	0.050733701
637798427	0.173005362
637798428	0.285111581
637798429	0.295750253
637798430	0.221589425
637798431	0.189508062
637798432	0.052433639
637798433	0.483013046
637798434	-0.204637533
637798435	-0.174492781
637798436	0.053702234
637798437	-0.14996068
637798438	-0.419159893
637798439	0.059576417
637798440	-0.061725125
637798441	0.027682786
637798442	-0.132645233
637798443	-0.054048086
637798444	-0.736721133
637798445	-0.333472799
637798446	-0.088561588
637798448	-0.72325306
637798449	0.074974068
637798450	0.146907547
637798451	-0.143167411
637798452	-0.049578934
637798453	-0.127744001
637798454	-0.595335323
637798455	-0.611672927
637798456	-0.107762162
637798457	0.088079402
637798458	0.030880021
637798459	0.154206209
637798460	-0.022378841
637798461	-0.012200202
637798462	0.020241401
637798463	-0.051548836
637798464	-0.153790302
637798465	-0.111802304
637798466	-0.040459708
637798467	-0.054696741
637798468	-0.047600667
637798469	-0.269989774
637798470	-0.107268117
637798471	0.028533475
637798472	0.061681038
637798473	0.321244978
637798474	0.249321793
637798475	-0.481503395
637798476	0.016503774
637798477	0.146376199
637798478	0.042791095
637798479	-0.145917324
637798480	0.405265185
637798481	0.157421417
637798482	-0.032574148
637798483	0.005234496
637798484	-0.122574657
637798485	-0.034811098
637798486	0.143921338
637798487	-0.342057193
637798488	0.115362762
637798489	0.119148193
637798490	-0.077325023
637798491	-0.300730677
637798492	-0.377033655
637798493	-0.146051986
637798494	-0.131098356
637798495	0.357718128
637798496	0.035515189
637798497	0.021385104
637798498	-0.131748896
637798499	0.280556522
637798500	0.095211972
637798501	-0.505687263
637798502	-0.06751112
637798503	-0.116970735
637798504	-0.191226806
637798505	-0.445067251
637798506	-0.933989102
637798507	0.101254842
637798508	-0.274318698
637798509	-0.047539046
637798510	0.261522936
637798511	-0.062370371
637798512	0.038677
637798513	-0.015277017
637798514	-0.001939751
637798515	-0.197621798
637798516	0.221625366
637798517	-0.019483413
637798518	0.062758042
637798519	0.217523461
637798520	0.284688232
637798521	-0.019600656
637798522	0.242372028
637798523	0.131256276
637798524	-0.012068259
637798525	0.115138893
637798526	0.118309272
637798527	-0.010584435
637798528	-0.030358996
637798529	0.07429045
637798530	0.008580193
637798531	-0.201803484
637798532	0.049800453
637798533	0.087673794
637798534	-0.084903125
637798535	0.018446658
637798536	-0.478555667
637798537	0.10746882
637798538	-0.029972694
637798539	0.077844493
637798540	-0.046111605
637798541	0.179564321
637798542	-0.067912998
637798543	-0.177205216
637798544	-0.122850607
637798545	-0.033177163
637798546	0.156339272
637798547	-0.10904251
637798548	0.208231655
637798549	-0.162091698
637798550	0.272329144
637798551	0.363240682
637798552	0.173773407
637798553	-0.185159336
637798554	-0.282110555
637798555	0.161408637
637798556	0.058907128
637798557	0.009209361
637798558	0.004357765
637798559	0.236703259
637798560	-0.080297906
637798561	0.330098301
637798562	-0.064273971
637798563	-0.729599912
637798564	0.17952482
637798565	0.168209454
637798566	-0.118443835
637798567	0.174759362
637798568	-0.033677116
637798569	-0.053748691
637798570	-0.193819764
637798571	-0.209241865
637798572	0.130677933
637798573	0.647053712
637798574	0.438881779
637798575	-0.174151254
637798576	-0.195093015
637798577	-0.155338896
637798578	-0.240710897
637798579	0.060528377
637798580	0.122794155
637798581	0.153027
637798582	-0.110205587
637798583	-0.033477623
637798584	0.328663913
637798585	0.210550041
637798586	-0.036353575
637798587	-0.040174314
637798588	0.005452035
637798589	-0.175522464
637798590	-0.000724047
637798591	-0.094952945
637798592	-0.217074266
637798593	0.322628795
637798594	-0.080400893
637798595	0.009770117
637798596	-0.018707309
637798597	0.172820862
637798598	-0.008092066
637798599	-0.307445869
637798600	0.17687537
637798601	-0.303551197
637798602	0.145258238
637798603	0.109713013
637798604	-0.029704666
637798605	-0.317451402
637798606	-0.192839679
637798607	-0.211561116
637798608	0.023400872
637798609	0.373877112
637798610	0.175699179
637798611	0.181253618
637798612	0.135097604
637798613	0.026908834
637798614	-0.059136833
637798615	0.042209189
637798616	-0.171733561
637798617	-0.154963811
637798618	0.090170044
637798619	-0.174567095
637798620	0.124783715
637798621	-0.317801908
637798622	-0.14447167
637798623	-0.216409733
637798624	0.560291888
637798625	-0.189717338
637798626	-0.118432351
637798627	0.147736345
637798628	0.107503388
637798629	0.235347454
637798630	0.199855511
637798631	-0.330988562
637798632	0.152268166
637798633	0.194005023
637798634	-0.161178411
637798635	0.176285459
637798636	0.135702351
637798637	-0.142725321
637798638	0.012071794
637798639	-0.168010389
637798640	0.092404513
637798641	0.084254795
637798642	-0.048655058
637798643	-0.058011405
637798644	0.064014164
637798645	0.19478012
637798646	-0.151878
637798647	0.133749507
637798648	-0.181913067
637798649	-0.755375231
637798650	-1.201354227
637798651	-1.287687257
637798652	0.074451074
637798653	0.341977915
637798654	0.052711695
637798655	-0.010418331
637798656	0.151558
637798657	-0.007420609
637798658	-0.612921925
637798659	-0.375343007
637798660	0.240559025
637798661	-0.050466741
637798662	-0.282305576
637798663	-0.023818354
637798664	0.081540032
637798665	-0.14504697
637798666	0.530522268
637798667	0.128133491
637798668	-0.043506745
637798669	-0.24298948
637798670	-0.070913075
637798671	-0.191160196
637798672	0.034087173
637798673	-0.095490261
637798674	0.094234148
637798675	-0.386422906
637798676	0.130968467
637798677	0.24055391
637798678	-0.013996781
637798679	0.070279321
637798680	0.235822516
637798681	-0.045145177
637798682	-0.128107162
637798683	0.148194989
637798684	-0.581715426
637798685	-0.359789285
637798686	-0.092166491
637798687	-0.183866276
637798688	-0.174990766
637798689	-0.02764627
637798690	0.1711628
637798691	-0.246326054
637798692	-0.213038999
637798693	-0.167643948
637798694	0.36986346
637798695	0.017928143
637798696	-0.165210626
637798697	-0.553977207
637798698	-0.152239559
637798699	0.21869338
637798700	-0.173111711
637798701	0.07432793
637798702	0.232368048
637798703	-0.035512748
637798704	0.237033848
637798705	-0.06600965
637798706	0.27115228
637798707	-0.008123589
637798708	-0.382684278
637798709	0.066683866
637798710	-1.353311216
637798711	-0.419492953
637798712	0.007622862
637798713	-0.0870417
637798714	-0.124814085
637798715	-0.24238526
637798716	0.247287103
637798717	-0.119478674
637798718	-0.512871671
637798719	-0.232067805
637798720	0.024978466
637798721	-0.074900002
637798722	-0.826658385
637798723	-0.035221353
637798724	0.084545486
637798725	0.16072859
637798726	0.189862577
637798727	-0.016098708
637798728	-0.002160332
637798729	-0.202286734
637798730	0.184132561
637798731	0.441965979
637798732	-0.078461696
637798733	0.246849392
637798734	0.310172233
637798735	0.416564039
637798736	-0.002657393
637798737	0.146565594
637798738	0.437701018
637798739	0.804311699
637798740	0.748988638
637798741	0.125022636
637798742	0.443764002
637798743	0.271959316
637798744	-0.137666547
637798745	0.042435951
637798746	0.226038769
637798747	0.022988058
637798748	0.472755498
637798749	-0.443090152
637798750	-0.228632912
637798751	-0.006433094
637798752	0.291765203
637798753	-0.630285708
637798754	-0.002648951
637798755	0.137878436
637798756	-0.136095512
637798757	0.125438105
637798758	-0.004911957
637798759	0.093677636
637798760	-0.205891779
637798761	-0.471242237
637798762	-0.125030152
637798763	-0.005527312
637798764	-0.093920661
637798765	-0.085830455
637798766	0.041662889
637798767	-0.275125462
637798768	0.04608453
637798769	0.232692061
637798770	0.077653235
637798771	-0.108883493
637798772	0.051781484
637798773	0.048084404
637798774	-0.134424965
637798775	-0.795983903
637798776	-0.699438347
637798777	-0.216091939
637798778	0.077585085
637798779	0.163451301
637798780	0.812053938
637798781	0.118078004
637798782	0.128330749
637798783	-0.113390699
637798784	-0.462505961
637798785	-0.453036149
637798786	-0.049110945
637798787	-0.198231515
637798788	-0.022062982
637798789	-0.748093251
637798790	0.011695426
637798791	0.399949674
637798792	0.310086607
637798793	0.097450988
637798794	-0.124959014
637798795	-0.109427569
637798796	0.069414931
637798797	-0.847502042
637798798	0.064986327
637798799	-0.059099235
637798800	-0.186973902
637798801	0.025169896
637798802	0.04333088
637798803	0.138423328
637798804	-0.380569813
637798805	0.027823803
637798806	-0.113397814
637798807	-0.130555099
637798808	0.106098311
637798809	-0.18033783
637798810	-0.36909725
637798811	0.229727155
637798812	-0.101356789
637798813	-0.138364067
637798814	-0.008747743
637798815	-0.128664854
637798816	0.227122128
637798817	0.227120248
637798818	0.371178682
637798819	-0.142042336
637798820	-0.138140931
637798821	0.059419366
637798822	-0.130525849
637798823	0.158793113
637798824	-0.429761127
637798825	-0.375841374
637798826	-0.085150507
637798827	-0.619488893
637798828	-0.596506893
637798829	-0.85868365
637798830	-0.148877638
637798831	0.036522949
637798832	-0.11877732
637798833	0.162633105
637798834	0.093396448
637798835	-0.604306314
637798836	0.119828525
637798837	0.006851895
637798838	-0.136274719
637798839	0.283292934
637798840	0.152793571
637798841	0.142621331
637798842	0.058734991
637798843	0.066864356
637798844	0.005153559
637798845	-0.031708736
637798846	-0.01929219
637798847	-0.045054237
637798848	0.327853635
637798849	0.181266719
637798850	0.045381421
637798851	0.177812922
637798852	0.502898464
637798853	0.14355713
637798854	0.011869195
637798855	-0.203842547
637798856	-0.294038905
637798857	-0.154464714
637798858	-0.077679561
637798860	-0.048827558
637798861	0.036073096
637798862	-0.020956247
637798863	0.48903458
637798864	-0.250863152
637798865	-0.193034867
637798866	-0.181144277
637798867	-0.201829097
637798868	-0.178493982
637798869	-0.011491979
637798870	0.008692955
637798871	-0.223852166
637798872	0.094376999
637798873	0.216355289
637798874	0.053202324
637798875	0.008366451
637798876	0.473619659
637798877	-0.077446837
637798878	0.063139189
637798879	-0.072711836
637798880	0.084005793
637798881	-0.062444311
637798882	0.148003629
637798883	-0.612327854
637798884	-0.471011602
637798885	0.007858658
637798886	0.32525142
637798887	-0.20519472
637798888	-0.142053734
637798889	0.089625463
637798890	0.287352987
637798891	0.283105182
637798892	0.21280857
637798893	-0.028063411
637798894	-0.048579494
637798895	-0.081027466
637798896	0.054794115
637798897	-0.137601416
637798898	-0.802084992
637798899	-0.122545501
637798900	-0.487708011
637798901	0.182273708
637798902	-0.29666601
637798903	0.101085676
637798904	0.247425409
637798905	-0.237770795
637798906	-0.717717391
637798907	0.094457462
637798908	0.086592544
637798909	-0.187412698
637798910	0.181728464
637798911	0.147680779
637798912	-0.159078482
637798913	0.002937029
637798914	-0.098922805
637798915	0.276587569
637798916	-0.085537129
637798917	0.114223248
637798918	0.017737335
637798919	-0.081924629
637798920	-0.085955844
637798921	-0.053476718
637798922	0.34526583
637798923	0.217459515
637798924	0.005596372
637798926	0.278659408
637798927	0.123594661
637798928	0.213576706
637798929	0.122584691
637798930	0.080304046
637798931	0.00392812
637798932	-0.301524762
637798933	-0.103771725
637798934	0.064374728
637798935	-0.827239792
637798936	-0.25143294
637798937	-0.102398246
637798938	0.10173707
637798939	0.070672851
637798940	0.481219495
637798941	0.208042972
637798942	0.0762093
637798943	-0.230637385
637798944	-0.066592297
637798945	0.352006297
637798946	0.229099278
637798947	-0.070324829
637798948	-0.064588554
637798949	0.21849264
637798950	0.103612274
637798951	0.089029887
637798952	0.108675439
637798953	0.161517861
637798954	0.162287222
637798955	0.055563706
637798956	0.085271485
637798957	-0.093741726
637798958	0.115218671
637798959	-0.716405943
637798960	0.051056019
637798961	-0.078857845
637798962	0.015649541
637798963	-0.242959245
637798964	-0.972119365
637798965	-0.281934895
637798966	-0.41334205
637798967	-0.175087833
637798968	-0.109270557
637798969	0.320475618
637798970	0.13451761
637798971	0.043226071
637798972	-0.184801412
637798973	-0.129298187
637798974	0.089432983
637798975	-0.134498959
637798976	0.170340748
637798977	-0.162276413
637798978	-0.205068792
637798979	-0.028787063
637798980	-0.278575198
637798981	-0.832742655
637798982	0.213534129
637798983	0.061088968
637798984	-0.04651246
637798985	0.223313933
637798986	-0.262799457
637798987	0.189029472
637798988	0.045739977
637798989	-0.289633846
637798990	-0.070506268
637798991	0.029360277
637798992	0.176212654
637798993	0.579676137
637798994	-0.040933263
637798998	0.153728335
637798999	0.080693697
637799000	-0.004744712
637799001	-0.180959573
637799002	0.020521733
637799003	-0.086300972
637799004	0.268088388
637799005	-0.101659978
637799006	-0.244047272
637799007	0.018473004
637799008	-0.176505035
637799009	0.085027846
637799010	-1.259708789
637799011	-0.179722299
637799012	0.012029913
637799013	0.003074599
637799014	-0.157463628
637799015	0.026436439
637799016	0.189123121
637799017	0.154033412
637799018	-0.207004105
637799019	0.281743257
637799020	0.210458996
637799021	0.195172868
637799022	0.234804688
637799023	-0.163455665
637799024	0.006587505
637799025	0.349760778
637799026	-0.215675276
637799027	0.007993119
637799028	-0.175190465
637799029	0.318181486
637799030	0.009517519
637799031	0.221630185
637799032	0.108361362
637799033	-0.050085648
637799035	0.042127938
637799036	0.059349657
637799037	0.145225264
637799038	0.11176447
637799039	-0.237656561
637799040	-0.118163577
637799041	0.686361727
637799042	0.157253642
637799043	-0.227189424
637799044	-0.220011974
637799045	-0.446150099
637799046	0.019640545
637799047	0.083434153
637799048	-0.045276802
637799049	-0.18532644
637799050	-0.057889476
637799051	0.489452964
637799052	0.118925391
637799053	-0.297137155
637799054	0.194101833
637799055	-0.263228264
637799056	-0.677778621
637799057	-0.106388816
637799058	0.057480917
637799059	-0.446543852
637799060	-0.634528895
637799061	-0.279039151
637799062	0.512951204
637799063	-0.152311916
637799064	0.714548
637799065	-0.126633411
637799066	-0.11374096
637799067	0.392535036
637799068	0.481744301
637799069	-0.097864174
637799070	-0.269897405
637799071	-0.20837669
637799072	-0.150190386
637799073	0.201292939
637799074	-0.257139199
637799075	-0.004360916
637799076	0.130542016
637799077	0.192589246
637799078	-0.061855949
637799079	-0.324297941
637799080	-0.758604575
637799081	0.08464799
637799082	-0.131933058
637799083	-0.045743765
637799084	-0.043262958
637799085	0.061865477
637799086	0.047644582
637799087	0.142085318
637799088	0.122384483
637799089	-0.558922722
637799090	0.054691783
637799091	0.248053959
637799092	-0.672794733
637799093	-0.111517266
637799094	0.008739691
637799095	0.042836883
637799096	-0.194486778
637799097	-0.191864444
637799098	-0.271175603
637799099	0.097517698
637799100	-0.194645581
637799101	0.012622108
637799102	-0.472699587
637799103	0.100353059
637799104	-0.059728054
637799105	-0.071959897
637799106	-0.183475339
637799107	-0.189429496
637799108	0.083666427
637799109	0.630386033
637799110	0.145573846
637799111	-0.415496436
637799112	0.256748357
637799113	-0.219202543
637799114	-0.139403457
637799115	-0.736830915
637799116	-0.432254593
637799117	-0.277301666
637799118	-0.202312702
637799119	0.022466295
637799121	0.081798502
637799122	-0.207192982
637799123	0.483885943
637799124	0.01767966
637799125	0.145071275
637799126	0.152643658
637799127	-0.254423162
637799128	0.057755639
637799129	-0.049048272
637799130	-0.051436485
637799131	-0.145704745
637799132	0.10278469
637799133	-0.084005815
637799134	-0.040669517
637799135	0.082616842
637799136	0.176486332
637799137	-0.208095572
637799138	0.114833036
637799139	-0.101468227
637799140	0.011974035
637799141	0.016697528
637799142	-0.070262602
637799143	0.217701047
637799144	-0.027542681
637799146	-0.103904592
637799147	-0.128115563
637799148	-0.138568038
637799149	0.324979564
637799150	0.575852813
637799151	0.273881128
637799152	0.209952512
637799153	0.038005902
637799154	0.143999647
637799155	0.081232848
637799157	0.315129
637799158	-0.266298134
637799159	0.59424672
637799160	0.053959211
637799161	-0.016189035
637799162	0.074457754
637799163	0.178232099
637799164	0.137683744
637799165	-0.013862573
637799166	-0.080471738
637799167	-0.013917016
637799168	0.083030617
637799169	-0.138983646
637799170	0.402958224
637799171	-0.137420316
637799172	0.042794673
637799173	0.079249297
637799174	0.20725349
637799175	0.162558827
637799176	-0.138801015
637799177	-0.230073306
637799178	0.096269894
637799179	0.000705018
637799180	0.029439229
637799181	-0.082606041
637799182	0.068893382
637799184	-0.287975756
637799185	-0.328916896
637799186	-0.12252306
637799187	0.279095671
637799188	-0.105998185
637799189	-0.151897492
637799190	-0.269073185
637799191	0.019724903
637799192	0.019686499
637799193	0.104736031
637799194	0.093642244
637799195	-0.284354432
637799196	0.097840066
637799197	-0.123107938
637799198	-0.155308208
637799199	-0.097335256
637799200	0.001408485
637799201	0.042355384
637799202	0.089624042
637799203	0.010747569
637799204	0.024047412
637799205	0.283441487
637799206	-0.606927862
637799207	0.188851988
637799208	-0.037447516
637799209	-0.255561668
637799210	-0.213482016
637799211	0.011737473
637799212	-0.395876952
637799213	-0.832432348
637799214	0.238981458
637799215	-0.208096678
637799216	-0.215423801
637799217	-0.34656971
637799218	-0.020322149
637799220	-0.03656945
637799221	0.086628204
637799222	0.129241536
637799223	-0.004223309
637799224	-0.730272384
637799225	0.041077028
637799226	0.127939773
637799227	-0.021790773
637799228	0.218685873
637799229	0.00919763
637799230	-0.21080624
637799231	-0.054399704
637799232	-0.266398492
637799233	-0.11945706
637799234	-0.206684677
637799235	0.358101454
637799236	0.133684932
637799237	0.059109589
637799238	-0.046174136
637799239	0.114826352
637799240	0.02563483
637799241	-0.069039351
637799242	-0.065775584
637799243	0.123525321
637799244	-0.204218221
637799245	-0.341249039
637799246	-0.246500544
637799247	-0.046021486
637799248	-0.049751199
637799249	0.051110707
637799250	-2.849712825
637799251	0.150378407
637799252	0.017389204
637799253	0.011497415
637799254	0.092559562
637799255	0.146832139
637799256	0.138350676
637799257	-0.110317448
637799258	0.120553385
637799259	-0.306572465
637799260	-0.091563875
637799261	0.035681318
637799262	0.316550055
637799263	-0.17831462
637799264	0.185737916
637799265	-0.041244252
637799266	-0.092820142
637799267	-0.041431342
637799268	0.161944747
637799270	-0.079909688
637799271	0.313416636
637799272	0.364373335
637799273	0.399432389
637799274	0.394918003
637799275	0.208116582
637799276	0.157220952
637799277	-0.42215849
637799278	-0.618607253
637799279	0.022351256
637799280	0.051343997
637799281	-0.186248146
637799282	-0.075964444
637799283	-0.078784191
637799284	0.004853902
637799285	-0.077698375
637799286	0.228064551
637799287	-0.187777047
637799288	-0.112442318
637799289	0.035966039
637799290	0.025962035
637799291	-0.070578814
637799292	0.141249323
637799293	-0.106929909
637799294	-0.009368067
637799295	-0.116197348
637799296	0.121684191
637799297	0.198957077
637799298	0.02921846
637799299	0.020965729
637799300	0.171144437
637799301	-0.470862271
637799302	-0.15970008
637799303	-0.433554896
637799304	0.140610054
637799305	0.037225657
637799307	0.090851689
637799308	-0.751504143
637799309	0.055482222
637799310	0.130556886
637799311	0.370058062
637799312	0.052772016
637799313	-0.057416278
637799314	-0.100625597
637799315	-0.022644261
637799316	-0.111231563
637799317	0.024579261
637799318	0.203970405
637799319	-0.010109937
637799320	0.249000714
637799321	-0.003759783
637799322	0.46044767
637799323	0.326855801
637799324	0.345797395
637799325	0.046842472
637799326	0.122336082
637799327	0.182905565
637799328	-0.030958939
637799329	-0.121914758
637799330	-0.030048161
637799331	-0.126141577
637799332	-0.020735485
637799333	-0.40338589
637799334	0.471013504
637799335	0.044238169
637799336	-0.452265398
637799337	0.00282921
637799338	0.07610697
637799339	0.049247198
637799340	0.043230117
637799341	-0.199951842
637799343	0.233954471
637799344	0.18159852
637799345	0.105350791
637799346	0.407135096
637799347	0.201552295
637799348	0.05644772
637799349	0.221485786
637799350	-0.1479637
637799351	0.002785127
637799352	-0.055247567
637799353	-0.017245496
637799354	0.046853013
637799355	-0.224899404
637799356	-0.131715182
637799357	0.291295447
637799358	-0.344040793
637799359	0.324241206
637799360	0.082101938
637799361	0.246115189
637799362	0.082732532
637799363	0.162821969
637799364	0.198712249
637799366	-0.127079267
637799367	-0.065092214
637799368	0.463857165
637799369	-0.091736514
637799370	-0.101091822
637799371	-0.161612659
637799372	-0.179824676
637799373	0.046689389
637799374	-0.132683952
637799375	-0.137095713
637799376	0.184540532
637799377	-0.132555763
637799378	-0.015215589
637799379	0.150510859
637799380	0.160061548
637799381	-0.076277812
637799382	-0.114112572
637799383	-0.236527159
637799384	0.276710343
637799385	0.037245137
637799386	0.165567047
637799387	-0.241698317
637799388	0.106705372
637799389	-0.149851624
637799390	-0.159076607
637799391	0.451532634
637799392	0.092821916
637799393	-0.184147777
637799394	-0.019024277
637799395	0.087550632
637799396	0.151131037
637799397	-0.364722529
637799398	-0.186000656
637799399	0.149242678
637799400	0.049075748
637799401	-0.062427613
637799402	0.010264624
637799403	-0.120648893
637799404	-0.04512654
637799405	-0.169283287
637799406	-0.371634749
637799407	-0.342537119
637799408	-0.763764462
637799409	0.078935525
637799410	0.218823202
637799411	0.041000447
637799412	0.381923541
637799413	-0.05360488
637799414	0.047869659
637799415	0.011284908
637799416	-0.415352878
637799417	-0.022971209
637799418	0.326903908
637799419	-0.037464163
637799420	-0.071546976
637799422	-0.400374817
637799423	-0.14972248
637799424	-0.081856572
637799425	0.055337052
637799426	-0.023300994
637799427	-0.029863843
637799428	-0.145902446
637799429	0.075110142
637799430	-0.180228938
637799431	-0.047899308
637799432	0.030608174
637799433	0.150426858
637799434	0.016662829
637799435	0.115411487
637799436	0.174651695
637799437	-0.00829306
637799438	0.074111113
637799439	-0.064411291
637799440	-0.057306289
637799441	0.055443283
637799442	0.101020491
637799443	0.132734789
637799444	0.147451972
637799445	0.20686131
637799448	-0.041805984
637799449	-0.144573747
637799450	0.47303871
637799451	-0.208424115
637799452	0.144123314
637799453	0.044182549
637799454	-0.435247843
637799455	-0.354714947
637799456	-0.034854185
637799457	-0.021269506
637799458	-0.528861026
637799459	-0.237069064
637799460	-0.005567309
637799461	0.142670037
637799462	-0.808419086
637799463	0.014472483
637799464	-0.061032144
637799465	-0.089029603
637799466	-0.237088847
637799467	-0.096387213
637799468	0.328956464
637799469	0
637799470	0
637799471	0.039576244
637799472	0.061863267
637799473	-0.332562656
637799474	0.133458898
637799475	-0.186074549
637799476	0.077481153
637799477	0.184234645
637799478	0.057887321
637799479	-0.164059313
637799480	-0.33867184
637799481	-0.532113141
637799482	-0.064483139
637799483	-0.394552028
637799484	-0.391477417
637799485	-0.382396325
637799486	-0.278865788
637799489	-0.27114948
637799490	-0.097522205
637799491	-0.038418469
637799492	0.085480367
637799493	-0.159240521
637799494	0.024214455
637799495	-0.121265247
637799497	0.272843212
637799498	-0.006825345
637799499	-0.047488504
637799500	-0.040197046
637799501	0.10507311
637799502	-0.024081362
637799503	-0.14585562
637799504	-0.175376514
637799505	0.063439053
637799506	0.043649654
637799508	-0.087526364
637799509	0.296485706
637799510	0.334371098
637799511	0.10392414
637799512	-0.076349726
637799513	-0.173852497
637799514	-0.328873259
637799515	-0.117592566
637799516	-0.025645762
637799517	-0.660360782
637799518	0.057358629
637799519	-0.175234236
637799520	-0.464919307
637799521	-0.625086787
637799522	-0.415963939
637799523	0.335260927
637799524	0.329866218
637799525	0.160871263
637799526	0.053577924
637799527	0.058850295
637799528	0.009873068
637799529	-0.003176121
637799530	-0.037887023
637799531	0.038913134
637799532	0.004338548
637799533	0.131844138
637799534	-0.187239208
637799535	0.243196817
637799536	-0.346257684
637799537	0.068093471
637799538	0.150832811
637799539	0.040880891
637799540	0.1171767
637799541	0.310464497
637799542	0.19635615
637799543	0.072103788
637799544	0.057393213
637799545	0.027742814
637799546	-0.274076416
637799547	-0.07588155
637799548	-0.302003547
637799549	-0.47077271
637799550	-0.137556496
637799551	0.000147865
637799552	-0.054063178
637799553	-0.11110396
637799554	0.080872093
637799555	0.044869995
637799556	-0.114450007
637799557	0.157391476
637799558	-0.130577121
637799559	0.091572926
637799560	-0.24819018
637799561	-0.082491427
637799562	0.174941801
637799563	0.063764533
637799564	0.142726487
637799565	-0.06619396
637799566	-0.119339004
637799567	0.167724789
637799568	-0.078800146
637799569	0.264844674
637799570	0.188696119
637799571	-0.544534065
637799572	-0.34855938
637799573	-0.007635809
637799574	-0.39787568
637799575	0.049940621
637799576	-0.777483896
637799577	0.152644084
637799578	-0.27090946
637799579	-0.217946269
637799580	-0.09437444
637799581	-0.053409112
637799582	-0.808174765
637799583	-0.823630331
637799584	-0.175554775
637799585	-0.010622771
637799586	0.249435171
637799587	-0.133239239
637799588	-0.086574003
637799589	0.127676568
637799590	-0.911469817
637799591	0.203639695
637799592	-0.17933114
637799594	-0.060240018
637799595	-0.112244081
637799596	0.007345664
637799597	0.133238239
637799598	-0.02071592
637799599	-0.057812037
637799600	0.115343012
637799601	0.392157905
637799602	-0.330477074
637799603	0.133485884
637799604	0.360759281
637799605	-0.126645071
637799606	-0.240364526
637799607	-0.252116355
637799608	-0.33894312
637799609	-0.000348079
637799610	0.065173923
637799611	-0.088079666
637799612	-0.448349199
637799613	-0.299946895
637799614	-0.033979511
637799615	-0.010602037
637799616	0.124703248
637799617	0.168520377
637799618	0.092464909
637799619	0.349074176
637799620	-0.075309883
637799621	0.016296563
637799622	-0.099497062
637799623	-0.089317894
637799624	0.105492631
637799625	0.119076074
637799626	-0.039720505
637799627	0.077404643
637799628	-0.062082075
637799629	-0.157179008
637799630	-0.226727803
637799631	-0.095200466
637799632	-0.073192184
637799634	-0.047633535
637799635	0.099846101
637799636	-0.329818192
637799637	-0.160224377
637799638	-0.137125258
637799639	-0.115772285
637799640	-0.132891007
637799641	0.067499361
637799643	-0.156823962
637799644	-0.216208376
637799645	-1.024022603
637799646	-1.03294835
637799647	-0.047202918
637799648	-0.283041094
637799649	-0.577873558
637799650	-0.23572667
637799651	0.093610672
637799652	-0.00328479
637799653	0.3166497
637799654	-0.055878482
637799655	-0.193793837
637799656	-0.315199646
637799657	-0.085127232
637799658	0.018080361
637799659	0.046673862
637799660	-0.250789054
637799661	0.016916129
637799662	-0.064599675
637799663	-0.626855844
637799664	-0.022346112
637799665	-0.255416479
637799666	0.533952585
637799667	0.216256134
637799668	0.020992795
637799669	-0.089799868
637799670	-0.093497103
637799671	-0.014451867
637799672	-0.027005309
637799673	0.127929918
637799674	-0.108302836
637799675	0.072327263
637799676	0.132234514
637799677	-0.09927546
637799678	-0.383843882
637799679	-0.340258059
637799680	-0.152997525
637799681	0.135955532
637799682	-0.210103543
637799683	0.285477189
637799684	-0.009001844
637799685	0.136118645
637799687	0.052642883
637799688	0.027846773
637799689	-0.14485635
637799690	0.160704457
637799691	-0.000324975
637799692	-0.020999496
637799693	-0.114879922
637799694	0.264443222
637799695	0.07115665
637799696	0.052070589
637799697	0.194873671
637799698	-0.10737796
637799699	0.073527697
637799700	-0.528757397
637799701	-0.082188085
637799702	-0.049112428
637799703	-0.139556542
637799704	0.100743962
637799705	-0.271814534
637799706	-0.147699565
637799707	0.273434871
637799708	-0.319866006
637799709	0.087320603
637799710	0.052017855
637799711	-0.164623314
637799712	-0.064608194
637799713	-0.153717283
637799714	0.064360839
637799715	0.126129966
637799716	0.167381546
637799717	0.217594926
637799718	-0.088080457
637799719	0.07554042
637799720	-0.447344518
637799721	0.092698964
637799722	-0.057231516
637799723	0.266092785
637799724	-0.146961467
637799725	-0.340824782
637799726	-0.094980735
637799727	0.108497822
637799728	-0.011880505
637799729	-0.223561702
637799730	0.02074287
637799731	-0.315494058
637799732	-0.354554361
637799733	0.177745009
637799734	-0.068261447
637799735	-0.16280056
637799737	0.054166821
637799738	-0.07822493
637799739	-0.078503301
637799740	-0.085475016
637799741	-0.050315814
637799742	-0.14650053
637799743	0.216053078
637799744	-0.113881148
637799745	-0.154728053
637799746	0.033942963
637799747	0.10783658
637799748	-0.27922952
637799749	-0.186380172
637799750	0.213391053
637799751	-0.056454492
637799752	0.082659145
637799753	-0.427167916
637799754	0.014138679
637799755	-0.21806517
637799756	-0.039059087
637799757	0.144969997
637799758	-0.314903699
637799759	-0.088212956
637799760	-0.01955901
637799761	-0.060113491
637799762	-0.313671232
637799763	-0.019189188
637799764	-0.02881399
637799765	-0.089631036
637799766	-0.094586367
637799767	-0.393375022
637799768	-0.291323229
637799769	0.116141079
637799770	0.059781725
637799771	0.03560669
637799772	0.095836105
637799773	-0.150579091
637799774	0.038950202
637799775	0.021034219
637799776	-0.003776686
637799777	-0.301430852
637799778	-0.101006561
637799779	-0.075016613
637799780	0.012607703
637799781	0.105024263
637799782	-0.081352332
637799783	0.109388051
637799784	-0.08221805
637799785	-0.547804024
637799786	0.108442742
637799787	0.224565754
637799788	0.30860176
637799789	-0.203620426
637799790	-0.022035359
637799791	0.04924121
637799793	-0.133546648
637799794	-0.036960791
637799795	-0.042892602
637799796	0.360393196
637799797	0.013590902
637799798	0.0300736
637799799	0.105891552
637799800	0.335433868
637799801	0.146727095
637799802	-0.591569475
637799803	0.10504762
637799804	-0.222317221
637799805	-0.134248056
637799806	0.01130405
637799807	0.072019664
637799808	0.552210994
637799809	-0.120354708
637799810	-0.029899173
637799811	-0.186343745
637799812	-0.285325557
637799813	-0.01210895
637799814	0.067736233
637799815	0.518790322
637799816	0.122938927
637799817	5.40E-05
637799818	-0.003133757
637799819	0.03494361
637799820	-0.003126215
637799821	0.069071259
637799822	-0.073980538
637799823	-0.564602566
637799824	-0.028630113
637799825	-0.236233453
637799826	0.073341312
637799827	-0.084817037
637799828	-0.514363208
637799829	-0.155667092
637799830	0.091946192
637799831	0.050462759
637799832	0.117014882
637799833	0.259072945
637799834	-0.676281074
637799835	-0.113326036
637799836	-0.030877586
637799837	0.038083984
637799838	-0.085922983
637799839	-0.014438271
637799840	-0.138868503
637799841	0.100414326
637799842	-0.087287124
637799843	-0.360763523
637799844	-0.642604203
637799845	-0.136934426
637799846	0.08514252
637799847	-0.047041917
637799848	-0.393508924
637799849	-0.125714066
637799850	-0.184023833
637799851	-0.59276635
637799852	-0.610030768
637799853	-0.015941691
637799854	0.085112857
637799855	0.356042515
637799856	-0.246956053
637799857	-0.053892045
637799858	0.172450309
637799859	-0.130358594
637799860	-0.114693259
637799861	-0.137541276
637799862	-0.129748587
637799863	-0.412965569
637799864	-0.272883104
637799865	0.147885707
637799866	0.144024059
637799867	0.304403839
637799868	-0.062319945
637799869	-0.167671795
637799870	0.224793562
637799871	-0.339633728
637799872	0.031388455
637799873	-0.205560754
637799874	0.087190025
637799875	-0.231097186
637799876	0.109455329
637799877	-0.097417814
637799878	-0.511127902
637799879	0.178176638
637799880	-0.193813313
637799881	0.001303354
637799882	-0.246855494
637799883	-0.254785494
637799884	-0.053501102
637799885	0.34668352
637799886	0.246819575
637799887	-0.029958327
637799888	-0.065355037
637799889	0.061180234
637799890	-0.032967424
637799891	-0.166861899
637799892	-0.377940227
637799893	0.737921147
637799894	0.796601948
637799895	0.312388432
637799896	0.909305049
637799897	0.280431019
637799898	-0.519590208
637799899	-0.268778577
637799900	0.191690254
637799901	-0.044423134
637799902	0.061485677
637799903	-0.032884417
637799904	0.124969765
637799905	0.206394864
637799906	0.147703457
637799907	0.285140811
637799908	-0.158090437
637799909	0.182566905
637799910	-0.045578196
637799911	-0.112009722
637799912	-0.059606071
637799913	0.490825563
637799914	-0.028710654
637799915	0.153008568
637799916	0.238502605
637799917	-0.038221418
637799918	-0.195571747
637799919	-0.224387067
637799921	0.091939815
637799922	0.045414545
637799923	-0.051057157
637799924	-0.128056101
637799925	0.099716992
637799926	0.11985591
637799927	-0.003395863
637799928	-0.157274121
637799929	-0.108051064
637799930	-0.164031593
637799931	0.044976453
637799932	-0.651885542
637799933	-0.094301439
637799934	0.007576744
637799935	0.065975147
637799936	-0.008933225
637799937	-0.19826327
637799938	0.133881466
637799939	-0.726153985
637799940	0.106661063
637799941	0.343423884
637799942	-0.299661562
637799943	-0.35513149
637799944	0.082140204
637799945	0.107472679
637799946	-0.122304353
637799947	0.187727879
637799948	-0.214153826
637799949	-0.067776446
637799950	-0.025420298
637799951	-0.07290826
637799952	0.05300454
637799953	0.055192279
637799954	-0.036964301
637799955	-0.179536078
637799956	-0.177154766
637799957	-0.332892837
637799958	0.28515809
637799959	0.180500922
637799960	-0.060717116
637799961	-0.318886486
637799962	0.10551194
637799963	-0.049678888
637799964	0.080197093
637799965	-0.128611609
637799966	-0.011692844
637799967	0.05817895
637799968	0.111888969
637799969	-0.087100175
637799970	0.064399632
637799971	-0.048052432
637799972	0.920864376
637799973	1.029220368
637799974	1.148315013
637799975	1.198656337
637799976	0.521226003
637799977	0.145541807
637799978	0.28361772
637799979	-0.049520904
637799980	0.097545254
637799981	0.467957135
637799982	0.120103115
637799983	-0.053323075
637799984	-0.343594081
637799985	0.036182203
637799986	0.46711139
637799987	-0.347971599
637799988	-0.13028935
637799989	-0.757906721
637799990	-0.211250841
637799991	0.201143636
637799992	-0.096578324
637799993	-0.055399759
637799994	-0.188112087
637799995	-0.053087024
637799996	0.283606178
637799997	-0.093112028
637799998	0.120765558
637799999	-0.07305446
637800000	-1.179211016
637800001	-0.35784359
637800002	-0.246535127
637800003	-0.14622143
637800004	-0.103459902
637800005	-0.894901992
637800006	-1.089560321
637800007	-0.644509302
637800008	-0.308530565
637800009	-0.091920418
637800010	-0.075093255
637800011	-0.093997339
637800012	0.079983371
637800013	-0.078146268
637800014	0.036828846
637800015	-0.146035262
637800016	0.184970631
637800017	-0.249451803
637800018	-0.031428768
637800019	0.102963041
637800020	0.069799115
637800021	0.279156239
637800022	-0.156022465
637800023	0.198758997
637800024	0.010840177
637800025	0.078875322
637800026	0.145498836
637800027	0.136963078
637800028	-0.03406596
637800029	0.134590766
637800030	-0.149124514
637800031	-0.295487925
637800032	-0.319429295
637800033	0.000660829
637800034	-0.028260773
637800035	-0.400256831
637800037	0.029778169
637800038	0.072899166
637800039	-0.058623539
637800040	0.179151971
637800041	0.817340295
637800042	0.190875289
637800043	0.088757334
637800044	-0.988793907
637800045	-1.400992591
637800046	-1.434813618
637800047	0.30845221
637800048	-0.010283442
637800049	0.313714297
637800052	0.522144838
637800053	0.086444247
637800054	0.3267621
637800055	-0.280270374
637800056	-0.141314745
637800057	0.051229028
637800058	0.042855718
637800059	0.411514347
637800060	0.043679683
637800061	0.03169434
637800062	-0.261708518
637800063	-0.19455069
637800064	0.093173156
637800065	0.030181079
637800066	-0.32286933
637800067	-0.154777451
637800068	0.015674535
637800070	-0.148549507
637800071	-0.29897741
637800072	0.127945678
637800073	-0.574258918
637800074	0.377935661
637800075	-0.186040528
637800076	-0.173607967
637800077	-0.003535758
637800078	0.102478416
637800079	0.035954548
637800080	-0.076028647
637800081	-0.198433565
637800082	-0.419348084
637800083	-0.884459233
637800084	-0.325406647
637800085	-0.128340462
637800086	0.081030611
637800087	0.031145421
637800088	0.054794284
637800089	-0.018680963
637800090	-0.543792707
637800091	-0.242454975
637800092	-0.396890742
637800093	-0.675548454
637800094	-0.173166426
637800095	0.142722203
637800096	0.132758671
637800097	0.066656565
637800098	-2.381840336
637800099	-0.319295851
637800101	-0.279109945
637800102	-0.069070131
637800103	0.22870269
637800104	-0.180927922
637800105	0.092410041
637800106	-0.749840066
637800107	-0.587955386
637800108	-0.34147079
637800109	-0.358801083
637800110	0.775967269
637800111	0.172615822
637800112	-0.171562396
637800113	0.003346303
637800114	0.126417908
637800115	0.086066079
637800116	-0.413197087
637800117	-0.4919391
637800118	-0.316947254
637800119	0.021922723
637800120	-0.046746101
637800121	0.023322675
637800122	-0.189606152
637800123	-0.324025368
637800124	-0.076314767
637800125	0.132203624
637800126	0.103056102
637800127	-0.180307728
637800128	-0.149981566
637800129	-0.020405111
637800130	-0.147746489
637800131	0.046060972
637800132	-0.098737437
637800133	0.112487737
637800134	-0.075603202
637800135	0.0214871
637800136	-0.008737388
637800137	-0.07199745
637800138	-0.085940485
637800139	-0.294422678
637800140	-0.257545202
637800141	-0.344062501
637800142	0.227358588
637800143	0.077975201
637800144	0.163033622
637800145	0.078013629
637800146	-0.004674959
637800147	0.022593046
637800148	-0.089664831
637800149	0.116656892
637800150	0.084195926
637800151	0.114784636
637800152	-0.086209966
637800153	0.051654126
637800154	-0.046362421
637800156	0.147057041
637800157	0.211466148
637800158	0.379772045
637800159	-0.070841996
637800160	-0.130055566
637800161	-0.085133346
637800162	0.205312447
637800163	-0.144017786
637800164	-0.182338559
637800165	0.175984711
637800166	0.243247562
637800167	-0.101732207
637800168	-0.104322732
637800169	0.000935294
637800170	0.255664798
637800171	0.457448763
637800172	0.109595454
637800173	0.163946473
637800174	-0.145774255
637800175	-0.080635663
637800176	-0.082683564
637800177	0.047466086
637800178	-0.149721208
637800179	0.094067315
637800180	-0.164165409
637800181	0.051032633
637800182	0.068835324
637800183	-0.093350102
637800184	-0.088929083
637800185	0.078121577
637800186	-0.036305261
637800187	0.075304949
637800188	-0.135794923
637800189	-0.003638415
637800190	-0.024765046
637800191	-0.037584553
637800192	-0.001863282
637800194	-0.095248387
637800195	-0.042059545
637800197	-0.420136577
637800198	-1.355742803
637800199	-0.088582205
637800200	-0.013058937
637800201	0.490078305
637800202	0.224963001
637800203	-0.14376406
637800204	-0.151571769
637800205	-0.143119783
637800206	0.16564213
637800207	-0.083489769
637800208	0.179222582
637800209	-0.429837698
637800210	-0.306336985
637800211	-0.083720864
637800212	-0.057379732
637800213	-0.289822812
637800214	-0.154279999
637800215	0.25334981
637800216	-0.203694492
637800217	-0.644219562
637800218	-0.296576634
637800219	0.406388079
637800220	0.247643008
637800221	-0.337598627
637800222	-0.042143441
637800223	-0.167159045
637800224	-0.24499152
637800225	-1.32002195
637800226	0.129450402
637800227	0.132046322
637800228	0.18399655
637800229	0.319849048
637800230	0.319373717
637800231	0.065203195
637800232	-0.161155162
637800233	0.099934866
637800234	-0.073295904
637800235	0.078907727
637800236	0.002897458
637800237	-0.006945043
637800238	0.282896531
637800239	-0.12482653
637800240	-0.094324439
637800241	-0.006776315
637800242	-0.01190458
637800243	0.061875364
637800244	-0.312125283
637800245	-0.642378476
637800246	-0.155978193
637800247	-0.203355988
637800248	0.023196275
637800249	0.181797248
637800250	0.381967575
637800251	0.083358819
637800252	-0.003980178
637800253	0.162449879
637800254	-0.06568219
637800255	0.317693962
637800256	-0.020987524
637800257	0.056176749
637800258	0.385829456
637800259	0.452494532
637800260	-0.041532853
637800261	-0.572643661
637800262	-0.090939933
637800263	-0.188821876
637800264	0.151345974
637800265	-0.219695573
637800266	0.288337449
637800267	-0.161833705
637800268	-0.000378828
637800269	0.217642837
637800270	0.190502312
637800271	-0.83831692
637800272	0.308080994
637800273	0.072275435
637800274	0.033281882
637800275	-0.044425139
637800276	0.067028112
637800277	-0.023821805
637800278	-0.013465875
637800279	-0.871962401
637800280	-0.050648391
637800281	-0.036106192
637800282	0.043593196
637800283	0.083972618
637800284	0.121143295
637800285	-0.035897031
637800286	-0.354069315
637800287	-0.095936751
637800288	-0.060427974
637800289	-0.148511867
637800290	-2.04140016
637800291	-0.519398114
637800292	-0.040178384
637800293	-0.045642254
637800294	-0.047398412
637800295	-0.120411025
637800296	-0.081529126
637800297	0.072762001
637800298	0.030625816
637800299	-0.204503345
637800300	-0.097328538
637800301	-0.110952466
637800302	0.209212701
637800303	0.0395537
637800304	0.309931983
637800305	0.01363498
637800306	-0.509576254
637800307	-0.221367382
637800308	-0.123746057
637800309	0.007966529
637800310	0.57372247
637800311	0.097188412
637800312	-0.11854137
637800313	-0.026045158
637800314	-0.028075798
637800315	0.056934081
637800316	-0.031531901
637800317	-0.164645268
637800318	-0.025381488
637800319	0.080577413
637800320	0.140327879
637800321	-0.626482214
637800322	0.066222331
637800323	-0.585410877
637800324	0.010694698
637800325	0.073632709
637800326	-0.243434297
637800327	-0.082637289
637800328	-0.00857478
637800329	-0.073176915
637800330	0.427154145
637800331	-0.024887371
637800332	-0.141934212
637800333	-0.087428809
637800334	-0.275628186
637800335	-0.119395209
637800336	0.039638756
637800337	-0.361264376
637800338	0.171572786
637800339	0.304625678
637800340	0.231016198
637800341	-0.215154341
637800342	-0.086028019
637800343	-0.012888901
637800344	0.150253325
637800345	-0.298159068
637800346	-0.122620129
637800347	0.15416129
637800348	-0.207769536
637800349	-0.145658304
637800350	0.032978035
637800351	0.091004318
637800352	-0.098505825
637800353	-0.139003613
637800354	0.213380337
637800355	0.026248652
637800356	-0.378040507
637800357	-0.260654081
637800358	-0.007814222
637800359	0.014003015
637800360	-0.149931279
637800361	0.033246929
637800362	-0.166299712
637800363	0.096921592
637800364	-0.296567613
637800365	0.140197873
637800366	0.023762787
637800367	-0.185813366
637800368	-0.177179083
637800369	0.153064748
637800370	-0.279864619
637800371	0.067307511
637800372	-0.008608719
637800373	-0.077703816
637800374	-0.001277937
637800375	0.103547693
637800376	-0.04193602
637800377	0.007512888
637800378	-0.019332413
637800379	-0.416496477
637800380	-0.028640057
637800381	0.241030624
637800382	-0.022280143
637800383	-0.063506595
637800384	0.086483978
637800385	0.06106368
637800386	-0.018642935
637800387	-0.014808288
637800389	-0.055529634
637800390	-0.012701521
637800391	-0.00271303
637800392	-0.992332416
637800393	-0.763572898
637800394	0.232747191
637800395	0.016908661
637800396	-0.185937409
637800397	-0.213301848
637800398	0.054891613
637800399	-0.247394364
637800400	-0.327806282
637800401	-0.095287596
637800402	0.330542695
637800403	-0.760684149
637800404	0.086996582
637800405	-0.497972826
637800406	0.114893542
637800407	0.244500868
637800408	0.017949467
637800411	-0.164079043
637800412	0.028801124
637800413	-0.234457238
637800414	0.242098481
637800415	0.071518461
637800416	-0.040215608
637800417	0.20949051
637800418	0.233345519
637800419	0.241090196
637800420	-0.244992101
637800421	-0.313914545
637800422	0.073143372
637800423	0.162098464
637800424	0.045059872
637800425	0.076805669
637800426	0.257029373
637800427	-0.518193695
637800428	-0.333548267
637800429	0.001789482
637800430	-0.172066633
637800431	-0.398918115
637800432	-0.791163567
637800433	0.222898994
637800434	-0.00515459
637800435	0.01938994
637800436	-0.698507241
637800437	-0.099539559
637800438	-0.092694478
637800439	-0.037651047
637800440	-0.256393929
637800441	-0.266985396
637800442	-0.803159064
637800443	-0.006927885
637800444	-0.361895905
637800445	0.218599767
637800446	0.082876979
637800447	-0.15881688
637800448	0.112296183
637800449	-0.063207739
637800450	-0.059248617
637800451	0.018674081
637800452	0.200255169
637800453	-0.173563236
637800454	-0.197258251
637800455	0.050050765
637800456	-0.031133498
637800457	0.243159911
637800458	-0.096920906
637800459	0.305452711
637800460	0.071757877
637800461	-0.25017798
637800462	0.176511116
637800463	0.12193849
637800464	0.039424997
637800465	-0.063608059
637800466	-0.023772572
637800467	0.027736377
637800468	0.046378043
637800469	-0.054532238
637800470	-0.180397709
637800471	-0.036839774
637800472	0.220655907
637800473	-0.00352306
637800474	-0.295617085
637800475	0.664435356
637800476	0.045809224
637800477	0.106715552
637800478	0.263902339
637800479	0.303228264
637800480	0.038700603
637800481	0.190234723
637800482	0.181919752
637800483	-0.209110599
637800484	0.105046574
637800485	-0.057593995
637800486	0.214544412
637800487	0.046272831
637800488	-0.600177139
637800489	0.102884558
637800490	-0.014568522
637800491	-0.527470282
637800492	-0.045274724
637800493	0.377347061
637800494	0.015579867
637800495	-0.127506497
637800496	-0.092325215
637800497	0.170717735
637800498	-0.220121044
637800499	-0.19089721
637800500	-0.139926072
637800501	0.295415773
637800502	0.031792676
637800503	0.054011023
637800504	0.432205154
637800505	0.166927587
637800506	-0.537915206
637800507	-0.102522501
637800508	0.153124903
637800509	-0.173091721
637800510	0.068148137
637800511	-0.055301964
637800512	-0.175549009
637800513	-0.041869847
637800514	0.018699194
637800515	0.161286683
637800516	0.091518018
637800517	-0.226375107
637800518	0.045545729
637800519	0.08313329
637800520	0.183896963
637800521	-0.07582068
637800522	-0.018508495
637800523	-0.098702746
637800524	-0.643254214
637800525	-0.133008062
637800526	-0.048011883
637800527	-1.292176669
637800528	-0.201170527
637800529	0.007993459
637800530	0.019808714
637800531	-0.363392012
637800532	-0.027204075
637800533	-0.234028231
637800534	-0.38603268
637800535	-0.055975757
637800536	0.104020357
637800537	0.12305181
637800538	-0.087784994
637800539	-0.217537815
637800540	0.215373887
637800541	-0.111417662
637800542	-0.187233663
637800543	0.053249664
637800544	0.090627988
637800545	0.108702357
637800546	0.194239231
637800547	0.175935607
637800548	-0.429454509
637800549	-0.282856511
637800550	0.09343671
637800551	0.126391385
637800552	0.267848411
637800553	0.033852334
637800554	-0.14556692
637800555	0.127466184
637800556	0.069246561
637800557	-0.087880065
637800558	0.145460966
637800559	0.05116415
637800560	-0.234329097
637800561	0.051999954
637800562	-0.144889372
637800563	0.031440948
637800564	0.177876486
637800565	0.056232586
637800566	-0.161009661
637800567	-0.304929436
637800568	-0.01820975
637800569	-0.195412523
637800570	-0.149381952
637800571	-0.182034836
637800572	-0.113470146
637800573	-0.060093645
637800574	-0.088429082
637800575	0.024662165
637800576	-0.096069643
637800577	0.349447763
637800578	0.199560229
637800579	0.154990333
637800580	0.203621294
637800581	0.461052703
637800582	0.204169388
637800583	0.151914403
637800584	-0.008604616
637800585	-0.079849087
637800586	0.08950941
637800587	-0.149350228
637800588	-0.179089581
637800589	-0.322997087
637800590	-0.098416479
637800591	-0.067846206
637800592	0.060689199
637800593	-0.071864408
637800594	-0.170906847
637800595	0.064661582
637800596	0.060625975
637800597	-0.007022119
637800598	-0.030078974
637800599	-0.026204217
637800600	0.088169035
637800601	0.680761105
637800602	0.02662069
637800603	0.010974199
637800604	0.062426692
637800605	-0.072288425
637800606	0.089899714
637800607	-0.048656264
637800608	-0.005754531
637800609	-0.039162823
637800610	-0.07521876
637800611	0.011195902
637800612	0.095747386
637800613	-0.098106661
637800614	0.284411362
637800615	0.001933703
637800616	-0.68925841
637800617	-0.04925847
637800618	0.359174564
637800619	0.698618954
637800620	0.289738908
637800621	0.004532904
637800622	0.179720841
637800623	0.352086479
637800624	-0.133936875
637800625	-0.537228539
637800626	-0.302249729
637800627	-0.112829674
637800628	0.134243021
637800629	0.004615928
637800630	-0.221423374
637800631	-0.155560732
637800632	-0.002584305
637800633	-0.09347638
637800634	-0.11655057
637800635	-0.458663586
637800636	0.11970199
637800637	-0.391322
637800638	-0.025768188
637800639	-0.130601272
637800640	-0.038688855
637800641	-0.517374624
637800642	-0.185176058
637800643	-0.059521342
637800644	-0.11456207
637800645	-0.392483576
637800646	-0.019680854
637800647	-0.167513296
637800648	-0.313691025
637800650	-0.67947223
637800651	-0.745322893
637800652	-0.188079219
637800653	-0.075981313
637800654	-0.124365043
637800655	-0.161341561
637800657	-0.379561145
637800658	-0.063043699
637800659	-0.162587517
637800660	-0.14123677
637800661	-0.056350603
637800662	-0.443517488
637800663	-0.356003081
637800664	-0.407201123
637800665	-0.268628712
637800666	-0.416971324
637800667	-0.302130836
637800668	-0.353030273
637800669	-0.130566187
637800670	-0.326289783
637800671	-0.22069856
637800672	-0.176518165
637800673	-0.299121473
637800674	-0.227100796
637800675	-0.206095467
637800676	-0.078936588
637800677	-0.274110607
637800678	-0.006524084
637800679	-0.03036415
637800680	-0.206406234
637800681	0.166515327
637800682	-0.048432317
637800683	0.048027713
637800684	-0.351292388
637800685	-0.418645434
637800686	0.091459727
637800687	0.428088998
637800688	0.017057795
637800689	0.115618003
637800690	0.066853156
637800691	0.396490861
637800692	-0.340415443
637800693	-0.026075298
637800694	0.071395855
637800695	-0.510195469
637800696	0.042283298
637800697	-0.036835342
637800698	0.152815991
637800699	-0.115477822
637800700	-0.501792751
637800701	-0.878070848
637800702	0.246875233
637800703	0.078121265
637800704	-0.370223893
637800705	-0.164634857
637800706	0.18865666
637800707	0.005995932
637800708	-0.229243698
637800709	0.095745338
637800710	-0.096643876
637800711	-0.097560581
637800712	-0.089412554
637800713	-0.07728088
637800714	-1.501741038
637800715	-0.159672882
637800716	0.213892008
637800717	0.055124689
637800718	-0.147643458
637800719	-0.04902322
637800720	0.153837551
637800721	0.016625444
637800722	-0.163612736
637800723	0.174388048
637800724	-0.035531223
637800725	-0.08478048
637800726	-0.29473194
637800727	0.03048491
637800728	0.316977545
637800729	-0.042842209
637800730	0.034235393
637800731	-0.009676872
637800732	-0.28855942
637800733	0.043879372
637800734	-0.296932627
637800735	0.036736236
637800736	-0.094623046
637800737	-0.48257305
637800738	0.032259521
637800740	0.128986137
637800741	-0.075097149
637800742	-0.046013055
637800743	-0.002501695
637800744	-0.091062939
637800745	-0.638330281
637800746	-0.122991249
637800747	-0.210794792
637800748	-0.143030874
637800749	-0.668126717
637800750	-0.203737866
637800751	0.018193644
637800752	-0.033641286
637800753	-0.089655504
637800754	-0.963753037
637800755	-0.973800799
637800756	-0.491526559
637800757	0.313400163
637800758	0.061385091
637800759	-0.092597212
637800760	-0.275758905
637800761	-0.002481363
637800762	-0.408047961
637800763	0.869830094
637800764	0.345026337
637800765	-0.254203697
637800766	0.029299842
637800767	-0.369291424
637800768	-0.222793041
637800769	-0.426161341
637800770	-0.215819899
637800771	-0.245643704
637800772	-0.024874768
637800773	0.05379743
637800774	-0.752906518
637800775	-0.145191859
637800776	0.008269373
637800777	-0.163045693
637800778	0.18303755
637800779	-0.148799339
637800780	-0.525813515
637800781	-1.099484918
637800782	-1.119876267
637800783	-1.074378402
637800784	-1.799257113
637800785	-0.411731169
637800786	0.077483518
637800787	0.106954093
637800788	0.097553206
637800789	-0.191279518
637800790	0.11598413
637800791	0.164099495
637800792	-0.211642704
637800793	-0.308171565
637800794	-0.396178819
637800795	-0.059193737
637800796	-0.065677068
637800797	0.041532753
637800798	-0.065786479
637800799	-0.011738336
637800800	-0.615282694
637800801	0.079204335
637800802	-0.089311059
637800803	-0.081215605
637800804	-0.062256283
637800805	0.233980424
637800806	-0.029294044
637800807	0.090521243
637800808	0.152839398
637800809	-0.208264184
637800810	-0.285730082
637800811	-0.071309963
637800812	-0.148275336
637800813	-0.109423352
637800814	-0.351249794
637800815	0.11523388
637800816	-0.005118681
637800817	0.159816983
637800818	0.174545828
637800819	-0.005587652
637800820	0.119051159
637800821	0.117781363
637800822	0.185521632
637800823	-0.04036923
637800824	0.06285584
637800825	0.142426861
637800826	-0.210708503
637800827	-0.130093753
637800828	-0.4875496
637800829	0.029216963
637800830	0.081495748
637800831	0.20845173
637800832	-0.66333326
637800833	-0.605330889
637800834	-0.431977574
637800835	-0.592245321
637800836	-0.870005524
637800837	-0.287605025
637800838	0.024897205
637800839	-0.162477224
637800840	0.10927057
637800841	0.02357068
637800842	0.025272497
637800843	-0.435867494
637800844	0.153576192
637800845	0.05167508
637800846	0.199970123
637800847	0.161185508
637800848	0.109800714
637800849	-0.457716703
637800850	0.169248085
637800851	-0.063681799
637800852	-0.109280913
637800853	0.012065303
637800854	-0.012612594
637800855	-0.19354387
637800856	-0.063343896
637800857	-0.327075861
637800858	-0.092118754
637800859	-0.022734666
637800860	-0.238354863
637800861	0.026526152
637800862	-0.082099668
637800863	0.08562378
637800864	-0.119849325
637800865	0.189759807
637800866	0.12011563
637800867	-0.403607549
637800868	0.143436964
637800869	0.195052088
637800870	0.110886993
637800871	-0.050471131
637800872	-0.041904469
637800873	-0.011929834
637800874	-0.131010726
637800875	0.053246798
637800876	-0.065690102
637800877	-0.166940662
637800878	-0.129416088
637800879	0.001207561
637800880	-0.577858193
637800881	-0.241740481
637800882	0.009487422
637800883	-0.14683475
637800884	-0.073028625
637800885	-0.068616255
637800886	0.392892819
637800887	-0.499205244
637800888	0.001382387
637800889	-0.011550126
637800890	-0.302651491
637800891	-0.105811721
637800892	-0.17315739
637800893	-0.148510496
637800894	-0.390419802
637800895	-0.203484396
637800896	-0.23030817
637800897	-0.400581965
637800898	0.228169927
637800899	0.255817002
637800900	0.334418312
637800901	0.275823317
637800902	-0.257772544
637800903	0.113587216
637800905	0.040864205
637800906	-0.017540898
637800907	-0.358725788
637800908	-0.205697096
637800909	-0.216640783
637800910	-1.103910786
637800911	0.179439164
637800912	-0.067758353
637800913	-0.135314912
637800914	-0.676433151
637800915	-0.104086084
637800916	0.184440556
637800917	-0.338118449
637800918	0.092165798
637800919	0.01380511
637800920	0.006796165
637800921	0.121950609
637800922	-0.224333743
637800923	0.154620681
637800924	0.070726554
637800925	-0.205327031
637800926	0.139404105
637800927	0.006997428
637800928	-0.077398819
637800929	0.329873693
637800930	0.07062083
637800931	0.019062353
637800932	0.066639678
637800933	-0.32034686
637800934	-0.490783122
637800935	-0.478643078
637800936	-0.1688626
637800937	-0.474401003
637800938	-0.021071321
637800939	0.104778337
637800940	-0.16353557
637800941	-0.090721109
637800942	0.045164593
637800943	-0.093548766
637800944	0.19910321
637800945	0.132001444
637800946	-0.023760493
637800947	-0.045393839
637800948	-0.096883363
637800949	-0.204902783
637800950	-0.068069228
637800951	0.108004885
637800952	0.189179385
637800953	0.188927433
637800954	-0.137871149
637800955	-0.030630279
637800956	-0.533875981
637800957	0.209708515
637800958	0.037278197
637800959	0.208666349
637800960	0.359062578
637800961	0.178617178
637800962	0.101525569
637800963	-0.157842827
637800964	-0.111648347
637800965	-0.229876245
637800966	0.11876384
637800967	-0.147790099
637800968	-0.082891454
637800969	0.190629032
637800970	-0.101521016
637800971	0.094295645
637800972	0.044267607
637800973	-0.168326805
637800974	-0.358549272
637800975	-0.249914193
637800976	-0.082178
637800978	-0.034411079
637800979	-0.025328882
637800980	-0.148748648
637800981	-0.249157218
637800982	0.01336136
637800983	0.070695639
637800984	-0.018527764
637800985	-0.096854793
637800986	0.150972677
637800987	0.196640195
637800988	-0.314467597
637800989	0.185203203
637800990	0.183243977
637800991	-0.304556181
637800992	-0.006388458
637800993	-0.11196209
637800994	-0.310448649
637800995	-0.119632475
637800996	-0.071038778
637800997	0.003803292
637800998	0.146661573
637800999	-0.214722578
637801000	0.163545623
637801001	-0.314034538
637801002	-0.074796081
637801003	-0.165587893
637801004	-0.267209515
637801005	-0.937392611
637801006	-0.853308166
637801007	-0.889824499
637801008	-0.03447002
637801009	-0.026531156
637801010	-0.035656508
637801011	-0.280742362
637801012	-0.005173062
637801013	-0.08128849
637801014	0.209742572
637801015	0.131927172
637801016	-0.277612467
637801017	0.207824573
637801018	0.0971367
637801019	-0.004640015
637801020	0.024979558
637801021	0.057244859
637801022	0.023392608
637801023	-0.101894773
637801024	-0.234310933
637801025	-0.062294611
637801029	0.101077033
637801030	-0.068702549
637801031	-0.016921711
637801032	0.039315465
637801033	-0.067820689
637801034	0.28511574
637801035	0.114452652
637801036	-0.139902136
637801037	0.200360835
637801038	0.15302127
637801040	0.068410372
637801041	-0.111886459
637801042	-0.096492684
637801043	0.122124773
637801044	-1.934826114
637801045	-1.74862186
637801046	-0.013408138
637801047	-0.157857331
637801048	0.204118412
637801049	0.142263082
637801050	-0.242527968
637801051	-0.193573527
637801052	-0.052557944
637801053	-0.074580413
637801054	-0.166124353
637801055	-0.009174465
637801056	-0.299074285
637801057	-0.334435174
637801058	-0.058289604
637801059	-0.089049012
637801060	0.171503237
637801061	-0.155281366
637801062	-0.127720333
637801063	-0.346951838
637801064	-0.062219143
637801065	-0.09210428
637801066	0.128939414
637801067	-0.358648895
640711016	-0.547698351
640711017	0.097797148
640711018	0.31756623
640711019	-0.651772086
640711020	-0.265437397
640711021	-0.16129288
640711022	-0.276181974
640711023	0.030788486
640711024	0
640711025	0
640711026	0
640711027	0
640711028	0
640711029	-0.610261313
640711030	0.232840327
640711031	-0.716382575
640711032	-0.387920151
640711033	-0.579189588
640711034	-0.467116826
640711035	-0.268750271
640711036	0.075800033
640711037	-0.504246723
640711038	-0.266138628
640711039	-0.073897774
640711040	-0.480248311
640711041	-0.329289938
640711042	-0.069788437
640711043	0.031809629
640711044	-0.791037899
640711045	-0.581541013
640711046	-0.1902976
640711047	-0.332079123
640711048	-0.506430983
640711049	-0.410307394
640711050	-0.485144023
640711051	-0.208829845
640711052	-0.661463823
640711053	0.154323346
640711054	-0.222217461
640711055	0.511564376
640711056	-0.249860909
640711057	-0.515564267
640711058	0.115628054
640711059	0.117213326
640711060	-0.265930777
640711061	-0.799197646
640711062	-0.151921126
640711063	-0.102039143
640711064	-0.055090121
640711065	-0.297020209
640711066	-0.946065362
640711067	0.544894795
640711068	-0.391720469
637798356	-0.119617208
637798357	-0.124786112
637798358	-0.122807308
637798359	-0.244816399
637798360	0.135107744
637798361	0.355356762
637798362	-0.151109952
637798363	0.050517644
637798364	0.114144674
637798365	0.099606468
637798366	0.017108276
637798367	-0.037963015
637798368	-0.111965494
637798369	-0.017686208
637798370	0.180902946
637798371	-0.134730813
637798372	0.189057521
637798373	0.069898642
637798374	-0.093987286
637798375	0.055058157
637798376	0.300521558
637798377	-0.10484412
637798378	-0.096046349
637798379	0.097909851
637798380	0.146340116
637798381	0.074713016
637798382	-0.637584038
637798383	-0.538596852
637798384	-0.109041773
637798385	0.037792664
637798386	-0.115385522
637798387	-0.252599775
637798388	0.01482783
637798389	-0.114606881
637798390	-0.063735278
637798391	-0.202331576
637798392	0.103105096
637798393	0.246914811
637798394	-0.356093349
637798395	-0.170504239
637798396	0.024387152
637798397	0.11806148
637798398	-0.307758551
637798399	-0.206773607
637798400	-0.525748715
637798401	-0.319323566
637798402	-0.061750974
637798403	0.133900027
637798404	0.02063129
637798405	0.025683753
pANS_predictedORF_1	-0.028231133
pANS_predictedORF_2	-0.058172994
pANS_predictedORF_3	-0.30748809
pANS_predictedORF_4	0.019655429
pANS_predictedORF_5	0.262761332
pANS_predictedORF_6	0.032456492
pANS_predictedORF_7	0.00210366
pANS_predictedORF_8	-0.067783724
