Reporter Identifier	VALUE
637798406	-0.126098706
637798407	-0.545402505
637798408	0.025414686
637798409	-0.026053083
637798410	0.002069447
637798411	0.02167946
637798412	-0.002813593
637798413	-0.001955864
637798414	-0.318765938
637798415	-0.062144673
637798416	-0.540905965
637798417	-0.76689541
637798418	-0.380961697
637798419	-0.037467647
637798420	0.015625486
637798421	0.098659916
637798422	-0.05744133
637798423	-0.097633624
637798424	-0.274901755
637798425	-0.090670424
637798426	-0.065411031
637798427	0.346638983
637798428	0.526212527
637798429	0.376380304
637798430	0.203657198
637798431	-0.007451239
637798432	-0.098671989
637798433	0.625306909
637798434	-0.102202553
637798435	-0.055759371
637798436	-0.226738434
637798437	-0.08230817
637798438	-0.308620167
637798439	-0.100393909
637798440	0.083694261
637798441	0.013516569
637798442	0.025076808
637798443	-0.040535185
637798444	0.152428007
637798445	0.15929596
637798446	0.245026711
637798448	-0.86312776
637798449	-0.280306397
637798450	0.083263125
637798451	-0.070409688
637798452	-0.323706425
637798453	-0.018716414
637798454	-0.631204045
637798455	-0.989564465
637798456	0.0928551
637798457	0.114264856
637798458	0.124651834
637798459	0.132204799
637798460	-0.090841621
637798461	-0.174949939
637798462	0.183779249
637798463	0.178135473
637798464	0.103827975
637798465	0.009658141
637798466	0.211266212
637798467	0.022155019
637798468	0.131777281
637798469	-0.080061047
637798470	-0.056668205
637798471	-0.170766171
637798472	0.141753291
637798473	-0.184990161
637798474	0.0733389
637798475	-0.256755018
637798476	0.075338645
637798477	0.058811634
637798478	-0.103480134
637798479	-0.121851733
637798480	0.28229865
637798481	-0.186300793
637798482	-0.325881887
637798483	-0.121738111
637798484	-0.219423505
637798485	-0.064669264
637798486	-0.003751936
637798487	-0.248170927
637798488	0.114626387
637798489	-0.038795256
637798490	0.107645707
637798491	-0.388539623
637798492	-0.197305733
637798493	-0.202059122
637798494	-0.037754563
637798495	-0.346910448
637798496	0.021790626
637798497	0.014766782
637798498	-0.278911537
637798499	-0.024426163
637798500	0.145840707
637798501	-0.009403368
637798502	0.157651017
637798503	-0.125807327
637798504	-0.14516167
637798505	0.531300469
637798506	-0.487484905
637798507	-0.277797121
637798508	0.106848844
637798509	-0.118405112
637798510	0.207306103
637798511	-0.071181322
637798512	-0.061969999
637798513	0.09932258
637798514	0.192634423
637798515	-0.073425106
637798516	0.131618146
637798517	0.02534456
637798518	-0.067799887
637798519	0.144462455
637798520	-0.685170461
637798521	0.210884469
637798522	0.130212562
637798523	0.244856125
637798524	-0.246072083
637798525	-0.137897177
637798526	-0.358790485
637798527	0.010161396
637798528	0.088805008
637798529	0.017652249
637798530	0.13079838
637798531	0.15579404
637798532	-0.25449328
637798533	0.071769566
637798534	0.223007993
637798535	0.204097766
637798536	0.046855435
637798537	0.17080633
637798538	-0.184134271
637798539	0.02230171
637798540	-0.003975925
637798541	-0.111296919
637798542	-0.01486981
637798543	0.235586992
637798544	0.30825143
637798545	-0.012437422
637798546	-0.121882167
637798547	-0.091630873
637798548	0.073174289
637798549	-0.345601973
637798550	-0.052391696
637798551	0.603882167
637798552	-0.074512347
637798553	-0.408179382
637798554	0.026775348
637798555	-0.244907335
637798556	-0.134379917
637798557	0.057766776
637798558	0.360100024
637798559	-0.159912514
637798560	0.137636711
637798561	0.216336789
637798562	-0.066250923
637798563	0.471596881
637798564	-0.304978752
637798565	0.041205398
637798566	-0.047359405
637798567	-0.17244931
637798568	0.026544661
637798569	0.140217573
637798570	-0.212675005
637798571	0.138907545
637798572	0.129239402
637798573	0.313358184
637798574	-0.124460405
637798575	-0.214538164
637798576	-0.053606592
637798577	-0.128551154
637798578	0.190524968
637798579	-0.02570701
637798580	-0.022619093
637798581	0.079767277
637798582	-0.206642975
637798583	0.259709346
637798584	0.380573212
637798585	0.06854462
637798586	0.322867554
637798587	0.211928397
637798588	-0.051770503
637798589	-0.278598347
637798590	-0.092127149
637798591	0.144486762
637798592	0.092064353
637798593	0.033111275
637798594	0.080545396
637798595	-0.215447606
637798596	0.459706824
637798597	-0.167828041
637798598	-0.109054411
637798599	-0.110539308
637798600	-0.005286481
637798601	-0.279690581
637798602	0.027113963
637798603	-0.058494006
637798604	0.43981462
637798605	-0.120811726
637798606	0.485997417
637798607	0.497336507
637798608	0.375280097
637798609	0.18833369
637798610	-0.158943349
637798611	0.028861215
637798612	0.005713035
637798613	-0.087801127
637798614	0.171716167
637798615	-0.331874409
637798616	-0.141281423
637798617	-0.144701228
637798618	-0.170063075
637798619	-0.180921481
637798620	0.13553149
637798621	-0.06415201
637798622	-0.115524706
637798623	0.050627317
637798624	-0.117632217
637798625	-0.185064667
637798626	-0.013247809
637798627	-0.146998731
637798628	0.108751766
637798629	0.067869734
637798630	-0.299029469
637798631	-0.872498437
637798632	-0.205864177
637798633	0.024205068
637798634	-0.032599996
637798635	0.036848123
637798636	0.402601588
637798637	-0.060740194
637798638	-0.236323639
637798639	-0.166399206
637798640	0.05230502
637798641	0.202653312
637798642	0.106354078
637798643	-0.054005496
637798644	0.008711793
637798645	0.176304813
637798646	-0.351618472
637798647	0.056707279
637798648	-0.290568559
637798649	-0.863189198
637798650	-0.373497057
637798651	-0.349466161
637798652	-0.058411172
637798653	0.084831476
637798654	0.150503679
637798655	0.147538529
637798656	0.064088122
637798657	0.196304291
637798658	-0.687897994
637798659	-0.226759607
637798660	-0.174690132
637798661	-0.142447715
637798662	-0.066475937
637798663	-0.07696834
637798664	0.253773017
637798665	-0.710908883
637798666	-0.049543616
637798667	0.037970476
637798668	-0.14052902
637798669	-0.087490145
637798670	0.163866073
637798671	-0.126541489
637798672	-0.048267245
637798673	0.002752763
637798674	0.009799866
637798675	-0.368633637
637798676	-0.144439433
637798677	0.174644389
637798678	-0.054057711
637798679	0.096377214
637798680	0.218616153
637798681	0.147227881
637798682	0.102647215
637798683	-0.019717906
637798684	-0.020632544
637798685	-0.071927594
637798686	0.108050765
637798687	-0.239680854
637798688	-0.558411379
637798689	0.03912282
637798690	-0.099339938
637798691	-0.322556812
637798692	-0.126000568
637798693	0.349764228
637798694	-0.04340001
637798695	-0.148953125
637798696	0.023457281
637798697	-0.44732455
637798698	-0.077118872
637798699	0.202717634
637798700	0.107658399
637798701	-0.40859581
637798702	-0.001023061
637798703	-0.427069102
637798704	0.057425774
637798705	-0.121041623
637798706	0.181419898
637798707	-0.040185408
637798708	-0.332357478
637798709	0.12800405
637798710	-0.213318217
637798711	-0.00796654
637798712	-0.102044927
637798713	0.288037467
637798714	0.10080201
637798715	0.093104001
637798716	0.26139118
637798717	-0.337048741
637798718	0.278789562
637798719	-0.383967456
637798720	0.017446929
637798721	-0.361958223
637798722	0.132248034
637798723	0.142635603
637798724	0.353040732
637798725	0.021294069
637798726	-0.056283488
637798727	-0.659914256
637798728	0.02157776
637798729	-0.125503537
637798730	0.254713828
637798731	0.265398363
637798732	-0.287027745
637798733	-0.08112399
637798734	0.151692674
637798735	-0.03482274
637798736	-0.173590514
637798737	-0.265641499
637798738	-0.566099811
637798739	-0.595393231
637798740	-0.598968988
637798741	-0.250767352
637798742	-0.385883197
637798743	-0.350459426
637798744	-0.213801672
637798745	-0.006041789
637798746	0.029071985
637798747	0.082702505
637798748	-0.130525276
637798749	-0.590156721
637798750	0.362925773
637798751	-0.077523123
637798752	-0.058584519
637798753	-1.274244576
637798754	0.052381493
637798755	0.317133976
637798756	-0.236793523
637798757	0.114435106
637798758	-0.04682011
637798759	0.33227095
637798760	-0.352858821
637798761	-0.204245185
637798762	-0.241544664
637798763	0.102135548
637798764	-0.128340459
637798765	-0.163569476
637798766	-0.053468322
637798767	-0.610730488
637798768	0.107451717
637798769	-0.056666542
637798770	0.028106073
637798771	-0.102707871
637798772	0.143451789
637798773	-0.178689285
637798774	0.174456626
637798775	0.111159402
637798776	0.02708782
637798777	0.027983237
637798778	-0.36701158
637798779	0.168955132
637798780	-0.233847208
637798781	-0.052187221
637798782	-0.021867516
637798783	-0.50458198
637798784	-0.145395602
637798785	-0.141475452
637798786	-0.122063065
637798787	-0.103820675
637798788	0.03161492
637798789	0.148265428
637798790	0.021462584
637798791	-0.13256317
637798792	0.13742182
637798793	0.010166982
637798794	-0.16635626
637798795	-0.054211877
637798796	0.144801014
637798797	-0.117892121
637798798	0.118487013
637798799	-0.026447599
637798800	-0.198075187
637798801	-0.107101237
637798802	-0.035655762
637798803	0.01982309
637798804	-0.202361545
637798805	-0.111986507
637798806	-0.471701583
637798807	-0.153062494
637798808	-0.078675711
637798809	-0.088550227
637798810	0.323699563
637798811	0.0028349
637798812	0.032720199
637798813	-0.126912813
637798814	-0.055573935
637798815	0.118110286
637798816	0.167617758
637798817	0.052894182
637798818	-0.191445696
637798819	-0.345269656
637798820	-0.09807035
637798821	-0.139175826
637798822	-0.107177343
637798823	-0.021897229
637798824	0.102202209
637798825	-0.458572692
637798826	0.129689132
637798827	0.21601524
637798828	-0.300244801
637798829	-0.667768473
637798830	0.220719246
637798831	-0.016670019
637798832	-0.332100508
637798833	-0.25404222
637798834	-0.175931232
637798835	-0.112828263
637798836	-0.236743158
637798837	-0.07181816
637798838	-0.162471167
637798839	0.244388877
637798840	-0.145385747
637798841	-0.110078286
637798842	0.083365078
637798843	0.382424951
637798844	0.30872765
637798845	-0.199284002
637798846	0.180330846
637798847	0.066170361
637798848	-0.588298869
637798849	-0.089312025
637798850	-0.065202761
637798851	0.080038449
637798852	-1.206832051
637798853	-0.017518983
637798854	-0.143842656
637798855	0.038107824
637798856	-0.783455424
637798857	-0.006613776
637798858	-0.258337921
637798860	0.079846447
637798861	-0.054171245
637798862	0.024430535
637798863	-0.937914942
637798864	0.105939445
637798865	-0.025179187
637798866	-0.225770448
637798867	-0.066816218
637798868	-0.132794608
637798869	0.182211027
637798870	-0.026692556
637798871	-0.25373996
637798872	-0.241679858
637798873	-0.086720827
637798874	-0.151923626
637798875	-0.368596406
637798876	-0.357615753
637798877	0.051896825
637798878	0.107944089
637798879	0.067813908
637798880	-0.251137214
637798881	-0.802256476
637798882	0.255932432
637798883	-0.382181497
637798884	-0.876304869
637798885	0.111094014
637798886	-0.037225358
637798887	0.284018413
637798888	0.321374444
637798889	0.17984789
637798890	0.031141067
637798891	-0.222333736
637798892	-0.168084391
637798893	-0.177920189
637798894	-0.288043071
637798895	-0.029187912
637798896	-0.099958009
637798897	-0.061351771
637798898	-0.461060567
637798899	-0.100894536
637798900	-0.196092052
637798901	0.127708446
637798902	-0.430392692
637798903	0.022242457
637798904	0.309788521
637798905	-0.046550243
637798906	-0.237359394
637798907	0.296129386
637798908	0.00539479
637798909	-0.029177285
637798910	0.009758825
637798911	0.161486583
637798912	-0.609342115
637798913	-0.002310731
637798914	-0.36515001
637798915	0.010048792
637798916	-0.166306894
637798917	0.009372922
637798918	-0.121068676
637798919	-0.164150096
637798920	-0.157164964
637798921	-0.049632937
637798922	0.110267016
637798923	0.101218571
637798924	0.026930111
637798926	-0.029650082
637798927	-0.086571856
637798928	-0.03717647
637798929	-0.277950556
637798930	0.114441452
637798931	-0.209717033
637798932	-0.367632647
637798933	-0.321080272
637798934	0.134991883
637798935	-0.301417868
637798936	-0.031866575
637798937	-0.022913861
637798938	-0.088834284
637798939	-0.082380748
637798940	0.060843411
637798941	0.060319312
637798942	0.025266147
637798943	-0.23471892
637798944	-0.409802706
637798945	-0.206542098
637798946	-0.201584906
637798947	0.193806086
637798948	0.163391729
637798949	0.177765066
637798950	-0.089986931
637798951	0.036591676
637798952	-0.116255047
637798953	-0.02063657
637798954	0.308009226
637798955	-0.026267698
637798956	0.143540675
637798957	-0.232000372
637798958	-0.022944015
637798959	-0.011469168
637798960	-0.166439937
637798961	-0.106319975
637798962	-0.902517211
637798963	-0.120703541
637798964	0.140650407
637798965	0.326837396
637798966	-0.261668833
637798967	0.007501298
637798968	-0.19515563
637798969	0.193596206
637798970	0.217170617
637798971	0.110597542
637798972	0.013669869
637798973	0.143707861
637798974	-0.146518193
637798975	-0.008716427
637798976	-0.162515177
637798977	0.255400929
637798978	-0.265389555
637798979	0.219947468
637798980	-0.118263597
637798981	-0.162659859
637798982	0.08188244
637798983	-0.19734798
637798984	0.067117706
637798985	0.147902227
637798986	-0.461694152
637798987	-0.113258991
637798988	0.058218706
637798989	-0.095337261
637798990	-0.091720838
637798991	-0.143000267
637798992	0.050475683
637798993	-0.232399786
637798994	0.177635829
637798998	-0.048569088
637798999	-0.093027395
637799000	-0.109726741
637799001	-0.096771836
637799002	-0.081502722
637799003	0.374555513
637799004	0.448262822
637799005	0.256352433
637799006	0.179107318
637799007	-0.001001093
637799008	-0.281818576
637799009	-0.550546754
637799010	-0.515630686
637799011	-0.092662755
637799012	-0.311634277
637799013	-0.391333707
637799014	-0.151572503
637799015	-0.375701062
637799016	0.148718555
637799017	0.092802733
637799018	0.129855708
637799019	-0.232512343
637799020	0.167022922
637799021	-0.030028351
637799022	-0.015139863
637799023	-0.247605706
637799024	0.045922908
637799025	0.000816139
637799026	0.051140767
637799027	-0.030844499
637799028	-0.084872699
637799029	-0.145476885
637799030	-0.273841218
637799031	0.062903033
637799032	0.174624262
637799033	0.176309076
637799035	-0.189370277
637799036	-0.065511372
637799037	-0.251066272
637799038	-0.067429881
637799039	-0.072312699
637799040	0.009042246
637799041	0.19469995
637799042	0.060516502
637799043	-0.407997807
637799044	-0.339377431
637799045	-0.423879393
637799046	-0.353831118
637799047	-0.208154469
637799048	-0.403989598
637799049	-0.222545719
637799050	-0.378270543
637799051	0.027478421
637799052	0.126726851
637799053	0.065897711
637799054	-0.070224393
637799055	-0.280598163
637799056	-0.139761626
637799057	-0.324046009
637799058	-0.264438738
637799059	-0.061077949
637799060	-0.121181701
637799061	0.002072089
637799062	-0.044920811
637799063	0.088644037
637799064	0.593352815
637799065	-0.630539757
637799066	-0.208520537
637799067	0.863057616
637799068	0.229874193
637799069	-0.917156021
637799070	-0.719885184
637799071	-0.404224205
637799072	-0.077259205
637799073	0.036707384
637799074	0.281509458
637799075	0.103054566
637799076	0.133153594
637799077	0.030627134
637799078	-0.108684542
637799079	-0.359551575
637799080	-0.200342883
637799081	0.13048536
637799082	0.011358585
637799083	-0.026354664
637799084	-0.001554414
637799085	-0.198345683
637799086	-0.224183201
637799087	-0.049398058
637799088	0.072428014
637799089	-0.70098172
637799090	-0.334591001
637799091	-0.439092783
637799092	0.273422775
637799093	-0.080554078
637799094	0.003814887
637799095	-0.175644009
637799096	-0.320425978
637799097	-0.208726381
637799098	0.611595753
637799099	0.364179551
637799100	0.116392621
637799101	-0.060014097
637799102	-0.430141475
637799103	0.163681467
637799104	0.203181173
637799105	-0.029876869
637799106	-0.102811136
637799107	0.065776549
637799108	-0.472599798
637799109	-0.021812204
637799110	0.277929847
637799111	-0.517348031
637799112	-0.389189062
637799113	-0.370581888
637799114	-0.034319083
637799115	-0.202946112
637799116	0.028989909
637799117	-0.007884475
637799118	0.328183119
637799119	-0.050388101
637799121	-0.128573922
637799122	-0.470785884
637799123	-0.017677698
637799124	-0.215521148
637799125	-0.351693793
637799126	-0.122604709
637799127	-0.211121567
637799128	0.354117135
637799129	-0.040714163
637799130	-0.024173274
637799131	-0.255619831
637799132	-0.044651528
637799133	0.050019607
637799134	0.111923385
637799135	0.074924667
637799136	0.040547698
637799137	-0.057520325
637799138	0.054402513
637799139	-0.059488862
637799140	-0.005468479
637799141	0.054114773
637799142	0.010720485
637799143	-0.061539807
637799144	0.078693737
637799146	-0.175126652
637799147	0.039116055
637799148	0.257162514
637799149	0.302038671
637799150	0.501994459
637799151	0.194526771
637799152	0.164212674
637799153	0.037261249
637799154	0.050818595
637799155	-0.031433546
637799157	0.175362226
637799158	-0.025510981
637799159	0.024343579
637799160	0.040052703
637799161	0.005641376
637799162	0.024190994
637799163	0.220970143
637799164	0.074070686
637799165	-0.009327584
637799166	0.15998957
637799167	0.063652145
637799168	0.064428304
637799169	0.079693936
637799170	0.374246085
637799171	0.38342476
637799172	0.344154714
637799173	0.540783048
637799174	0.375603676
637799175	0.340974524
637799176	-0.122717689
637799177	-0.137211718
637799178	0.113127715
637799179	0.594456562
637799180	0.167038315
637799181	-0.14684647
637799182	0.040661621
637799184	-0.041441691
637799185	0.287417134
637799186	0.11915638
637799187	0.015499175
637799188	-0.194892483
637799189	-0.113310942
637799190	-0.305719316
637799191	-0.272856705
637799192	-0.334157631
637799193	0.043676151
637799194	0.22367808
637799195	-0.2970181
637799196	-0.052526277
637799197	0.442841956
637799198	0.137133183
637799199	-0.152694785
637799200	0.263630508
637799201	0.001473748
637799202	-0.059582666
637799203	-0.163792889
637799204	-0.062644345
637799205	0.190748239
637799206	-0.169853247
637799207	-0.045689215
637799208	-0.112527106
637799209	-0.305113689
637799210	-0.525262471
637799211	0.112737163
637799212	-0.244171734
637799213	0.031537307
637799214	-0.001508218
637799215	-0.075854705
637799216	-0.209310871
637799217	-0.367857647
637799218	-0.003878955
637799220	-0.062769124
637799221	0.074085848
637799222	-0.022863186
637799223	0.120079785
637799224	-0.465960075
637799225	-0.057863495
637799226	0.094447482
637799227	0.021700732
637799228	-0.018043518
637799229	-0.030144545
637799230	0.014541543
637799231	-0.274046861
637799232	-0.347072149
637799233	-0.12913282
637799234	-0.300361673
637799235	-0.24458857
637799236	-0.088676979
637799237	0.082384702
637799238	-0.086720784
637799239	-0.011395551
637799240	-0.091951318
637799241	-0.024240337
637799242	0.061571412
637799243	0.307890443
637799244	-0.136597383
637799245	-0.241213088
637799246	-0.286403286
637799247	-0.082716278
637799248	0.062046165
637799249	-0.252115605
637799250	-1.019811163
637799251	-0.098439795
637799252	0.025210838
637799253	0.02394956
637799254	0.012021185
637799255	-0.050639582
637799256	-0.092038729
637799257	0.02926247
637799258	0.258395496
637799259	-0.690638803
637799260	-0.480870549
637799261	-0.042410441
637799262	0.334210036
637799263	0.461531484
637799264	-0.102808547
637799265	0.011422644
637799266	-0.642881272
637799267	0.124573502
637799268	-0.214748408
637799270	-0.068806369
637799271	-0.012908389
637799272	0.006461594
637799273	0.014722511
637799274	-0.107526176
637799275	-0.175643044
637799276	0.02489048
637799277	-0.420203348
637799278	-0.388936525
637799279	-0.142645167
637799280	-0.305199028
637799281	-0.035243227
637799282	0.046379816
637799283	-0.125927574
637799284	-0.116298806
637799285	-0.300221676
637799286	0.382391889
637799287	0.018876709
637799288	0.021576197
637799289	0.456469448
637799290	0.108729803
637799291	-0.069375102
637799292	-0.196393466
637799293	-0.227004088
637799294	0.777168692
637799295	-0.356018719
637799296	0.019005749
637799297	-0.028497594
637799298	-0.143294736
637799299	0.298938313
637799300	0.221902747
637799301	0.560041207
637799302	-0.183180852
637799303	-0.699130074
637799304	-0.009723952
637799305	0.110470293
637799307	0.148857279
637799308	-0.414904034
637799309	-0.218492746
637799310	0.2698595
637799311	-0.053847203
637799312	-0.143529554
637799313	-0.056969558
637799314	-0.086336643
637799315	-0.111105561
637799316	-0.038390484
637799317	-0.220693677
637799318	-0.197354422
637799319	0.052066081
637799320	-0.125542381
637799321	-0.495217374
637799322	0.534676714
637799323	-0.133936485
637799324	-0.21915136
637799325	0.047039356
637799326	-0.245093905
637799327	-0.359839888
637799328	0.117038976
637799329	-0.156319608
637799330	0.083523256
637799331	0.003935764
637799332	-0.333050373
637799333	-0.794306446
637799334	-0.2274964
637799335	0.288860716
637799336	-0.37921159
637799337	-0.71867844
637799338	-0.002782989
637799339	0.158896382
637799340	-0.043808611
637799341	-0.254793926
637799343	-0.014970068
637799344	0.19099523
637799345	-0.244842393
637799346	0.037706166
637799347	0.22611106
637799348	-0.073836274
637799349	0.284955707
637799350	0.008601378
637799351	-0.09752164
637799352	0.082569626
637799353	0.389629212
637799354	0.045202434
637799355	0.261916317
637799356	0.161834224
637799357	0.062748631
637799358	-0.084487365
637799359	0.008865138
637799360	-0.059775596
637799361	0.165659328
637799362	-0.054036107
637799363	0.120603095
637799364	0.076421928
637799366	0.069253639
637799367	0.074748314
637799368	0.243559409
637799369	0.007121517
637799370	0.223523783
637799371	0.150678566
637799372	0.171160195
637799373	-0.086828011
637799374	-0.135360919
637799375	-0.307057555
637799376	-0.149140712
637799377	0.024235999
637799378	-0.110908381
637799379	-0.011944442
637799380	0.02115684
637799381	0.229126615
637799382	0.269239651
637799383	-0.248914481
637799384	0.161190705
637799385	-0.205009118
637799386	-0.080270055
637799387	0.361578377
637799388	0.025475859
637799389	0.038395764
637799390	0.015834127
637799391	0.057589103
637799392	0.107888794
637799393	-0.426981568
637799394	-0.119691699
637799395	-0.093191212
637799396	-0.337264909
637799397	-0.656720325
637799398	-0.027903183
637799399	0.054202218
637799400	0.091858895
637799401	-0.20327374
637799402	0.258670422
637799403	-0.305644227
637799404	0.035989935
637799405	0.051602506
637799406	-0.327382615
637799407	-0.426988125
637799408	-0.228789062
637799409	0.01116989
637799410	0.076019411
637799411	-0.041509608
637799412	-0.033680061
637799413	-0.065958479
637799414	0.144523928
637799415	0.058185252
637799416	-0.931814914
637799417	-0.151848493
637799418	-0.068600511
637799419	0.085312994
637799420	-0.261018871
637799422	-1.339000978
637799423	-0.056271946
637799424	0.098710992
637799425	-0.132813437
637799426	-0.06187926
637799427	-0.023427554
637799428	-0.008716395
637799429	-0.12514609
637799430	-0.063489492
637799431	0.137445876
637799432	0.111710297
637799433	0.040538194
637799434	-0.020535871
637799435	0.002734306
637799436	0.011364557
637799437	0.030815897
637799438	-0.174980365
637799439	0.145851961
637799440	0.049437811
637799441	-0.082530697
637799442	0.003826243
637799443	0.080443499
637799444	0.028501267
637799445	0.104242509
637799448	0.256487302
637799449	-0.412980616
637799450	-0.082257916
637799451	-0.479549294
637799452	-0.279792036
637799453	0.076604947
637799454	-0.147711164
637799455	-0.177569325
637799456	0.066157652
637799457	-0.045018327
637799458	-0.28196891
637799459	-0.196773377
637799460	-0.127706031
637799461	0.073263765
637799462	-0.453198547
637799463	0.090942161
637799464	0.440295687
637799465	-0.104413669
637799466	-0.163250877
637799467	-0.002419222
637799468	0.117339568
637799469	0
637799470	0
637799471	0.101790962
637799472	-0.041041641
637799473	-0.68002514
637799474	-0.016134768
637799475	-0.770287473
637799476	0.128135223
637799477	-0.112156299
637799478	-0.279914924
637799479	-0.127969533
637799480	-0.028229626
637799481	-0.203627979
637799482	0.056659235
637799483	0.026278706
637799484	-0.034880032
637799485	0.095459182
637799486	0.016989216
637799489	-0.300264926
637799490	-0.22370003
637799491	0.032303674
637799492	-0.305042241
637799493	-0.094039359
637799494	0.046140981
637799495	0.183160496
637799497	-0.155539095
637799498	-0.082277109
637799499	0.050712633
637799500	-0.023637247
637799501	0.029117375
637799502	0.150029037
637799503	-0.036081779
637799504	-0.317865624
637799505	-0.016082969
637799506	-0.037753233
637799508	-0.146428633
637799509	-0.023527474
637799510	-0.027093269
637799511	0.211471457
637799512	-0.518257951
637799513	-0.310368207
637799514	-1.164408287
637799515	-0.081120631
637799516	-0.514794099
637799517	-0.036404223
637799518	-0.066622741
637799519	0.046812361
637799520	-0.204118154
637799521	-0.026173436
637799522	-0.19858297
637799523	0.289888957
637799524	0.083437807
637799525	0.091533426
637799526	-0.061327948
637799527	-0.044759537
637799528	0.434346839
637799529	-0.323938309
637799530	-0.090878589
637799531	-0.12028114
637799532	-0.239628888
637799533	0.028121606
637799534	-0.239126676
637799535	0.490229396
637799536	0.031683207
637799537	0.094968201
637799538	0.229933941
637799539	0.225270528
637799540	0.225568844
637799541	0.309300222
637799542	-0.37664817
637799543	0.279527741
637799544	0.2015592
637799545	0.124960101
637799546	-0.551573194
637799547	0.086605139
637799548	-0.715409567
637799549	-0.821753363
637799550	-0.207323121
637799551	-0.292086914
637799552	-0.131934015
637799553	-0.029825268
637799554	-0.050538991
637799555	-0.099769844
637799556	0.080925013
637799557	-0.271341497
637799558	0.0001662
637799559	0.162584816
637799560	0.390603719
637799561	0.867971062
637799562	-0.090979746
637799563	-0.260525388
637799564	0.034104405
637799565	-0.030765642
637799566	-0.024929166
637799567	0.529786099
637799568	-0.334898633
637799569	-0.062964649
637799570	0.046893808
637799571	-0.35019574
637799572	-0.248147656
637799573	-0.025232201
637799574	-0.266007698
637799575	0.350942382
637799576	-0.182414146
637799577	-0.028473045
637799578	-0.121567665
637799579	-0.055132155
637799580	0.02638855
637799581	-0.000405391
637799582	-0.172712129
637799583	0.064639817
637799584	0.254510468
637799585	-0.077403587
637799586	0.205931984
637799587	-0.11371087
637799588	0.04924586
637799589	0.253860284
637799590	-0.048187509
637799591	0.115337817
637799592	-0.022276815
637799594	0.011631335
637799595	-0.091807586
637799596	-0.033342735
637799597	0.164958067
637799598	-0.00781565
637799599	-0.024363413
637799600	0.311042107
637799601	-0.552387006
637799602	-0.528150741
637799603	-0.221493241
637799604	-0.041058236
637799605	-0.206888697
637799606	-0.536200086
637799607	-0.058973937
637799608	-0.318486117
637799609	-0.286419798
637799610	0.015785681
637799611	-0.028217174
637799612	-0.440388833
637799613	0.13426831
637799614	-0.020611447
637799615	-0.082652911
637799616	0.054490146
637799617	-0.161606024
637799618	-0.041520628
637799619	-0.113647759
637799620	0.091905132
637799621	-0.009960765
637799622	0.256180271
637799623	0.027804057
637799624	-0.008283988
637799625	-0.06117511
637799626	-0.186440046
637799627	0.129306755
637799628	0.152691294
637799629	-0.019628556
637799630	-0.229613856
637799631	0.009802129
637799632	-0.005548081
637799634	-0.120532476
637799635	-0.109657188
637799636	-0.444003885
637799637	-0.073604457
637799638	0.159856881
637799639	0.24193131
637799640	0.163327587
637799641	-0.046684414
637799643	0.084555339
637799644	-0.024977638
637799645	-0.015975132
637799646	-0.074605189
637799647	0.217829031
637799648	-0.55264162
637799649	-0.904009885
637799650	-0.58763423
637799651	0.117284959
637799652	-0.165801142
637799653	0.115161486
637799654	-0.238619341
637799655	-0.061822598
637799656	0.133839347
637799657	0.150684484
637799658	-0.01272613
637799659	0.064262637
637799660	-0.819783843
637799661	-0.529161232
637799662	0.018028556
637799663	-0.10285531
637799664	0.094926754
637799665	-0.536519132
637799666	-0.376135919
637799667	-0.305346783
637799668	-0.160259731
637799669	-0.225380582
637799670	0.043585803
637799671	-0.225678408
637799672	0.070009195
637799673	0.089709079
637799674	-0.118329042
637799675	-0.242843512
637799676	-0.0867623
637799677	-0.061318258
637799678	0.000113324
637799679	0.24048834
637799680	-0.069512224
637799681	0.075117365
637799682	-0.231183144
637799683	-0.230057943
637799684	0.149057927
637799685	0.08174834
637799687	0.036310376
637799688	-0.031201211
637799689	-0.315424952
637799690	0.089856316
637799691	-0.168389381
637799692	0.12682682
637799693	0.005397221
637799694	0.042497771
637799695	0.059155338
637799696	0.039882792
637799697	0.118767455
637799698	-0.006483892
637799699	0.08735658
637799700	-0.519427973
637799701	-0.055843382
637799702	0.184374393
637799703	0.151745519
637799704	-0.226076357
637799705	0.320679379
637799706	0.115588404
637799707	-0.119574087
637799708	-0.715283047
637799709	-0.019734118
637799710	-0.067965805
637799711	-0.030381653
637799712	-0.056491376
637799713	-0.007929885
637799714	-0.075620562
637799715	0.035516595
637799716	-0.022084236
637799717	0.200129155
637799718	-0.142372394
637799719	-0.004352443
637799720	-0.748781825
637799721	-0.11957279
637799722	-0.355984624
637799723	-0.036755304
637799724	0.118580799
637799725	0.093437103
637799726	-0.011069082
637799727	0.037772891
637799728	0.290758295
637799729	0.120929552
637799730	0.019394326
637799731	0.058606752
637799732	-0.398866961
637799733	-0.086202221
637799734	-0.234580581
637799735	-0.132178027
637799737	0.125509938
637799738	0.44484192
637799739	-0.016693149
637799740	-0.114472909
637799741	0.135706412
637799742	0.08322958
637799743	-0.188481446
637799744	0.022835656
637799745	-0.19006859
637799746	0.006323235
637799747	0.177642941
637799748	-0.113751366
637799749	0.104858448
637799750	-0.04998592
637799751	-0.066357353
637799752	-0.030003666
637799753	-0.920147528
637799754	-0.024510295
637799755	-0.187746623
637799756	-0.077467128
637799757	-0.072173157
637799758	-0.182479329
637799759	-0.045402575
637799760	-0.240876114
637799761	-0.151003195
637799762	-0.383666272
637799763	-0.068348342
637799764	-0.107803491
637799765	-0.111302721
637799766	-0.03424827
637799767	0.034672953
637799768	0.174435081
637799769	-0.277591498
637799770	0.097213402
637799771	-0.710756309
637799772	0.40257712
637799773	-0.054379704
637799774	0.088505324
637799775	-0.252106483
637799776	-0.25656171
637799777	-0.294122682
637799778	0.05437724
637799779	-0.219999648
637799780	0.099287497
637799781	-0.114810845
637799782	-0.274875805
637799783	-0.100119027
637799784	0.085904234
637799785	0.045808301
637799786	-0.00208097
637799787	0.158923307
637799788	0.070847349
637799789	-0.109501682
637799790	-0.051297173
637799791	-0.066606959
637799793	0.443725436
637799794	-0.204135671
637799795	0.029681869
637799796	-0.01116337
637799797	0.255155198
637799798	-0.185064927
637799799	0.123093083
637799800	0.224515271
637799801	-0.092816623
637799802	0.103753948
637799803	0.395167321
637799804	-0.13051545
637799805	-0.453936289
637799806	-0.078327854
637799807	0.167974983
637799808	0.174443741
637799809	-0.049174041
637799810	0.090620279
637799811	-0.343897303
637799812	-0.271205386
637799813	0.060124444
637799814	0.280918739
637799815	-0.603690266
637799816	-0.200102373
637799817	-0.189971531
637799818	-0.077377921
637799819	-0.115202897
637799820	-0.078275767
637799821	0.309128668
637799822	-0.362118571
637799823	0.000503572
637799824	-0.045044007
637799825	-0.116381299
637799826	0.010889376
637799827	-0.028821576
637799828	-0.323437773
637799829	0.392691283
637799830	0.087843523
637799831	-0.006218036
637799832	-0.164993987
637799833	0.024154674
637799834	0.026626602
637799835	0.08789732
637799836	-0.084253501
637799837	0.207239818
637799838	-0.370597485
637799839	0.396644985
637799840	0.225170317
637799841	-0.244389126
637799842	-0.174144332
637799843	-0.254999298
637799844	-0.326955975
637799845	0.228737511
637799846	-0.271627028
637799847	-0.359343736
637799848	-0.324836372
637799849	0.000629467
637799850	-0.188197278
637799851	-0.002672324
637799852	0.037830624
637799853	-0.634966944
637799854	-0.540608481
637799855	-0.254790716
637799856	-0.203409631
637799857	-0.210986601
637799858	-0.360326867
637799859	-0.909234569
637799860	-0.112925983
637799861	-0.183402008
637799862	-0.315258861
637799863	-0.868658434
637799864	-0.297302297
637799865	-0.028949217
637799866	-0.535876613
637799867	-0.03308493
637799868	0.139981384
637799869	-0.343153337
637799870	0.054152384
637799871	0.024056845
637799872	0.123222715
637799873	0.189356014
637799874	-0.097546289
637799875	-0.548363663
637799876	0.113304905
637799877	0.24658079
637799878	-0.154934318
637799879	0.005877483
637799880	-0.057973818
637799881	-0.022298031
637799882	-0.050583355
637799883	-0.52353914
637799884	-0.050634785
637799885	0.180994753
637799886	0.238229742
637799887	-0.116203316
637799888	0.05774709
637799889	-0.096044949
637799890	-0.135025164
637799891	0.287075211
637799892	-0.11540826
637799893	-0.310712611
637799894	-0.390057252
637799895	0.02736383
637799896	-0.365402231
637799897	-0.031494009
637799898	-0.055368615
637799899	-0.068615113
637799900	0.061557911
637799901	0.060544925
637799902	0.154007839
637799903	0.165187228
637799904	0.146063709
637799905	0.376925273
637799906	0.03993143
637799907	0.331833655
637799908	0.386172501
637799909	0.046569257
637799910	-0.114477499
637799911	-0.611166084
637799912	-0.227056961
637799913	-0.241169405
637799914	-0.227675936
637799915	-0.088814622
637799916	-0.059843198
637799917	-0.067987687
637799918	-0.371140372
637799919	-0.2222642
637799921	-0.025853224
637799922	0.090402761
637799923	0.108048287
637799924	-0.01690527
637799925	0.216794011
637799926	0.098549772
637799927	-0.092298272
637799928	-0.032073685
637799929	-0.178879696
637799930	-0.282517548
637799931	-0.071113653
637799932	-0.890898587
637799933	-0.261667311
637799934	-0.150622426
637799935	0.037008443
637799936	0.032960166
637799937	0.098975023
637799938	0.052418725
637799939	-0.016407244
637799940	0.056399591
637799941	0.219691755
637799942	-0.157002571
637799943	-0.039658327
637799944	-0.120771414
637799945	-0.052986602
637799946	-0.161795534
637799947	-0.054621948
637799948	-0.092033369
637799949	-0.054599225
637799950	0.143712844
637799951	-0.077323747
637799952	-0.128423918
637799953	-0.508784691
637799954	-0.197466631
637799955	-0.055512645
637799956	-0.165092207
637799957	-0.18750398
637799958	-0.414808968
637799959	-0.002845171
637799960	0.217981789
637799961	0.622128916
637799962	0.078713733
637799963	-0.109338918
637799964	-0.167607497
637799965	-0.122802605
637799966	0.268619152
637799967	0.277379882
637799968	0.082869544
637799969	0.056553088
637799970	0.078352638
637799971	-0.032129698
637799972	-0.039147317
637799973	0.041957002
637799974	-0.0203327
637799975	-0.20058988
637799976	0.139967575
637799977	0.344261504
637799978	-0.018291391
637799979	0.205070566
637799980	0.029770789
637799981	-0.168739689
637799982	0.184502577
637799983	0.02272748
637799984	-0.008828166
637799985	-0.274186421
637799986	0.435805594
637799987	-0.796809183
637799988	-0.309182473
637799989	-0.25917256
637799990	0.753483762
637799991	0.107856327
637799992	-0.256681983
637799993	-0.143061479
637799994	0.226083551
637799995	0.047906197
637799996	0.165374859
637799997	-0.20686589
637799998	-0.142317983
637799999	-0.1868848
637800000	-0.097341405
637800001	-0.266158379
637800002	-0.604131232
637800003	-0.138137203
637800004	0.216630587
637800005	0.040868463
637800006	0.133033409
637800007	0.04189204
637800008	-0.103770064
637800009	-0.02650925
637800010	-0.016798544
637800011	-0.015703403
637800012	-0.046239647
637800013	0.079411907
637800014	0.160971218
637800015	0.389818117
637800016	0.52806762
637800017	-0.179714124
637800018	-0.089412383
637800019	-0.037845956
637800020	0.113672276
637800021	0.208377444
637800022	-0.156778929
637800023	-0.243826881
637800024	-0.083968368
637800025	0.044599659
637800026	-0.269390767
637800027	-0.440954585
637800028	-0.120870726
637800029	-0.227483652
637800030	-0.449724351
637800031	-0.276487293
637800032	0.014319909
637800033	0.101886301
637800034	-0.052448007
637800035	-0.210944688
637800037	-0.050433689
637800038	-0.012745568
637800039	-0.141387187
637800040	-0.220537071
637800041	-0.408741982
637800042	0.125501875
637800043	-0.261926905
637800044	-0.393944828
637800045	-0.327656096
637800046	-0.272943235
637800047	-0.306833991
637800048	-0.874104783
637800049	-0.038205126
637800052	-0.217218717
637800053	-0.433675726
637800054	-0.165404057
637800055	-0.42630764
637800056	-0.214297277
637800057	0.372051862
637800058	-0.072316913
637800059	0.625560449
637800060	0.014204225
637800061	-0.119820297
637800062	-0.225022111
637800063	-0.011863904
637800064	0.013523673
637800065	-0.227433519
637800066	0.047664812
637800067	-0.13213952
637800068	-0.104729262
637800070	0.006088852
637800071	0.336976908
637800072	0.632966352
637800073	-0.048728766
637800074	0.875299342
637800075	-0.608718264
637800076	-0.100769415
637800077	0.024221126
637800078	0.261231496
637800079	0.153686606
637800080	-0.139303865
637800081	-0.091913607
637800082	-0.017926724
637800083	-0.30181879
637800084	-0.281928786
637800085	0.049218767
637800086	0.030009
637800087	-0.025044979
637800088	-0.202060713
637800089	-0.201810719
637800090	-0.013095133
637800091	0.14308988
637800092	0.366268531
637800093	0.104292067
637800094	-0.354577326
637800095	0.299107882
637800096	-0.262759302
637800097	0.161888654
637800098	-1.899537588
637800099	-0.202682235
637800101	-0.245273669
637800102	-0.523051149
637800103	0.04692491
637800104	0.203620826
637800105	-0.083254371
637800106	0.100545903
637800107	0.205973977
637800108	0.211365695
637800109	0.221902481
637800110	0.314636604
637800111	-0.200990855
637800112	-0.684169048
637800113	-0.086813619
637800114	-0.005417491
637800115	0.067993282
637800116	-0.201536994
637800117	-0.614563783
637800118	-0.139447139
637800119	-0.039685656
637800120	0.095528469
637800121	0.198687617
637800122	0.114696028
637800123	-0.079601534
637800124	0.022292136
637800125	0.20335952
637800126	0.206675423
637800127	-0.078352435
637800128	0.178146609
637800129	0.281410589
637800130	0.179731751
637800131	0.019500074
637800132	-0.029823322
637800133	0.142383502
637800134	-0.05187236
637800135	0.029241884
637800136	-0.167745036
637800137	-0.187090372
637800138	-0.140441413
637800139	-0.207576723
637800140	-0.128634979
637800141	-0.252716554
637800142	0.058708028
637800143	-1.269362276
637800144	0.198743824
637800145	0.124790385
637800146	-0.094231194
637800147	-0.040360518
637800148	-0.74785438
637800149	-0.211253222
637800150	-0.246261469
637800151	0.283934569
637800152	-0.007444165
637800153	-0.089222075
637800154	0.047537683
637800156	0.139883114
637800157	0.070969762
637800158	-0.135091017
637800159	0.03821136
637800160	-0.072653202
637800161	0.055857832
637800162	-0.048924859
637800163	0.179919403
637800164	0.115885783
637800165	-0.036629353
637800166	0.235329833
637800167	0.37058722
637800168	0.116586672
637800169	0.292638285
637800170	-0.055321838
637800171	-0.084179428
637800172	-0.094595163
637800173	-0.502251603
637800174	-0.303949649
637800175	-0.054399137
637800176	-0.089115758
637800177	-0.090642248
637800178	-0.140878987
637800179	0.401044811
637800180	0.083656131
637800181	-0.130311338
637800182	-0.252105457
637800183	-0.077145306
637800184	0.219326087
637800185	-0.431947149
637800186	-0.066186731
637800187	-0.119787561
637800188	-0.111388931
637800189	-0.302761528
637800190	-0.367553249
637800191	-0.160873646
637800192	-0.172073334
637800194	-0.255855855
637800195	0.307601158
637800197	-0.035752863
637800198	-0.602564535
637800199	-0.22412822
637800200	-0.551272683
637800201	0.225963319
637800202	0.042511479
637800203	0.655089145
637800204	-0.013797505
637800205	0.027732271
637800206	0.180226474
637800207	0.241907542
637800208	0.178633806
637800209	-0.190546932
637800210	-0.108147114
637800211	-0.199966431
637800212	-0.083756455
637800213	-0.266725513
637800214	-0.521565016
637800215	-0.621617315
637800216	0.022013007
637800217	-0.177790522
637800218	-0.206679276
637800219	-0.22720157
637800220	0.071020368
637800221	-0.434351354
637800222	-0.213116053
637800223	-0.708554688
637800224	-0.101629073
637800225	-0.333361457
637800226	-0.017877645
637800227	-0.177256753
637800228	-0.369320885
637800229	0.140413788
637800230	0.018815538
637800231	-0.048615774
637800232	-0.080844149
637800233	-0.12091439
637800234	-0.366467147
637800235	-0.103772998
637800236	-0.058543523
637800237	0.079982236
637800238	0.424576976
637800239	0.459898128
637800240	-0.043811024
637800241	-0.494073822
637800242	0.069998266
637800243	-0.071615536
637800244	-0.356439502
637800245	0.129233689
637800246	-0.205200287
637800247	-0.180072094
637800248	-0.014892147
637800249	0.211010192
637800250	0.232914278
637800251	-0.009130494
637800252	0.074057158
637800253	0.19796553
637800254	-0.004546315
637800255	0.426961617
637800256	0.103496401
637800257	0.245249691
637800258	0.443635678
637800259	0.397180215
637800260	0.117043823
637800261	-0.592023059
637800262	-0.807702264
637800263	-0.694766185
637800264	-0.296354108
637800265	-0.452319467
637800266	-0.064889817
637800267	0.090848406
637800268	0.099538029
637800269	0.237263563
637800270	0.198764201
637800271	-0.34430654
637800272	-0.147572042
637800273	-0.536583045
637800274	-0.114211707
637800275	-0.023594468
637800276	0.098678214
637800277	-0.320245908
637800278	-0.463271781
637800279	-0.299641201
637800280	-0.156439238
637800281	-0.190382114
637800282	0.326853196
637800283	0.053563779
637800284	0.104834148
637800285	-0.298174073
637800286	-0.867976245
637800287	-0.289967469
637800288	-0.044963761
637800289	-0.302204145
637800290	-0.125170797
637800291	-0.496867783
637800292	-0.089926784
637800293	-0.208600984
637800294	-0.186989419
637800295	-0.058340526
637800296	-0.134869308
637800297	-0.026282602
637800298	-0.047551256
637800299	-0.645368213
637800300	0.031153699
637800301	0.008689599
637800302	0.203793903
637800303	-0.336816686
637800304	0.210138313
637800305	0.182688965
637800306	-0.168885868
637800307	-0.409589574
637800308	-0.162685942
637800309	-0.018253113
637800310	0.273232782
637800311	0.100001805
637800312	0.229434088
637800313	0.036610927
637800314	0.225935797
637800315	-0.098398168
637800316	-0.109300845
637800317	-0.236129683
637800318	0.065438526
637800319	0.01442536
637800320	-0.081640299
637800321	-0.222888384
637800322	0.163049909
637800323	-0.609925358
637800324	-0.100768138
637800325	-0.009094929
637800326	-0.199813068
637800327	0.10584431
637800328	-0.013212893
637800329	0.187685624
637800330	0.241880851
637800331	-0.324924408
637800332	-0.329063081
637800333	-0.276094335
637800334	0.072852565
637800335	0.043526909
637800336	0.220616833
637800337	-0.08233959
637800338	0.099824405
637800339	-0.059774235
637800340	0.016433394
637800341	-0.183738566
637800342	0.120940754
637800343	0.217751228
637800344	0.047669193
637800345	-0.033362496
637800346	-0.02093703
637800347	-0.164351096
637800348	-0.113531477
637800349	-0.233463718
637800350	-0.123027924
637800351	0.162057397
637800352	-0.139145632
637800353	0.105318283
637800354	-0.28510648
637800355	0.120323452
637800356	0.039846566
637800357	-0.418979581
637800358	0.149716638
637800359	-0.040953831
637800360	0.058849541
637800361	0.153088661
637800362	-0.215268428
637800363	0.031235415
637800364	-0.398973563
637800365	-0.22887519
637800366	0.232198895
637800367	-0.088875179
637800368	0.565216328
637800369	-0.103935083
637800370	-0.109224471
637800371	0.281094167
637800372	0.149435039
637800373	-0.137990835
637800374	-0.317361247
637800375	0.114063482
637800376	-0.036037005
637800377	0.230589078
637800378	0.091405144
637800379	-0.345388024
637800380	-0.011878415
637800381	0.003614149
637800382	-0.179112043
637800383	0.196694378
637800384	-0.199746176
637800385	0.184025594
637800386	-0.100745941
637800387	0.048864308
637800389	0.169329202
637800390	-0.149135973
637800391	-0.299529278
637800392	-0.665178798
637800393	-0.259711568
637800394	0.560567205
637800395	-0.115817416
637800396	-0.196426489
637800397	-0.263147022
637800398	-0.308760769
637800399	-0.283504359
637800400	0.244166051
637800401	0.459815904
637800402	0.120706027
637800403	0.07723869
637800404	0.133387781
637800405	-0.573500802
637800406	0.033337813
637800407	-0.016351725
637800408	0.041590596
637800411	-0.031140153
637800412	0.141291085
637800413	0.031871974
637800414	-0.613054324
637800415	-0.19677273
637800416	-0.086101119
637800417	-0.018308088
637800418	0.224420317
637800419	0.171882206
637800420	-0.251508659
637800421	-0.054442578
637800422	-0.23882375
637800423	0.056046445
637800424	0.128206521
637800425	-0.047479678
637800426	0.008088006
637800427	-0.813623475
637800428	-0.427285662
637800429	0.131260265
637800430	0.201459953
637800431	-0.191984273
637800432	-0.085914616
637800433	0.030392237
637800434	0.190971776
637800435	-0.248006275
637800436	-0.327671961
637800437	-0.216169978
637800438	-0.246943608
637800439	-0.094075569
637800440	0.052052866
637800441	-0.983360449
637800442	-0.830226023
637800443	0.128430886
637800444	-0.470044835
637800445	0.092344769
637800446	0.069400132
637800447	-0.066850169
637800448	-0.208162269
637800449	-0.326954147
637800450	-0.144516686
637800451	-0.022237982
637800452	-0.196454542
637800453	-0.230236069
637800454	-0.277416133
637800455	-0.110259279
637800456	-0.130987854
637800457	0.352920492
637800458	-0.03160484
637800459	0.096638718
637800460	-0.435817786
637800461	-0.606100991
637800462	-0.07812644
637800463	-0.019625142
637800464	0.013846288
637800465	-0.276948775
637800466	-0.005765102
637800467	-0.052457198
637800468	-0.087352243
637800469	0.040624501
637800470	0.071841839
637800471	-0.140339963
637800472	0.12480821
637800473	-0.027810095
637800474	-0.107697646
637800475	-0.013938619
637800476	0.122173547
637800477	0.061139538
637800478	0.253685394
637800479	0.269338714
637800480	0.016315065
637800481	0.180589079
637800482	0.195553007
637800483	-0.351113498
637800484	-0.121198346
637800485	-0.06037757
637800486	0.107522225
637800487	0.051147023
637800488	-0.765012832
637800489	-0.099074143
637800490	-0.10417715
637800491	-0.498988301
637800492	0.033326387
637800493	0.353603315
637800494	0.204532389
637800495	-0.029751503
637800496	0.115423476
637800497	0.020595131
637800498	0.161725071
637800499	-0.169548269
637800500	0.144558911
637800501	-0.042901659
637800502	0.030030261
637800503	0.093108983
637800504	0.232807023
637800505	-0.112700746
637800506	-0.930101475
637800507	-0.153214454
637800508	-0.053683005
637800509	-0.2167527
637800510	0.130195104
637800511	-0.121859352
637800512	-0.033450154
637800513	-0.042619108
637800514	-0.349642911
637800515	-0.115307082
637800516	0.147633133
637800517	-0.327560367
637800518	-0.07763994
637800519	0.027897555
637800520	0.077656278
637800521	0.027229497
637800522	-0.03584297
637800523	-0.007697895
637800524	-0.342971405
637800525	0.070877421
637800526	-0.151131569
637800527	-0.272647384
637800528	-0.131780588
637800529	-0.014831188
637800530	0.142840776
637800531	-0.690663122
637800532	-0.078217243
637800533	-0.200844748
637800534	-0.673585789
637800535	-0.397191792
637800536	-0.001089093
637800537	0.134917745
637800538	0.233861332
637800539	0.085438979
637800540	-0.202169014
637800541	-0.146475674
637800542	0.027609434
637800543	-0.212753339
637800544	0.044354346
637800545	0.154341275
637800546	-0.133538807
637800547	-0.024943743
637800548	0.175478207
637800549	-0.24712574
637800550	-0.183619485
637800551	-0.222402188
637800552	-0.197724232
637800553	0.002268092
637800554	0.149840938
637800555	0.078570358
637800556	-0.060624331
637800557	-0.019092305
637800558	-0.0076275
637800559	0.010182557
637800560	0.050655041
637800561	0.145571492
637800562	-0.113059399
637800563	0.084676245
637800564	-0.128967485
637800565	-0.377889125
637800566	-0.522384824
637800567	-0.361119666
637800568	-0.162064914
637800569	0.061599727
637800570	-0.133061405
637800571	0.204863877
637800572	0.191938578
637800573	-0.100883485
637800574	-0.298940209
637800575	0.146309753
637800576	-0.011317449
637800577	0.281475087
637800578	0.107982583
637800579	-0.013721578
637800580	-0.141484865
637800581	-0.073079869
637800582	0.042709831
637800583	0.148213911
637800584	0.215053929
637800585	0.048858965
637800586	0.043768285
637800587	-0.014008652
637800588	-0.110527857
637800589	0.113034689
637800590	0.05396135
637800591	-0.257693456
637800592	0.021503467
637800593	-0.128123686
637800594	-0.009360366
637800595	0.15771113
637800596	0.391747633
637800597	0.558859446
637800598	0.062925427
637800599	0.159502272
637800600	0.091017163
637800601	-0.343898429
637800602	-0.066528007
637800603	-0.581631887
637800604	-0.042745394
637800605	-0.170482505
637800606	-0.017316944
637800607	0.238144653
637800608	-0.022532449
637800609	-0.033401588
637800610	0.049124553
637800611	0.065481208
637800612	-0.031390335
637800613	-0.30895371
637800614	-0.32553597
637800615	-0.03830511
637800616	0.343209157
637800617	-0.26530759
637800618	-0.109725166
637800619	-0.880447218
637800620	-0.587803439
637800621	-0.026940646
637800622	0.127396704
637800623	-0.078604713
637800624	0.103616467
637800625	-0.565003256
637800626	-0.11023981
637800627	-0.182522519
637800628	0.002547311
637800629	0.006442399
637800630	0.300740152
637800631	-0.135124082
637800632	0.066698759
637800633	-0.090458044
637800634	-0.081344081
637800635	-0.692622743
637800636	-0.048620206
637800637	-0.296680701
637800638	-0.065553629
637800639	0.119805962
637800640	0.007302032
637800641	0.207805448
637800642	-0.072736483
637800643	0.047382042
637800644	0.097396398
637800645	0.517621444
637800646	-0.088695227
637800647	-0.066648149
637800648	-0.042338597
637800650	-0.725813842
637800651	-0.564993579
637800652	-0.49696826
637800653	-0.560228522
637800654	-0.279114017
637800655	-0.34332764
637800657	-0.578187448
637800658	-0.451988148
637800659	-0.332330473
637800660	-0.211726481
637800661	-0.07243556
637800662	-0.723768145
637800663	-0.433846476
637800664	-0.380278824
637800665	-0.441412935
637800666	-0.691054254
637800667	-0.003907094
637800668	-0.20352618
637800669	-0.334729571
637800670	-0.219996016
637800671	-0.682907768
637800672	-0.414980863
637800673	-0.409483685
637800674	-0.410244789
637800675	-0.178862593
637800676	-0.151355987
637800677	-0.279171243
637800678	-0.347369156
637800679	-0.36075429
637800680	0.006339541
637800681	0.340624208
637800682	0.034697732
637800683	-0.227843414
637800684	-0.136191427
637800685	0.013937096
637800686	-0.285404216
637800687	0.119760701
637800688	0.038888984
637800689	0.334973721
637800690	0.051300914
637800691	-0.392033701
637800692	-0.173234978
637800693	0.167210891
637800694	0.01036463
637800695	-0.926637872
637800696	-0.649148389
637800697	-0.140297231
637800698	-0.144808302
637800699	-0.204313073
637800700	-0.437974845
637800701	-0.974309441
637800702	-0.167559916
637800703	0.099145034
637800704	-0.627020807
637800705	0.00078111
637800706	-0.064290472
637800707	-0.082087891
637800708	-0.077193445
637800709	-0.065843184
637800710	0.125266631
637800711	-0.249252801
637800712	-0.143174972
637800713	0.072460363
637800714	-0.699644327
637800715	-0.532309846
637800716	0.169531246
637800717	-0.039148489
637800718	0.084057146
637800719	0.112155506
637800720	0.286642865
637800721	0.016343475
637800722	-0.051062747
637800723	0.328237515
637800724	-0.022926381
637800725	0.269787615
637800726	0.02302565
637800727	0.127896956
637800728	0.200387045
637800729	0.150046878
637800730	0.112938703
637800731	-0.149949486
637800732	-0.291122481
637800733	0.002090716
637800734	0.57668538
637800735	0.176963276
637800736	0.051649884
637800737	-0.278561782
637800738	0.079527489
637800740	0.155549186
637800741	-0.224413623
637800742	0.272566089
637800743	0.368974661
637800744	0.063265376
637800745	0.128542759
637800746	0.054640304
637800747	-0.811340456
637800748	-0.204878916
637800749	-0.675570137
637800750	-0.214134433
637800751	0.005821175
637800752	-0.042530802
637800753	-0.064464271
637800754	0.016077178
637800755	0.202240214
637800756	-0.107660893
637800757	-0.191382848
637800758	-0.078728445
637800759	-0.140855674
637800760	0.092046967
637800761	0.282229369
637800762	0.118005524
637800763	-0.314426585
637800764	-0.639746023
637800765	0.102945325
637800766	-0.141719755
637800767	-0.143170804
637800768	-0.289069089
637800769	-0.470777055
637800770	-0.56769385
637800771	-0.293730312
637800772	-0.140540535
637800773	-0.000410905
637800774	0.321470107
637800775	-0.033728315
637800776	0.123446152
637800777	0.020926218
637800778	0.217882279
637800779	-0.116276387
637800780	-1.000001328
637800781	-0.024985167
637800782	0.190785963
637800783	-0.018121065
637800784	-0.59846956
637800785	-0.584019715
637800786	0.025286539
637800787	-0.207816049
637800788	-0.052313523
637800789	0.133303406
637800790	-0.039443556
637800791	-0.262591818
637800792	-0.350009987
637800793	-1.040043456
637800794	0.018755233
637800795	-0.039231585
637800796	-0.019856102
637800797	-0.154504574
637800798	-0.250467917
637800799	-0.108949205
637800800	-0.209477068
637800801	0.218798564
637800802	-0.60468365
637800803	0.13252739
637800804	0.001790543
637800805	0.198941771
637800806	-0.342256589
637800807	-0.180615575
637800808	-0.061903341
637800809	-0.027956355
637800810	-0.051950721
637800811	-0.025670774
637800812	0.008538517
637800813	-0.101455363
637800814	-0.672181122
637800815	0.395889441
637800816	0.092397501
637800817	0.036390663
637800818	0.103556528
637800819	0.015061734
637800820	0.044731582
637800821	0.081321842
637800822	-0.034932884
637800823	0.346011447
637800824	0.058693484
637800825	0.322136504
637800826	0.009717093
637800827	0.121228185
637800828	-0.538336769
637800829	-0.060584277
637800830	-0.000284253
637800831	0.11056267
637800832	0.17322639
637800833	0.324235258
637800834	-0.109005851
637800835	-0.074280667
637800836	0.201229714
637800837	-0.098087462
637800838	-0.123511279
637800839	-0.094652116
637800840	0.382307142
637800841	-0.146837727
637800842	0.025155715
637800843	-0.100236892
637800844	-0.209682529
637800845	-0.461167987
637800846	-0.023101815
637800847	-0.095312055
637800848	0.062728918
637800849	-0.280826722
637800850	-0.104189326
637800851	-0.192252896
637800852	-0.036832985
637800853	0.074777066
637800854	0.102273625
637800855	-0.015307891
637800856	-0.160875468
637800857	-0.188189257
637800858	0.109355617
637800859	-0.099654028
637800860	0.304478274
637800861	-0.020582476
637800862	-0.125848074
637800863	0.058424655
637800864	-0.131559362
637800865	-0.041455196
637800866	0.057894415
637800867	-0.171871388
637800868	0.179027838
637800869	0.025424989
637800870	0.112320539
637800871	-0.046116506
637800872	0.242764639
637800873	-0.045520683
637800874	-0.797546728
637800875	0.012990679
637800876	0.590301165
637800877	0.484258486
637800878	0.171237396
637800879	0.29871267
637800880	-0.036002442
637800881	-0.204478569
637800882	-0.31345542
637800883	-0.131782211
637800884	-0.124694182
637800885	-0.003373258
637800886	0.433404821
637800887	-0.050005512
637800888	0.072276441
637800889	-0.170274217
637800890	-0.071137965
637800891	0.004086622
637800892	0.29095285
637800893	0.190017308
637800894	-0.461131613
637800895	0.482694978
637800896	-0.184816912
637800897	-0.460793212
637800898	0.18653439
637800899	0.196591255
637800900	0.307175637
637800901	0.383264236
637800902	-0.077160645
637800903	-0.048779847
637800905	-0.091684934
637800906	-0.038986328
637800907	0.504556264
637800908	-0.005387052
637800909	-0.375075632
637800910	-0.32712157
637800911	-0.041547161
637800912	0.040968215
637800913	-0.083085163
637800914	-0.457231101
637800915	-0.027223903
637800916	-0.266657317
637800917	-0.760128583
637800918	0.024296803
637800919	-0.130725691
637800920	-0.126903915
637800921	0.14618468
637800922	-0.096222608
637800923	-0.178206493
637800924	-0.176128642
637800925	0.287140901
637800926	0.215305829
637800927	-0.000146155
637800928	-0.238924186
637800929	-0.436913148
637800930	-0.121483363
637800931	-0.308249251
637800932	-0.472009697
637800933	0.063280904
637800934	0.011886963
637800935	-0.015994259
637800936	0.049646706
637800937	-0.296489267
637800938	0.032173316
637800939	-0.11523685
637800940	-0.309189044
637800941	0.025777025
637800942	-0.001869528
637800943	0.255092685
637800944	-0.068688253
637800945	-0.038992145
637800946	-0.858912132
637800947	0.261713328
637800948	0.354997791
637800949	0.341680903
637800950	-0.099409042
637800951	0.021740953
637800952	-0.26248256
637800953	-0.288249705
637800954	-0.119792539
637800955	-0.11923267
637800956	-0.420634496
637800957	0.048159557
637800958	-0.087910873
637800959	-0.508269496
637800960	0.233301013
637800961	-0.067965433
637800962	-0.086631211
637800963	-0.180669869
637800964	-0.034973574
637800965	-0.260389654
637800966	0.259045646
637800967	0.157381368
637800968	0.213633133
637800969	-0.005916811
637800970	-0.082925488
637800971	0.069541478
637800972	-0.047212414
637800973	-0.313065447
637800974	-0.808952651
637800975	-0.097922529
637800976	-0.03291138
637800978	0.122139293
637800979	-0.313682001
637800980	-0.285193151
637800981	-0.508891693
637800982	0.036790394
637800983	0.309151998
637800984	0.110495853
637800985	0.088430658
637800986	-0.267641309
637800987	-0.120785813
637800988	-0.733357856
637800989	-0.05770461
637800990	0.170367333
637800991	-1.076510448
637800992	-0.209845567
637800993	-0.059543503
637800994	0.001840431
637800995	-0.092421424
637800996	0.117350159
637800997	0.630690698
637800998	0.398884137
637800999	-0.21086165
637801000	-0.06210429
637801001	0.26242832
637801002	0.235494342
637801003	-0.089646023
637801004	-0.013541308
637801005	-0.159811735
637801006	-0.036093611
637801007	-0.082938696
637801008	-0.181960018
637801009	-0.036616354
637801010	-0.013827966
637801011	-0.168734311
637801012	0.014169319
637801013	0.316972406
637801014	-0.17716016
637801015	-0.080440441
637801016	-0.190789358
637801017	-0.198828686
637801018	-0.223623699
637801019	-0.178353274
637801020	-0.269916871
637801021	0.044150617
637801022	0.056411361
637801023	0.075055887
637801024	0.172877083
637801025	0.064563177
637801029	0.10521531
637801030	-0.009240922
637801031	-0.087611182
637801032	-0.097349139
637801033	0.061983697
637801034	-0.131712384
637801035	-0.003595765
637801036	-0.580693737
637801037	0.148903705
637801038	-0.049799273
637801040	0.084841158
637801041	0.015338045
637801042	-0.023297421
637801043	0.103502967
637801044	-1.126698264
637801045	-1.110966283
637801046	-0.147514097
637801047	-0.132131427
637801048	0.092833358
637801049	0.200507468
637801050	-0.203108452
637801051	0.006588575
637801052	0.022141615
637801053	-0.078234842
637801054	0.174475837
637801055	0.297076548
637801056	0.44529712
637801057	0.305720614
637801058	0.273668773
637801059	0.143195908
637801060	-0.134803792
637801061	-0.290112682
637801062	-0.584068706
637801063	-0.064483855
637801064	0.570971607
637801065	0.264102766
637801066	-0.329443265
637801067	-0.14893193
640711016	-0.509679584
640711017	0.125733655
640711018	0.261234026
640711019	-2.256319706
640711020	-0.636010713
640711021	-0.260200901
640711022	-0.819747705
640711023	-0.844233442
640711024	0
640711025	0
640711026	0
640711027	0
640711028	0
640711029	-0.84477391
640711030	-2.849712825
640711031	-1.388016068
640711032	-0.298695061
640711033	-0.8813248
640711034	-0.759300143
640711035	-0.939844593
640711036	-0.43362227
640711037	-0.994063719
640711038	-0.215197269
640711039	-0.756947329
640711040	-1.27499005
640711041	-0.801438968
640711042	-0.169594773
640711043	-0.573070583
640711044	-1.844344945
640711045	-1.134195382
640711046	-1.485104493
640711047	-0.796875552
640711048	-0.954464066
640711049	-0.804483874
640711050	-0.500622566
640711051	-0.763619871
640711052	-0.733540732
640711053	-0.667150934
640711054	-1.414031365
640711055	-1.159151639
640711056	-0.272462093
640711057	-0.577128839
640711058	-1.24330309
640711059	-0.150733312
640711060	-0.481552185
640711061	-1.579853582
640711062	-1.444403205
640711063	-0.981483474
640711064	-0.018711419
640711065	-1.092922918
640711066	-2.272033917
640711067	-0.715637973
640711068	-0.990062412
637798356	-0.001551098
637798357	-0.124760429
637798358	-0.158764658
637798359	-0.072808587
637798360	0.095702757
637798361	0.156512037
637798362	-0.090451685
637798363	-0.002108929
637798364	-0.056148237
637798365	0.222609363
637798366	-0.026163792
637798367	0.013576705
637798368	-0.142216402
637798369	0.142486572
637798370	0.050887569
637798371	-0.103730573
637798372	0.090769165
637798373	0.048196757
637798374	0.030590237
637798375	-0.05556257
637798376	-0.102468992
637798377	0.118201303
637798378	0.084213294
637798379	0.037384505
637798380	0.042398211
637798381	0.129530863
637798382	0.001320569
637798383	0.100035099
637798384	0.094738888
637798385	0.233051332
637798386	0.253490482
637798387	0.001471054
637798388	0.06821383
637798389	0.072249908
637798390	0.091988464
637798391	0.00069164
637798392	0.156321866
637798393	0.307379204
637798394	-0.158015964
637798395	-0.034593993
637798396	0.067548733
637798397	0.07648003
637798398	-0.189260422
637798399	0.037191897
637798400	-0.409699069
637798401	-0.268979466
637798402	-0.321668132
637798403	0.111871729
637798404	-0.070632661
637798405	0.237957264
pANS_predictedORF_1	-0.040756539
pANS_predictedORF_2	0.021245903
pANS_predictedORF_3	-0.230028629
pANS_predictedORF_4	-0.09373405
pANS_predictedORF_5	-0.055985494
pANS_predictedORF_6	-0.052484088
pANS_predictedORF_7	-0.013907617
pANS_predictedORF_8	-0.027790606
