Reporter Identifier	VALUE
637798406	0.172905415
637798407	0.139612892
637798408	0.080587767
637798409	-0.683694208
637798410	0.270324484
637798411	-0.246996258
637798412	0.01751917
637798413	-0.270641343
637798414	-0.196352497
637798415	-0.031753381
637798416	-0.973127971
637798417	-0.37120079
637798418	-0.317192943
637798419	-0.101559936
637798420	0.071173225
637798421	-0.188041507
637798422	0.010856847
637798423	-0.224319225
637798424	0.394230791
637798425	0.137431908
637798426	-0.274484831
637798427	-0.250221121
637798428	-0.519133313
637798429	0.021298237
637798430	0.180858428
637798431	0.029898492
637798432	0.044602175
637798433	0.424359248
637798434	-0.019988317
637798435	-0.001699993
637798436	-0.115271274
637798437	0.599438282
637798438	0.21468341
637798439	-0.011045985
637798440	0.294486199
637798441	-0.042622764
637798442	-0.31990342
637798443	-0.351197177
637798444	1.238428183
637798445	0.189270115
637798446	-0.237813676
637798448	-0.969431988
637798449	0.051137174
637798450	-0.021234785
637798451	0.109448931
637798452	-0.310231059
637798453	-0.105258596
637798454	-0.159377045
637798455	-0.509175959
637798456	-0.17946727
637798457	-0.001613128
637798458	0.088796171
637798459	-0.057871796
637798460	0.004990667
637798461	0.078270421
637798462	0.034939258
637798463	-0.047823945
637798464	0.117297522
637798465	0.021285012
637798466	0.086658568
637798467	0.1123268
637798468	-0.061843275
637798469	0.156489142
637798470	-0.093880151
637798471	-0.058594214
637798472	-0.043809267
637798473	0.015279581
637798474	-0.215976522
637798475	0.384721078
637798476	0.084808435
637798477	-0.169997166
637798478	-0.039222574
637798479	-0.203924219
637798480	0.1507718
637798481	-0.009449793
637798482	-0.09059082
637798483	-0.200261155
637798484	-0.142247064
637798485	-0.01061963
637798486	-0.109553243
637798487	-0.319936661
637798488	-0.322029589
637798489	-0.076249782
637798490	-0.084824729
637798491	0.255904674
637798492	0.438473197
637798493	0.162096976
637798494	0.074159798
637798495	0.124381971
637798496	-0.178500299
637798497	-0.033423346
637798498	-0.654367157
637798499	-0.1877375
637798500	-0.017696412
637798501	-0.658308449
637798502	-0.202559963
637798503	-0.020268485
637798504	-0.172762708
637798505	-0.238831113
637798506	0.222461571
637798507	-0.226676575
637798508	0.111977676
637798509	-0.204259706
637798510	0.019938453
637798511	-0.117490474
637798512	0.073379492
637798513	-0.111501542
637798514	0.058546985
637798515	0.020519214
637798516	0.347442201
637798517	0.107428851
637798518	-0.075396391
637798519	0.109882803
637798520	-0.523883831
637798521	-0.011707348
637798522	0.041324281
637798523	-0.020456437
637798524	-0.149845283
637798525	-0.049410658
637798526	-0.187251638
637798527	0.004191961
637798528	0.053904041
637798529	-0.007773926
637798530	0.28159651
637798531	0.037170399
637798532	-0.095269119
637798533	-0.180898296
637798534	-0.169510997
637798535	-0.016942554
637798536	0.070007982
637798537	0.037096845
637798538	-0.075241055
637798539	0.223015214
637798540	0.081830691
637798541	-0.002629991
637798542	-0.08306285
637798543	-0.192646049
637798544	-0.668992065
637798545	-0.240788847
637798546	-0.163824798
637798547	-0.136896362
637798548	-0.016502154
637798549	-0.208285513
637798550	-0.127034215
637798551	0.273975008
637798552	-0.111019691
637798553	-0.149487111
637798554	0.2819771
637798555	-0.039425119
637798556	-0.26409451
637798557	-0.107540947
637798558	-0.160214346
637798559	0.009497734
637798560	0.066747273
637798561	0.206327987
637798562	-0.532945418
637798563	-0.275938282
637798564	-0.096847581
637798565	0.062300732
637798566	0.317233028
637798567	-0.28950088
637798568	-0.062044046
637798569	-0.051093987
637798570	-0.080459386
637798571	0.066478355
637798572	0.224155907
637798573	-0.128724278
637798574	-0.341361436
637798575	0.390229578
637798576	-0.045549616
637798577	-0.100042287
637798578	-0.027408129
637798579	-0.116786516
637798580	-0.061965723
637798581	-0.036486802
637798582	-0.11308077
637798583	-0.161549428
637798584	0.082317822
637798585	-0.139387445
637798586	0.361948583
637798587	0.281490283
637798588	-0.191927916
637798589	-0.003390282
637798590	-0.031866091
637798591	0.064991256
637798592	0.096892062
637798593	-0.017785932
637798594	-0.170924295
637798595	-0.121871585
637798596	-0.215509319
637798597	-0.06317687
637798598	-0.071498928
637798599	-0.54429747
637798600	-0.066236331
637798601	0.236043697
637798602	0.131708767
637798603	-0.048508239
637798604	0.316791656
637798605	-0.129521181
637798606	0.196963304
637798607	0.181150322
637798608	0.415763603
637798609	0.291666825
637798610	0.288580247
637798611	0.0111886
637798612	0.147657509
637798613	0.088197988
637798614	0.031176992
637798615	-0.276939848
637798616	-0.013139718
637798617	-0.180903309
637798618	-0.061851769
637798619	0.248880055
637798620	-0.227322185
637798621	-0.154222804
637798622	0.004505046
637798623	-0.296174379
637798624	-0.256303906
637798625	-0.273623258
637798626	-0.154442577
637798627	0.011824014
637798628	0.006752329
637798629	-0.052402904
637798630	-0.183971719
637798631	-0.364499752
637798632	-0.104602283
637798633	0.120795026
637798634	-0.338161641
637798635	-0.204104005
637798636	-0.003659686
637798637	0.179833785
637798638	0.058940499
637798639	-0.09394495
637798640	0.044057529
637798641	-0.316598517
637798642	-0.887434635
637798643	-0.115705152
637798644	0.062065844
637798645	-0.077461222
637798646	-0.562734091
637798647	0.16261587
637798648	-0.139159883
637798649	-0.035302146
637798650	0.488369702
637798651	0.47124209
637798652	-0.413090653
637798653	-0.115505134
637798654	-0.164442398
637798655	-0.554604789
637798656	-0.12098898
637798657	0.055394865
637798658	-0.005523897
637798659	-0.319949507
637798660	0.01085017
637798661	0.327392737
637798662	0.170784526
637798663	-0.001993022
637798664	-0.312533118
637798665	-0.923664656
637798666	0.29334415
637798667	0.044534416
637798668	-0.123753095
637798669	-0.206025528
637798670	-0.021292115
637798671	-0.228718101
637798672	-0.184739661
637798673	0.018102747
637798674	-0.15192166
637798675	-0.653783876
637798676	-0.185959934
637798677	0.02407462
637798678	-0.059322911
637798679	0.053876589
637798680	-0.022815003
637798681	-0.11233843
637798682	-0.149143374
637798683	0.054217417
637798684	0.412872541
637798685	0.436699335
637798686	0.038931675
637798687	-0.184667945
637798688	-0.069325138
637798689	0.106170087
637798690	0.025944669
637798691	-0.74318351
637798692	-0.108945481
637798693	-0.012752004
637798694	-0.150962002
637798695	-0.0763382
637798696	0.088778027
637798697	0.247937001
637798698	0.11689124
637798699	-0.274414522
637798700	-0.210571226
637798701	-0.417074556
637798702	0.008770877
637798703	-0.36176789
637798704	0.048940111
637798705	-0.350124967
637798706	-0.137698445
637798707	-0.043452344
637798708	0.505571603
637798709	0.092530569
637798710	0.664749418
637798711	0.339842698
637798712	0.088570913
637798713	0.003298377
637798714	-0.216558888
637798715	-0.505814671
637798716	0.111221601
637798717	0.04606334
637798718	0.291945502
637798719	-0.147630847
637798720	-0.014009449
637798721	-0.09999424
637798722	0.158355622
637798723	-0.204256534
637798724	-0.433534536
637798725	0.035491836
637798726	-0.002814514
637798727	-0.250154853
637798728	-0.018498368
637798729	-0.307660125
637798730	-0.146355579
637798731	0.13592957
637798732	-0.229674454
637798733	-0.03085007
637798734	0.243382106
637798735	0.057406215
637798736	-0.461217632
637798737	-0.129385486
637798738	-0.089487432
637798739	0.118702836
637798740	0.169286027
637798741	-0.227009397
637798742	-0.096359441
637798743	-0.038574762
637798744	0.010622867
637798745	-0.051872172
637798746	0.146126423
637798747	-0.030723697
637798748	0.200746107
637798749	-0.371990614
637798750	-0.80267756
637798751	0.142891843
637798752	-0.002278543
637798753	-0.326972143
637798754	0.285246713
637798755	0.155074522
637798756	-0.496332239
637798757	-0.404275364
637798758	0.046012494
637798759	-0.272361378
637798760	0.193402903
637798761	-0.032748879
637798762	0.030976927
637798763	-0.111483921
637798764	-0.092884824
637798765	-0.203306513
637798766	-0.095690914
637798767	-0.908901399
637798768	-0.181881744
637798769	-0.01549429
637798770	-0.097332608
637798771	-0.278281094
637798772	-0.0401498
637798773	-0.249827929
637798774	0.087952128
637798775	0.628286892
637798776	0.493834415
637798777	0.433706781
637798778	-0.127075375
637798779	-0.051985498
637798780	-0.030893663
637798781	-0.12431323
637798782	-0.303266282
637798783	-0.859816042
637798784	-0.175956985
637798785	-0.394515658
637798786	-0.072555155
637798787	-0.60806197
637798788	-0.195501359
637798789	0.103506347
637798790	0.137091222
637798791	-0.086893584
637798792	0.140720875
637798793	0.001813635
637798794	-0.414905773
637798795	-0.224201699
637798796	0.070471989
637798797	0.173535579
637798798	0.050568117
637798799	-0.052553303
637798800	0.250076035
637798801	-0.12229001
637798802	-0.062115884
637798803	-0.00330935
637798804	-0.365758745
637798805	-0.439464292
637798806	-0.058764659
637798807	0.101393223
637798808	0.017203198
637798809	-0.350097227
637798810	-0.242070859
637798811	-0.030994399
637798812	-0.127028419
637798813	-0.784138526
637798814	-0.016378674
637798815	-0.094323498
637798816	0.083876117
637798817	-0.056696234
637798818	0.107529369
637798819	-0.189409763
637798820	-0.040916882
637798821	-0.313114572
637798822	-0.47268434
637798823	-0.4018943
637798824	-1.402144404
637798825	-0.605837847
637798826	0.130495121
637798827	-0.197201814
637798828	0.19810075
637798829	0.232160706
637798830	0.018400344
637798831	-0.221870608
637798832	-0.174482193
637798833	-0.061785565
637798834	0.065824395
637798835	-1.595209717
637798836	-0.203484226
637798837	-0.04281293
637798838	0.07407114
637798839	-0.131893618
637798840	-0.173471831
637798841	-0.096053272
637798842	-0.026738545
637798843	0.034816084
637798844	0.049309097
637798845	-0.288827939
637798846	-0.018667777
637798847	-0.095096385
637798848	-0.558540325
637798849	-0.032523089
637798850	-0.177943348
637798851	0.118818858
637798852	0.037573855
637798853	0.23444591
637798854	0.104984959
637798855	-0.244321616
637798856	-0.790882156
637798857	0.073118183
637798858	-0.081860444
637798860	-0.062196719
637798861	-0.009209749
637798862	0.056389102
637798863	-0.31796279
637798864	0.01653922
637798865	0.134086204
637798866	-0.255414312
637798867	-0.004092485
637798868	-0.243055457
637798869	-0.026600574
637798870	0.028566922
637798871	-0.419546421
637798872	-1.758023899
637798873	-0.689307904
637798874	0.054005217
637798875	0.008948403
637798876	-0.504223047
637798877	-0.021231748
637798878	-0.336312779
637798879	-0.051169732
637798880	-0.424167019
637798881	-0.359142484
637798882	0.083313834
637798883	0.281338325
637798884	-0.115640524
637798885	0.084344866
637798886	-0.042593179
637798887	-0.179273731
637798888	-0.117707238
637798889	-0.77589977
637798890	-0.790572066
637798891	-0.090210783
637798892	-0.129837763
637798893	-0.188158137
637798894	-0.412488943
637798895	0.391979664
637798896	-0.068358841
637798897	0.127417282
637798898	-0.036421826
637798899	-0.075981193
637798900	0.404433843
637798901	-0.076333652
637798902	-0.523909225
637798903	0.057013433
637798904	-0.07677544
637798905	0.325633481
637798906	0.554524849
637798907	0.159533647
637798908	0.185326814
637798909	0.146087007
637798910	-0.038162184
637798911	0.033313922
637798912	-0.815790466
637798913	-0.237069304
637798914	-0.425392179
637798915	-0.096314653
637798916	-0.389764572
637798917	-0.069878323
637798918	-0.227751097
637798919	-0.401823911
637798920	-0.010710847
637798921	-0.356861575
637798922	-0.009318814
637798923	-0.281090403
637798924	-0.071237549
637798926	-0.144781853
637798927	-0.013514727
637798928	-0.109084664
637798929	0.002422281
637798930	0.233105638
637798931	-0.181053689
637798932	-0.455481049
637798933	-0.03061615
637798934	-0.325767201
637798935	0.259358433
637798936	0.041809576
637798937	0.298256973
637798938	-0.016851305
637798939	0.010044767
637798940	0.072162556
637798941	0.014457244
637798942	-0.177444803
637798943	-0.510235719
637798944	0.010768051
637798945	0.159733985
637798946	-0.058331586
637798947	0.087533528
637798948	-0.302008108
637798949	-0.147064507
637798950	0.023116507
637798951	0.162879402
637798952	-0.2698297
637798953	-0.055476945
637798954	0.007382357
637798955	0.003815786
637798956	-0.274635946
637798957	-0.302937557
637798958	0.001856871
637798959	-0.649685878
637798960	0.016274433
637798961	-0.160844801
637798962	-0.037886122
637798963	-0.096767303
637798964	0.400489545
637798965	0.02060582
637798966	-0.285707846
637798967	-0.122708271
637798968	-0.183460185
637798969	0.085209918
637798970	-0.008611433
637798971	0.020437686
637798972	-0.204520116
637798973	-0.180560481
637798974	-0.051674368
637798975	0.153277979
637798976	-0.738098096
637798977	-0.677563689
637798978	-0.164268672
637798979	0.253247529
637798980	0.23702435
637798981	0.32864265
637798982	-0.002104177
637798983	-0.298785707
637798984	0.163307138
637798985	-0.515865226
637798986	-0.867297499
637798987	-0.159457816
637798988	0.075301585
637798989	0.413638952
637798990	0.015786919
637798991	0.185692782
637798992	-0.181837319
637798993	-0.352950593
637798994	-0.018136272
637798998	-0.232664254
637798999	-0.021338761
637799000	-0.094524379
637799001	0.358891602
637799002	0.53111185
637799003	-0.002636977
637799004	-0.209584929
637799005	-0.070704492
637799006	-0.686284655
637799007	0.070074332
637799008	-0.426341472
637799009	-1.017663135
637799010	0.67837946
637799011	-0.055912063
637799012	-0.164139138
637799013	-0.524617587
637799014	-0.645615875
637799015	-0.547839309
637799016	0.08191787
637799017	-0.075025458
637799018	-0.102039309
637799019	-0.151605799
637799020	-0.063946723
637799021	-0.199698244
637799022	0.020126204
637799023	-0.141443588
637799024	-0.100654326
637799025	0.180665102
637799026	-0.024795254
637799027	0.08970045
637799028	-0.023399924
637799029	-0.046041109
637799030	-0.156920292
637799031	0.047337512
637799032	0.12486049
637799033	-0.001564401
637799035	-0.183624893
637799036	0.055326106
637799037	-0.06655202
637799038	-0.092253581
637799039	0.028252315
637799040	-0.155126553
637799041	0.159215731
637799042	-0.476368217
637799043	0.361335733
637799044	0.485315182
637799045	0.059331858
637799046	0.309882243
637799047	0.310090391
637799048	0.122218319
637799049	0.072575087
637799050	-0.019586029
637799051	0.068970156
637799052	0.190067424
637799053	-0.019106664
637799054	0.054967266
637799055	-0.102910921
637799056	0.337992826
637799057	-0.162909611
637799058	-0.124401127
637799059	0.730823547
637799060	0.645776934
637799061	0.02489415
637799062	-0.193719293
637799063	0.140044808
637799064	0.396400208
637799065	-0.306095942
637799066	-0.230633511
637799067	-0.030911947
637799068	-0.119621256
637799069	-0.466152497
637799070	-0.307966623
637799071	-0.352345443
637799072	0.211116221
637799073	0.101595827
637799074	0.145311289
637799075	0.143629968
637799076	-0.100815896
637799077	-0.030860626
637799078	0.108555418
637799079	-0.85533734
637799080	-0.132226533
637799081	-0.050616974
637799082	0.192714589
637799083	0.106476268
637799084	0.282444682
637799085	0.017837109
637799086	-0.403182221
637799087	0.070410141
637799088	-0.250863835
637799089	0.224419599
637799090	-0.050679956
637799091	-0.264759097
637799092	-0.029806683
637799093	0.114031006
637799094	-0.166676034
637799095	0.004589736
637799096	-0.21375385
637799097	0.405508731
637799098	0.084692375
637799099	0.228803116
637799100	-0.112529653
637799101	-0.017836844
637799102	-0.548854917
637799103	-0.095631678
637799104	0.048958013
637799105	0.065417106
637799106	-0.109625226
637799107	-0.19978448
637799108	-0.099141784
637799109	0.227783911
637799110	0.097714804
637799111	-0.727453235
637799112	-0.073242888
637799113	-0.248290271
637799114	-0.110686102
637799115	0.580177337
637799116	0.68400552
637799117	0.446948042
637799118	-0.338564293
637799119	-0.070149456
637799121	-0.088554182
637799122	-0.559601079
637799123	0.294159908
637799124	-0.146878992
637799125	-0.206198421
637799126	-0.196775596
637799127	-0.372427176
637799128	-0.93351937
637799129	-0.041881618
637799130	0.009908426
637799131	-0.351144568
637799132	-0.064047204
637799133	0.000328771
637799134	0.011171005
637799135	0.178855631
637799136	-0.182491065
637799137	0.107957511
637799138	-0.157235817
637799139	0.021015767
637799140	0.123316051
637799141	-0.193869663
637799142	0.038650931
637799143	0.082171855
637799144	0.049039001
637799146	-0.033802125
637799147	-0.077928128
637799148	0.040777456
637799149	0.239299184
637799150	0.29478051
637799151	0.112693495
637799152	0.197309873
637799153	-0.045475172
637799154	0.03365661
637799155	0.002978457
637799157	0.380147886
637799158	-0.174938095
637799159	0.0780648
637799160	-0.183827986
637799161	0.053628073
637799162	0.117590173
637799163	0.277289074
637799164	0.194784629
637799165	0.176859727
637799166	0.130708417
637799167	0.186895049
637799168	-0.041214334
637799169	-0.051832085
637799170	0.299704036
637799171	0.062670405
637799172	0.181596895
637799173	0.168702033
637799174	-0.000216752
637799175	0.080448404
637799176	-0.018599709
637799177	-0.203628038
637799178	0.170493186
637799179	0.048019718
637799180	0.068284366
637799181	-0.017780417
637799182	0.012838838
637799184	0.446160605
637799185	0.258040486
637799186	0.386623127
637799187	-0.003220666
637799188	-0.056402225
637799189	-0.193018709
637799190	-0.304237057
637799191	-0.119469186
637799192	-0.120308935
637799193	0.275887619
637799194	0.104243624
637799195	-0.308553267
637799196	0.042843155
637799197	0.376905915
637799198	-0.196056219
637799199	0.114998008
637799200	-0.032403363
637799201	0.04943725
637799202	-0.061160582
637799203	-0.069338932
637799204	-0.394368423
637799205	-0.250689468
637799206	-0.715733027
637799207	-0.076742579
637799208	0.138005082
637799209	-0.369304291
637799210	0.277138641
637799211	-0.155952665
637799212	0.118501628
637799213	0.812463749
637799214	0.130713154
637799215	0.166336385
637799216	-0.540732132
637799217	-0.269476056
637799218	0.061837102
637799220	-0.095660499
637799221	0.214617124
637799222	0.048985953
637799223	-0.000845262
637799224	-0.075668101
637799225	-0.105025442
637799226	-0.111949167
637799227	-0.045125713
637799228	-0.022185567
637799229	-0.117427529
637799230	-0.210348651
637799231	0.398938215
637799232	0.173897129
637799233	-0.184183836
637799234	0.012582782
637799235	-0.012369108
637799236	0.026630778
637799237	-0.03415246
637799238	-0.114491718
637799239	-0.053623532
637799240	-0.069282226
637799241	0.012533588
637799242	-0.110946504
637799243	-0.008935727
637799244	0.280660051
637799245	0.22140116
637799246	-0.13371671
637799247	0.102810391
637799248	-0.009947736
637799249	-0.035054777
637799250	1.669512834
637799251	-0.220762547
637799252	0.083760239
637799253	-0.043842118
637799254	-0.074499943
637799255	-0.082017729
637799256	-0.101028594
637799257	-0.066120028
637799258	0.135813906
637799259	-0.353911546
637799260	-0.373669851
637799261	-0.202321967
637799262	0.019555677
637799263	-0.622923917
637799264	-0.350761761
637799265	-0.251419669
637799266	-0.442360747
637799267	0.03999954
637799268	0.028313636
637799270	-0.004467645
637799271	-1.046248996
637799272	-1.258448339
637799273	-1.126487548
637799274	-0.656600577
637799275	-0.620111642
637799276	-0.348112189
637799277	0.035915559
637799278	0.380783456
637799279	0.108968771
637799280	-0.186866788
637799281	-0.095046372
637799282	-0.732710645
637799283	-0.157712952
637799284	-0.213767237
637799285	-0.199738794
637799286	0.142338921
637799287	-0.1667332
637799288	0.061176078
637799289	0.023535788
637799290	-0.019959627
637799291	-0.218384677
637799292	0.111565083
637799293	0.028371834
637799294	-0.027532372
637799295	-0.253627939
637799296	-0.138379002
637799297	-0.174410957
637799298	0.159871893
637799299	0.32129052
637799300	0.520472771
637799301	-0.641525638
637799302	0.06145423
637799303	-0.041387067
637799304	0.100846111
637799305	0.063641983
637799307	0.043071036
637799308	-0.454173455
637799309	-0.025634711
637799310	0.014978456
637799311	0.146883066
637799312	0.17087718
637799313	-0.018916258
637799314	-0.118447088
637799315	0.097200739
637799316	-0.038507268
637799317	-0.617378009
637799318	-0.107208318
637799319	0.00444162
637799320	-0.04604795
637799321	0.159370825
637799322	-2.616732142
637799323	-1.384357632
637799324	-0.238665533
637799325	-0.56306829
637799326	-0.063695167
637799327	-0.242340934
637799328	-0.272680914
637799329	-0.229417098
637799330	0.061438282
637799331	-0.028944497
637799332	-0.049667589
637799333	-0.25748197
637799334	-0.241202211
637799335	-0.452932676
637799336	-0.080968296
637799337	-1.080156598
637799338	-0.031756259
637799339	-0.053865345
637799340	0.04229285
637799341	-0.009217447
637799343	0.073433241
637799344	0.024218015
637799345	-0.13270444
637799346	-0.458742016
637799347	-0.113367589
637799348	-0.204397545
637799349	0.048468443
637799350	-0.040762654
637799351	0.019417481
637799352	0.067635536
637799353	0.013472304
637799354	0.037643663
637799355	0.014129222
637799356	0.058943658
637799357	0.125563836
637799358	-0.482531087
637799359	-0.343940579
637799360	0.078792577
637799361	0.07848185
637799362	0.091840448
637799363	0.014627617
637799364	-0.199474519
637799366	0.003503861
637799367	0.125890891
637799368	0.492817376
637799369	0.336128769
637799370	-0.113670318
637799371	-0.061020365
637799372	-0.062455338
637799373	-0.092273985
637799374	-0.146006752
637799375	-0.163345433
637799376	0.171863573
637799377	0.134542946
637799378	-0.023371418
637799379	-0.035317495
637799380	-0.106948609
637799381	0.190324838
637799382	-0.123864589
637799383	-0.628281656
637799384	-0.091017291
637799385	0.176409716
637799386	-0.019824864
637799387	0.011299179
637799388	-0.041579762
637799389	-0.027280624
637799390	-0.081152598
637799391	0.167250577
637799392	0.090657799
637799393	-0.458385701
637799394	-0.081066824
637799395	-0.002377807
637799396	-0.111360752
637799397	-0.62579477
637799398	-0.056720836
637799399	-0.094372994
637799400	-0.185500038
637799401	-0.142671435
637799402	0.07350824
637799403	-0.392375839
637799404	-0.059879727
637799405	-0.175798768
637799406	-0.208804394
637799407	-0.246935723
637799408	0.237454241
637799409	0.051593639
637799410	0.106489737
637799411	0.129521347
637799412	0.058516556
637799413	-0.091550967
637799414	-0.092102803
637799415	-0.005309582
637799416	-0.249075595
637799417	-0.088304561
637799418	-0.070367268
637799419	0.084275722
637799420	-0.048268002
637799422	-0.319997948
637799423	0.06056494
637799424	-0.057089137
637799425	0.124622197
637799426	-0.342991279
637799427	-0.032812339
637799428	0.01116444
637799429	-0.017857103
637799430	0.178150665
637799431	0.090728343
637799432	-0.133676075
637799433	-0.131236293
637799434	-0.437064892
637799435	-0.350012892
637799436	-0.420560081
637799437	0.211993025
637799438	-0.161361522
637799439	0.263729318
637799440	0.13679716
637799441	0.121395327
637799442	0.077197097
637799443	-0.134164928
637799444	0.024509217
637799445	0.005847742
637799448	-0.245773815
637799449	-0.523221587
637799450	0.123001741
637799451	-0.286906915
637799452	0.075307429
637799453	-0.420550314
637799454	0.321473627
637799455	0.319517125
637799456	0.107993736
637799457	-0.227167738
637799458	-0.145417553
637799459	-0.037560876
637799460	0.043016044
637799461	-0.168763771
637799462	0.049845314
637799463	0.131800906
637799464	-0.861209568
637799465	-0.141132609
637799466	0.224048514
637799467	0.083526576
637799468	-0.065198426
637799469	0
637799470	0
637799471	0.177930226
637799472	0.090376841
637799473	-0.603493826
637799474	0.048965061
637799475	-0.250894596
637799476	-0.109599312
637799477	-0.048568122
637799478	0.028266733
637799479	0.136848871
637799480	-0.052948913
637799481	-0.179888699
637799482	0.179211366
637799483	-0.065082387
637799484	-0.332665028
637799485	-0.086174646
637799486	0.31707116
637799489	0.141082966
637799490	-0.226861759
637799491	-0.01324481
637799492	-0.23653911
637799493	-0.294326246
637799494	0.065105516
637799495	0.225493761
637799497	-0.077622318
637799498	-0.220239655
637799499	0.20319002
637799500	0.044564755
637799501	0.002997251
637799502	0.165553017
637799503	-0.084879956
637799504	0.049125421
637799505	0.016456023
637799506	-0.330650786
637799508	-0.008999776
637799509	0.043247653
637799510	-0.139940484
637799511	0.061899693
637799512	-0.384556412
637799513	-0.286876909
637799514	-0.520565573
637799515	0.042225777
637799516	-0.179688221
637799517	-0.810987976
637799518	0.050370569
637799519	0.264889316
637799520	0.327159245
637799521	0.379730886
637799522	0.352104413
637799523	0.287702514
637799524	0.047460312
637799525	0.065108823
637799526	-0.127636779
637799527	0.064263979
637799528	-0.025183429
637799529	0.076697558
637799530	-0.233405421
637799531	-0.035438312
637799532	-0.226560173
637799533	-0.199795546
637799534	0.121542229
637799535	-0.092466427
637799536	-0.165203412
637799537	0.210680375
637799538	0.205450883
637799539	0.049506754
637799540	0.080813977
637799541	0.253520329
637799542	0.241063672
637799543	-0.624456354
637799544	0.031878171
637799545	-0.034494102
637799546	-0.028911417
637799547	-0.181899239
637799548	-0.112717282
637799549	-0.23246239
637799550	0.247070433
637799551	-0.656725361
637799552	-0.098776546
637799553	-0.067208281
637799554	0.092386538
637799555	-0.212440414
637799556	-0.314812176
637799557	0.094866838
637799558	-0.030708234
637799559	0.007205315
637799560	-0.007397293
637799561	-0.684706214
637799562	0.055871252
637799563	0.08696178
637799564	0.021762938
637799565	0.087022441
637799566	-0.092748213
637799567	-0.365764471
637799568	-0.315135626
637799569	-0.350627756
637799570	-0.204869143
637799571	-0.416839177
637799572	-0.186659754
637799573	0.030349302
637799574	-0.046236026
637799575	-0.492213926
637799576	0.291062545
637799577	-0.007137175
637799578	-0.731475605
637799579	-0.175328625
637799580	0.025843802
637799581	0.073482417
637799582	0.549556406
637799583	0.59131603
637799584	-0.180306118
637799585	-0.08458353
637799586	0.137362708
637799587	-0.106411571
637799588	0.16107671
637799589	0.27201918
637799590	0.797709698
637799591	0.081348873
637799592	-0.077275436
637799594	-0.033711733
637799595	-0.049906656
637799596	-0.064992921
637799597	0.151759501
637799598	0.105688863
637799599	-0.024248935
637799600	0.139811093
637799601	-0.193552788
637799602	-0.73039683
637799603	-0.168284482
637799604	-0.128851882
637799605	0.065664506
637799606	-0.062966457
637799607	-0.354572619
637799608	-0.493165404
637799609	-0.184955377
637799610	0.046337875
637799611	-0.12294444
637799612	-0.373898425
637799613	0.099167448
637799614	-0.120851965
637799615	-0.212799514
637799616	-0.025214852
637799617	0.276791739
637799618	-0.099572777
637799619	-0.128739032
637799620	-0.14335869
637799621	-0.010767709
637799622	0.474169346
637799623	-0.047564169
637799624	0.207414005
637799625	0.080408554
637799626	0.080396796
637799627	-0.054913253
637799628	-0.050191628
637799629	-0.145475194
637799630	-0.263188614
637799631	0.024635058
637799632	0.127625113
637799634	-0.017994941
637799635	0.034403358
637799636	-0.19935728
637799637	0.028756518
637799638	0.28329023
637799639	0.309602669
637799640	0.213835395
637799641	-0.166087021
637799643	0.186018972
637799644	0.058547924
637799645	0.491163734
637799646	0.627805107
637799647	-0.053002149
637799648	0.183122721
637799649	-0.032186347
637799650	-0.353807356
637799651	0.027410694
637799652	-0.247658347
637799653	0.080123066
637799654	-0.326174059
637799655	0.130656908
637799656	0.565509669
637799657	-0.405179371
637799658	-0.048778816
637799659	0.050430558
637799660	-0.322796515
637799661	-0.149469576
637799662	0.0449075
637799663	0.133984384
637799664	0.245356453
637799665	-0.410449142
637799666	-0.135976374
637799667	-0.30813347
637799668	0.064339403
637799669	-0.305971336
637799670	-0.094261209
637799671	0.013089215
637799672	-0.251261411
637799673	-0.154172277
637799674	-0.171776219
637799675	-0.147291451
637799676	0.031499081
637799677	-0.184203304
637799678	-0.941453536
637799679	-0.65265802
637799680	0.056642764
637799681	-0.006402494
637799682	0.032087298
637799683	-0.60277038
637799684	-0.07510718
637799685	0.148137507
637799687	-0.068167459
637799688	0.113606917
637799689	-0.150888671
637799690	-0.033626822
637799691	-0.005759235
637799692	0.031732138
637799693	-0.019202741
637799694	0.017366598
637799695	-0.004550121
637799696	-0.091251802
637799697	-0.252066546
637799698	0.037089917
637799699	-0.074061031
637799700	-0.938398397
637799701	-0.18858025
637799702	0.116755317
637799703	-0.027096556
637799704	-0.13517354
637799705	-0.116202059
637799706	-0.050827344
637799707	0.165159621
637799708	-0.234485057
637799709	-0.165059123
637799710	0.228508903
637799711	-0.087935163
637799712	0.151719316
637799713	-0.163586848
637799714	-0.083866392
637799715	-0.027765846
637799716	0.01117018
637799717	-0.265292663
637799718	-0.118310145
637799719	0.051701056
637799720	0.226841119
637799721	0.085137632
637799722	-0.039596987
637799723	-0.012901207
637799724	-0.236085936
637799725	0.211812788
637799726	0.13287684
637799727	0.262444231
637799728	0.17227369
637799729	0.123137773
637799730	0.198894085
637799731	0.281304415
637799732	-0.058114991
637799733	-0.21668032
637799734	-0.62080358
637799735	-0.085258832
637799737	0.192608409
637799738	-0.104977859
637799739	-0.01414423
637799740	0.13470176
637799741	-0.075495974
637799742	-0.198849718
637799743	-0.225103853
637799744	-0.020838951
637799745	-0.150956369
637799746	0.007045583
637799747	0.11024066
637799748	0.081083771
637799749	0.082339587
637799750	0.149838549
637799751	-0.097863521
637799752	0.050119277
637799753	-0.697851158
637799754	-0.005587015
637799755	-0.020578726
637799756	0.082624769
637799757	0.105806638
637799758	0.193123873
637799759	0.024233567
637799760	-0.089485088
637799761	-0.147938312
637799762	-0.218643032
637799763	0.041075576
637799764	0.121051374
637799765	0.195291648
637799766	0.078886083
637799767	0.238590238
637799768	0.208914369
637799769	-0.601780701
637799770	-0.336881195
637799771	-0.215420365
637799772	-0.284500739
637799773	-0.128230229
637799774	-0.406804606
637799775	-0.307169207
637799776	-0.276706867
637799777	-0.387205015
637799778	-0.047858896
637799779	-0.170743972
637799780	-0.075093879
637799781	-0.131855233
637799782	-0.368652316
637799783	-0.266028124
637799784	-0.051743022
637799785	0.411585058
637799786	-0.04465807
637799787	-0.099636111
637799788	-0.148161581
637799789	0.202800565
637799790	-0.041333698
637799791	-0.309867515
637799793	-0.250569997
637799794	-0.110936709
637799795	-0.252221546
637799796	0.068728063
637799797	-0.044524432
637799798	-0.006769678
637799799	0.087924951
637799800	-0.100086419
637799801	-0.13508899
637799802	-0.50106125
637799803	0.063236579
637799804	-0.016468495
637799805	-0.412771088
637799806	0.008501353
637799807	-0.019284933
637799808	-0.264676492
637799809	-0.078028898
637799810	-0.090114938
637799811	-0.083420312
637799812	0.04274214
637799813	-0.129451226
637799814	0.200381089
637799815	0.183744659
637799816	0.033068545
637799817	0.085397797
637799818	-0.149577943
637799819	0.141118194
637799820	0.084082359
637799821	0.137001321
637799822	-0.433324644
637799823	0.240238302
637799824	0.048258302
637799825	0.141569188
637799826	0.010222742
637799827	0.010803635
637799828	0.21296142
637799829	0.406540464
637799830	0.0243756
637799831	0.033741885
637799832	0.01203594
637799833	0.344445334
637799834	0.210864687
637799835	-0.029062568
637799836	0.084763976
637799837	-0.140998704
637799838	-0.332345739
637799839	-0.68297692
637799840	-0.243317527
637799841	-0.000480265
637799842	-0.262332412
637799843	0.250636047
637799844	0.139380497
637799845	-0.025345717
637799846	-0.313002666
637799847	-0.255669014
637799848	0.055366654
637799849	0.278368785
637799850	0.00019537
637799851	0.488584915
637799852	0.547703315
637799853	-0.897564779
637799854	-0.781695714
637799855	-0.121108911
637799856	-0.780679659
637799857	-0.316931145
637799858	-0.345505726
637799859	-1.19095345
637799860	0.030494696
637799861	-0.181573943
637799862	-0.217818406
637799863	0.082542455
637799864	-0.297074962
637799865	-0.137843967
637799866	-0.240951557
637799867	-0.013559869
637799868	-0.115477992
637799869	-0.083516769
637799870	-0.041526633
637799871	-1.249887028
637799872	-0.009474755
637799873	0.078125085
637799874	-0.148777837
637799875	0.056350545
637799876	0.102981467
637799877	0.3827711
637799878	0.054315735
637799879	-0.150717783
637799880	-0.044653275
637799881	-0.137805683
637799882	-0.338648124
637799883	-0.142983877
637799884	0.031499421
637799885	0.056457138
637799886	0.037093844
637799887	0.019748364
637799888	-0.100751958
637799889	0.008259115
637799890	-0.208526323
637799891	-0.001028829
637799892	-0.18485089
637799893	-0.567766782
637799894	-0.612701939
637799895	-1.166213435
637799896	-0.614157149
637799897	-0.039071777
637799898	0.132952021
637799899	0.149013441
637799900	-0.136448964
637799901	-0.063516478
637799902	-0.042191589
637799903	-0.015920157
637799904	-0.102408216
637799905	-0.036411525
637799906	-0.065529642
637799907	-0.350706896
637799908	-0.252537788
637799909	-0.142828611
637799910	-0.071154187
637799911	-0.182062698
637799912	-0.136303646
637799913	-0.161291716
637799914	-0.168742208
637799915	-0.114746465
637799916	-0.107501141
637799917	-0.33092804
637799918	-0.435196601
637799919	-0.051559673
637799921	0.128447238
637799922	-0.146222747
637799923	0.184295753
637799924	-0.071452798
637799925	-0.211180838
637799926	-0.018383186
637799927	-0.033649741
637799928	0.007142023
637799929	0.282223757
637799930	0.321181733
637799931	-0.014907687
637799932	0.695226085
637799933	0.269619662
637799934	0.22461177
637799935	-0.009400047
637799936	-0.025976852
637799937	0.31513192
637799938	0.188340077
637799939	-0.107918144
637799940	-0.188242718
637799941	-0.221654977
637799942	-0.024927272
637799943	0.092085138
637799944	-0.126625933
637799945	-0.053954257
637799946	-0.522494733
637799947	-0.116877505
637799948	-0.2057312
637799949	0.045274619
637799950	0.02985636
637799951	0.095771005
637799952	-0.029468586
637799953	-0.006561776
637799954	0.012484362
637799955	0.240318721
637799956	0.28154863
637799957	0.235862137
637799958	-0.185558499
637799959	0.058244723
637799960	-0.042235305
637799961	-0.038589094
637799962	-0.004945496
637799963	0.106782329
637799964	0.1194202
637799965	-0.174127243
637799966	0.105839788
637799967	-0.206508664
637799968	-0.190552343
637799969	-0.191846007
637799970	0.10656427
637799971	-0.019573084
637799972	-0.580758974
637799973	-0.93787758
637799974	-0.839985869
637799975	-0.646850857
637799976	-0.072267406
637799977	0.143685518
637799978	0.087513725
637799979	0.063103443
637799980	-0.059826531
637799981	-0.397639466
637799982	-0.109616307
637799983	0.164099935
637799984	0.051084518
637799985	-0.123482412
637799986	0.128878577
637799987	-0.882232347
637799988	-0.2228556
637799989	0.663865841
637799990	-0.029959281
637799991	-0.00615805
637799992	-0.016533494
637799993	0.075251755
637799994	0.266534377
637799995	0.316044434
637799996	-0.10735472
637799997	-0.237554757
637799998	-0.141798508
637799999	-0.015417786
637800000	0.272868498
637800001	0.610567721
637800002	-0.030434467
637800003	0.141410638
637800004	0.160188904
637800005	0.556330381
637800006	0.702336375
637800007	0.563728437
637800008	0.256659063
637800009	-0.09478375
637800010	-0.057581623
637800011	-0.075729708
637800012	0.156184279
637800013	0.078759538
637800014	0.028904028
637800015	0.268918741
637800016	-0.15489485
637800017	-0.063061129
637800018	-0.137857238
637800019	-0.17670256
637800020	-0.304828948
637800021	-0.161214514
637800022	-0.039624496
637800023	0.042576251
637800024	0.09696841
637800025	0.065222862
637800026	0.019390469
637800027	-0.164140925
637800028	-0.053986371
637800029	0.000215925
637800030	0.010238887
637800031	-0.33059235
637800032	-0.36297182
637800033	0.039616003
637800034	-0.07368396
637800035	0.152925552
637800037	-0.441073355
637800038	-0.156143412
637800039	0.17582166
637800040	-0.452472643
637800041	-0.68478733
637800042	-0.219403345
637800043	-0.424356495
637800044	0.628441487
637800045	1.204316338
637800046	1.132074613
637800047	-0.393846265
637800048	-0.124043936
637800049	0.326469527
637800052	-0.199880897
637800053	-0.140880509
637800054	0.124478365
637800055	-0.184677561
637800056	-0.014838782
637800057	-0.692061614
637800058	0.136060026
637800059	0.090854499
637800060	0.096771941
637800061	0.0052159
637800062	-0.19737158
637800063	-0.308645042
637800064	-0.557746805
637800065	0.247371772
637800066	-0.694770981
637800067	-0.130817859
637800068	-0.009634908
637800070	-0.348001474
637800071	-0.852782612
637800072	-0.379020724
637800073	0.162185245
637800074	-0.026688866
637800075	-0.387960439
637800076	0.251081262
637800077	0.039888548
637800078	-0.339933939
637800079	-0.191121568
637800080	0.000900889
637800081	-0.015303621
637800082	0.046314881
637800083	0.206108999
637800084	-0.145610872
637800085	0.072487175
637800086	0.107018351
637800087	-0.086873564
637800088	0.010887914
637800089	0.013984133
637800090	0.290051242
637800091	0.362767633
637800092	0.494984172
637800093	0.308288875
637800094	-0.224328982
637800095	-9.45E-05
637800096	-0.078566378
637800097	0.015811966
637800098	1.124676975
637800099	-0.133983735
637800101	-0.220493836
637800102	-0.319952211
637800103	0.066671933
637800104	-0.128175077
637800105	0.041522058
637800106	0.121303922
637800107	0.369276817
637800108	0.210894866
637800109	0.115031066
637800110	0.258325419
637800111	0.017765983
637800112	-0.683780027
637800113	-0.037952275
637800114	-0.168377719
637800115	0.343072042
637800116	-0.346824233
637800117	-0.573646457
637800118	-0.189177984
637800119	-0.032617124
637800120	-0.03235364
637800121	0.031777255
637800122	-0.127160069
637800123	-0.502936053
637800124	-0.066692798
637800125	0.026922992
637800126	0.082305545
637800127	-0.197019327
637800128	0.089995046
637800129	-0.002977826
637800130	-0.002769574
637800131	-0.110229356
637800132	-0.103341542
637800133	-0.4394519
637800134	0.611133462
637800135	0.162549705
637800136	-0.134718391
637800137	-0.098829762
637800138	-0.228040925
637800139	0.158677372
637800140	0.085450859
637800141	-0.419249797
637800142	0.031105577
637800143	0.312582153
637800144	-0.239347929
637800145	-0.183964539
637800146	-0.060304966
637800147	0.116782415
637800148	-0.395207493
637800149	-0.031860039
637800150	-0.077894183
637800151	-0.22633794
637800152	-0.067556643
637800153	-0.086015959
637800154	0.11590892
637800156	0.019203254
637800157	-0.110976128
637800158	0.102668563
637800159	-0.125677367
637800160	-0.161648721
637800161	-0.048475106
637800162	-0.047009605
637800163	-0.155233325
637800164	0.030898921
637800165	-0.127535232
637800166	0.075374916
637800167	-0.021488111
637800168	0.027036631
637800169	0.014400248
637800170	0.047390946
637800171	0.044736273
637800172	-0.339733213
637800173	-0.307807839
637800174	-0.669252032
637800175	-0.115000238
637800176	-0.212197834
637800177	-0.05450822
637800178	-0.079454932
637800179	-0.169472599
637800180	-0.604252073
637800181	-0.849146236
637800182	-0.041749603
637800183	0.054944314
637800184	-0.231987005
637800185	-0.310100562
637800186	0.020282642
637800187	0.159965998
637800188	-0.095295876
637800189	-0.011559046
637800190	0.000168254
637800191	-0.167461808
637800192	0.058528972
637800194	-0.113079664
637800195	0.197371507
637800197	0.159323742
637800198	0.451251211
637800199	0.15379493
637800200	-0.047073073
637800201	-0.086804495
637800202	-0.58396559
637800203	-0.278946792
637800204	-0.23272653
637800205	-0.143231654
637800206	-0.058137591
637800207	-0.127885873
637800208	-0.144945016
637800209	0.344177946
637800210	0.265136546
637800211	-0.19024623
637800212	0.013211275
637800213	-0.111470949
637800214	-0.007979955
637800215	0.017283495
637800216	0.132194711
637800217	0.419723788
637800218	0.416522262
637800219	-0.065307992
637800220	0.145136776
637800221	-0.355634878
637800222	0.217750665
637800223	-0.226612027
637800224	-0.009173889
637800225	0.650033249
637800226	0.132078887
637800227	0.053952568
637800228	-0.014999151
637800229	-0.284001472
637800230	-0.019342358
637800231	0.064406772
637800232	-0.082852689
637800233	-0.202811615
637800234	-0.434235356
637800235	-0.079220753
637800236	-0.106629509
637800237	-0.133979692
637800238	-0.471673613
637800239	-0.00519458
637800240	-0.05629527
637800241	-0.592072966
637800242	0.161554693
637800243	0.045858051
637800244	-0.303627588
637800245	-0.01790518
637800246	0.202991367
637800247	-0.11457472
637800248	0.179024136
637800249	0.079856903
637800250	0.064940307
637800251	0.102403991
637800252	-0.178144807
637800253	-0.32723317
637800254	0.121697605
637800255	0.217672334
637800256	-0.018662636
637800257	-0.12357487
637800258	-0.38388077
637800259	-0.277796959
637800260	0.072000253
637800261	-0.560961383
637800262	-0.32706413
637800263	-0.376583479
637800264	-0.089206698
637800265	-0.154485816
637800266	-0.039923112
637800267	-0.205933634
637800268	-0.567238247
637800269	-0.069045773
637800270	0.125434454
637800271	0.070428729
637800272	0.002044933
637800273	-1.207716038
637800274	-0.055097868
637800275	-0.300413281
637800276	-0.028511219
637800277	-0.476660373
637800278	-0.296999586
637800279	0.725919968
637800280	0.140659343
637800281	-0.09483559
637800282	-0.000591435
637800283	0.170009635
637800284	-0.007407576
637800285	0.038454485
637800286	-0.182475584
637800287	0.092357692
637800288	0.122277942
637800289	0.080805955
637800290	0.836478328
637800291	-0.422705607
637800292	-0.223168095
637800293	-0.158472322
637800294	-0.236914998
637800295	-0.03136856
637800296	0.082765451
637800297	0.075700816
637800298	-0.096233436
637800299	-0.365441371
637800300	0.095436943
637800301	0.112587354
637800302	-0.067032865
637800303	-0.622535834
637800304	-0.023649001
637800305	-0.137768711
637800306	0.143199666
637800307	-0.488463407
637800308	-0.114174415
637800309	-0.047950441
637800310	-0.000234794
637800311	0.140797685
637800312	0.43174847
637800313	0.033981412
637800314	-0.060397628
637800315	0.000183015
637800316	-0.123162264
637800317	-1.042422482
637800318	-0.124711793
637800319	-0.071352874
637800320	-0.006189878
637800321	-0.529503086
637800322	-0.075647879
637800323	-2.09142707
637800324	-0.029447698
637800325	0.002451116
637800326	-0.302824617
637800327	0.039433597
637800328	0.007532198
637800329	-0.09987528
637800330	-0.862430019
637800331	-0.578192842
637800332	-0.366362181
637800333	-0.24303223
637800334	0.14338331
637800335	-0.365859441
637800336	-0.324883026
637800337	0.008244647
637800338	0.040821069
637800339	0.203025377
637800340	-0.081981755
637800341	-0.169483146
637800342	0.074568277
637800343	0.042307929
637800344	-0.016977245
637800345	-0.3937522
637800346	-0.264379788
637800347	-0.259396258
637800348	-0.730497418
637800349	-0.524887451
637800350	-0.080688531
637800351	0.011257655
637800352	0.044551513
637800353	-0.050577309
637800354	-0.411280748
637800355	-0.474065537
637800356	0.249282984
637800357	-0.263252033
637800358	-0.300531439
637800359	-0.047354782
637800360	-0.040977478
637800361	-0.076463336
637800362	-0.070137899
637800363	-0.007335104
637800364	-0.348512411
637800365	-0.561580804
637800366	-0.193277943
637800367	-0.190261126
637800368	-0.227568924
637800369	0.056769882
637800370	-0.126531133
637800371	0.07668994
637800372	-0.126533529
637800373	0.116906306
637800374	-0.224250343
637800375	-0.173184048
637800376	-0.359894196
637800377	0.008811913
637800378	-0.235265558
637800379	0.00863623
637800380	-0.017080442
637800381	-0.031769555
637800382	0.086350203
637800383	0.179176248
637800384	-0.217447821
637800385	-0.200062291
637800386	-0.318720037
637800387	-0.065487587
637800389	0.096831376
637800390	-0.077107359
637800391	-0.168317018
637800392	0.373898983
637800393	0.195111221
637800394	0.032227779
637800395	0.019660667
637800396	-0.076831072
637800397	-0.060763147
637800398	-0.102051194
637800399	-0.196363309
637800400	-0.105212286
637800401	0.151917205
637800402	-0.012540784
637800403	0.399370841
637800404	0.039606404
637800405	-0.190431332
637800406	-0.029673863
637800407	-0.048654933
637800408	-0.129009344
637800411	-0.206117258
637800412	0.048303398
637800413	-0.110499423
637800414	-0.166388983
637800415	0.131863244
637800416	0.172208547
637800417	-0.000313135
637800418	-0.227333125
637800419	-0.165775033
637800420	-0.066455513
637800421	-0.00623037
637800422	0.072973795
637800423	-0.165230976
637800424	-0.176299403
637800425	0.130364187
637800426	0.18102748
637800427	-0.587275771
637800428	-0.187086706
637800429	-0.266707941
637800430	-0.057342845
637800431	-0.850118814
637800432	0.347775908
637800433	-0.252636344
637800434	-0.175745969
637800435	-0.164502138
637800436	0.356992994
637800437	-0.008008631
637800438	-0.390940104
637800439	-0.154344385
637800440	0.187349018
637800441	-0.759391302
637800442	-0.30575173
637800443	-0.168772785
637800444	-0.938453315
637800445	-0.155405441
637800446	-0.09950227
637800447	0.097816879
637800448	-0.081349816
637800449	-0.266400305
637800450	-0.210876409
637800451	-0.118848184
637800452	0.001548236
637800453	0.080509535
637800454	0.024401994
637800455	-0.271356595
637800456	0.006125844
637800457	-0.582455557
637800458	0.067241314
637800459	0.040907205
637800460	-0.447242184
637800461	-0.61185666
637800462	-0.221976408
637800463	-0.070503573
637800464	-0.065410823
637800465	-0.049439805
637800466	0.147071667
637800467	0.218991409
637800468	0.249070796
637800469	-0.088873354
637800470	-0.005770944
637800471	-0.489985219
637800472	-0.023128919
637800473	-0.129161874
637800474	0.250417497
637800475	0.279984524
637800476	0.151380022
637800477	-0.091077055
637800478	-0.302031631
637800479	0.054780397
637800480	-0.258102649
637800481	-0.247920656
637800482	-0.264660101
637800483	-0.38471615
637800484	0.1067407
637800485	-0.074957768
637800486	-0.05652256
637800487	-0.037747855
637800488	-0.938242614
637800489	-0.194454858
637800490	-0.321690077
637800491	-0.114955723
637800492	-0.136710447
637800493	0.073483547
637800494	0.057612226
637800495	0.182360453
637800496	-0.085937961
637800497	-0.162552141
637800498	0.424242276
637800499	-0.174017863
637800500	-0.104176662
637800501	-0.50911042
637800502	-0.333111531
637800503	-0.056044355
637800504	-0.908845276
637800505	-0.229011474
637800506	-0.881024445
637800507	0.064166989
637800508	-0.047099881
637800509	-0.188303613
637800510	0.025395092
637800511	-0.012279558
637800512	0.025755275
637800513	-0.142277836
637800514	-0.401619225
637800515	-0.066272446
637800516	-0.153767402
637800517	-0.401976526
637800518	-0.147356517
637800519	0.013803085
637800520	0.128361927
637800521	-0.038821481
637800522	-0.016305027
637800523	0.234025541
637800524	0.033881389
637800525	0.25041664
637800526	-0.208631698
637800527	0.67631109
637800528	0.149916606
637800529	0.015303127
637800530	-0.154435725
637800531	-0.270272847
637800532	0.056802263
637800533	-0.06912546
637800534	-1.531341182
637800535	-0.413541259
637800536	-0.070240753
637800537	-0.084182752
637800538	-0.107563458
637800539	-0.1841415
637800540	0.009656782
637800541	0.200660682
637800542	-0.196218743
637800543	-0.085208757
637800544	-0.082374509
637800545	-0.216804999
637800546	-0.139205537
637800547	-0.242108213
637800548	0.155723318
637800549	-0.385199435
637800550	-0.270088107
637800551	-0.188446017
637800552	-0.531504712
637800553	-0.0791864
637800554	0.120551127
637800555	0.263601243
637800556	0.049659041
637800557	0.090035321
637800558	0.233894496
637800559	-0.152371081
637800560	-0.074262681
637800561	0.122234336
637800562	0.049144993
637800563	0.137307499
637800564	-0.166254168
637800565	-0.381713059
637800566	-0.954353812
637800567	-0.286746904
637800568	-0.133981765
637800569	-0.038790407
637800570	0.077086807
637800571	-0.286487353
637800572	-0.189645178
637800573	-0.315088752
637800574	-0.078691887
637800575	0.176139336
637800576	-0.167953151
637800577	-0.241949912
637800578	0.158176021
637800579	-0.128427839
637800580	-0.241262045
637800581	0.056706674
637800582	-0.534166353
637800583	-0.245518452
637800584	-0.067364981
637800585	0.006539611
637800586	-0.276458333
637800587	-0.065985385
637800588	0.098638101
637800589	-0.066295734
637800590	0.105091818
637800591	0.104348081
637800592	-0.018688762
637800593	0.127395587
637800594	0.052093134
637800595	0.223077999
637800596	-0.141247464
637800597	-0.196203284
637800598	-0.029887465
637800599	0.065705557
637800600	-0.139565178
637800601	0.084271502
637800602	0.062541366
637800603	-0.280718643
637800604	-0.126236346
637800605	-0.215595241
637800606	-0.241394601
637800607	0.266344083
637800608	-0.249652143
637800609	0.074260504
637800610	-0.013941315
637800611	0.110686252
637800612	-0.045155168
637800613	-0.342458886
637800614	-0.09025595
637800615	0.068527868
637800616	-0.561421511
637800617	-1.053898893
637800618	-0.426291676
637800619	-0.051529615
637800620	0.0522943
637800621	0.219008692
637800622	0.061418897
637800623	-0.240267111
637800624	-0.015890589
637800625	-0.751397947
637800626	0.184767878
637800627	0.29286751
637800628	0.13257384
637800629	-0.118063031
637800630	0.263243792
637800631	-0.275895294
637800632	0.28814193
637800633	-0.324841738
637800634	-0.035779542
637800635	0.025121617
637800636	-0.011292148
637800637	0.347362411
637800638	0.089318022
637800639	-0.208651925
637800640	-0.058472875
637800641	-0.094543544
637800642	-0.291128859
637800643	0.046471993
637800644	0.208291999
637800645	0.463575393
637800646	-0.034954754
637800647	-0.194664872
637800648	0.391148382
637800650	-0.452369471
637800651	-0.335326181
637800652	0.20719576
637800653	0.218495993
637800654	0.041124137
637800655	0.093591858
637800657	-0.02133535
637800658	0.129174224
637800659	0.058633084
637800660	0.039973792
637800661	0.027722761
637800662	0.264134382
637800663	0.193988717
637800664	0.219058213
637800665	0.39766265
637800666	0.265635122
637800667	0.339491428
637800668	0.479023889
637800669	0.493148576
637800670	0.226926872
637800671	0.304443271
637800672	0.426597095
637800673	0.276314536
637800674	0.296633348
637800675	0.3505059
637800676	0.387674181
637800677	0.166573216
637800678	0.405314681
637800679	0.388297402
637800680	0.061870923
637800681	-0.042407458
637800682	-0.061391603
637800683	0.083715226
637800684	-0.055730246
637800685	0.465551781
637800686	-0.199784455
637800687	-0.299852231
637800688	0.052764442
637800689	-0.241637166
637800690	-0.105341017
637800691	-0.456136352
637800692	-0.775135997
637800693	-0.042446796
637800694	-0.032742941
637800695	-0.029839142
637800696	-0.744907816
637800697	-0.024402287
637800698	-0.171158259
637800699	-0.159065219
637800700	0.256674334
637800701	0.527094758
637800702	-0.32149476
637800703	-0.129003101
637800704	-0.34358015
637800705	-0.333779744
637800706	-0.13527382
637800707	-0.021657273
637800708	-0.167611253
637800709	-0.037521637
637800710	0.166877137
637800711	-0.175207196
637800712	-0.045335704
637800713	-0.0288345
637800714	0.473021123
637800715	-0.342582327
637800716	0.026229697
637800717	0.181195665
637800718	0.046680221
637800719	0.061117719
637800720	0.043616298
637800721	0.063444326
637800722	-0.195032541
637800723	-0.036480391
637800724	-0.146237686
637800725	-0.070143952
637800726	0.42012988
637800727	-0.116072176
637800728	-0.090095517
637800729	-0.012379774
637800730	0.075927916
637800731	-0.115118659
637800732	-0.565184873
637800733	0.096793104
637800734	0.067027788
637800735	0.274864582
637800736	0.289157316
637800737	-0.129440524
637800738	-0.054709844
637800740	-0.223436961
637800741	-0.433582525
637800742	-0.123063733
637800743	0.021707996
637800744	0.117409146
637800745	0.371150897
637800746	0.156770981
637800747	-0.070021003
637800748	-0.16114439
637800749	-0.08043402
637800750	-0.168616587
637800751	-0.030986497
637800752	-0.0298839
637800753	-0.039939055
637800754	0.77166634
637800755	1.152329284
637800756	0.502337747
637800757	-0.125118785
637800758	0.049533879
637800759	-0.13454971
637800760	0.128991504
637800761	1.231778254
637800762	0.736164533
637800763	0.118346102
637800764	-0.306897776
637800765	-0.143305075
637800766	-0.046012304
637800767	0.213702678
637800768	-0.113754416
637800769	-0.75982649
637800770	-0.411872825
637800771	-0.08589432
637800772	0.175218582
637800773	-0.258117524
637800774	0.510966373
637800775	-0.088604598
637800776	0.048220549
637800777	0.062990452
637800778	0.345088387
637800779	-0.145795854
637800780	-0.818073314
637800781	0.640126869
637800782	0.752641417
637800783	0.786613209
637800784	0.608928545
637800785	-0.712093793
637800786	-0.321965554
637800787	-0.209631695
637800788	0.276429164
637800789	-0.09706672
637800790	-0.340166991
637800791	-0.269093714
637800792	-0.106085283
637800793	-0.035837815
637800794	0.382928899
637800795	0.06695001
637800796	-0.035313646
637800797	0.247344137
637800798	-0.083034091
637800799	0.00908179
637800800	0.364612413
637800801	0.078937937
637800802	-0.325736172
637800803	0.149860421
637800804	0.164038692
637800805	0.041899226
637800806	-0.747502058
637800807	-0.33611558
637800808	-0.203674911
637800809	-0.428589971
637800810	-0.079313184
637800811	0.126087342
637800812	-0.294275852
637800813	-0.380324189
637800814	-0.676792551
637800815	-0.088218234
637800816	-0.330826519
637800817	-0.363588121
637800818	0.029910166
637800819	-0.14388752
637800820	0.057051088
637800821	-0.179137876
637800822	-0.118668259
637800823	-0.239515903
637800824	-0.120541779
637800825	-0.099662617
637800826	-0.651336215
637800827	-0.006252561
637800828	-0.117635776
637800829	-0.064335485
637800830	-0.0128546
637800831	0.097782725
637800832	0.997763937
637800833	0.57629485
637800834	0.237679476
637800835	0.439728216
637800836	0.611407837
637800837	0.003163314
637800838	0.048276608
637800839	0.129222515
637800840	0.191540873
637800841	0.230382119
637800842	0.146730158
637800843	-0.143276462
637800844	-0.107535755
637800845	-0.38347614
637800846	0.075611528
637800847	0.121620918
637800848	0.005755132
637800849	-0.163691845
637800850	0.163546036
637800851	0.214169022
637800852	0.350066086
637800853	-0.034482248
637800854	0.145106028
637800855	0.119561168
637800856	-0.075772225
637800857	-0.109274363
637800858	-0.135755571
637800859	0.107259449
637800860	0.260352733
637800861	0.103655914
637800862	-0.029905648
637800863	0.103514111
637800864	0.010026974
637800865	-0.082013962
637800866	0.001271409
637800867	0.141949772
637800868	0.045421998
637800869	-0.091583884
637800870	-0.659610129
637800871	0.010149888
637800872	0.343583223
637800873	-0.10688974
637800874	-0.425319796
637800875	0.150138008
637800876	-0.091434686
637800877	0.076306538
637800878	0.175884508
637800879	0.059663356
637800880	-0.115510814
637800881	-0.147977592
637800882	0.056068176
637800883	0.135231026
637800884	0.084355583
637800885	0.059414666
637800886	0.289380943
637800887	-1.149818828
637800888	0.331088724
637800889	0.10811322
637800890	-0.142093182
637800891	-0.000813398
637800892	-0.163805846
637800893	0.34870148
637800894	-0.545710604
637800895	-0.542749988
637800896	-0.024218299
637800897	0.272145941
637800898	-2.076170912
637800899	-0.74067845
637800900	-0.638018766
637800901	-0.410785123
637800902	-0.113481433
637800903	-0.124425865
637800905	-0.11985048
637800906	-0.171386404
637800907	0.156822433
637800908	-0.407920441
637800909	0.089691157
637800910	0.96677104
637800911	-0.144695094
637800912	-0.684110822
637800913	-0.203954179
637800914	-0.893422497
637800915	-0.127575212
637800916	0.113900816
637800917	-0.134333952
637800918	-0.179989926
637800919	-0.035311484
637800920	-0.094952352
637800921	0.132436643
637800922	-0.192187326
637800923	0.129910399
637800924	-0.025024354
637800925	-0.606222046
637800926	0.132983206
637800927	0.1784695
637800928	-0.223437406
637800929	-0.002032731
637800930	-0.271236798
637800931	-0.095526889
637800932	-0.175626938
637800933	0.120114668
637800934	-0.063118901
637800935	0.068239519
637800936	-0.742701952
637800937	-0.305691825
637800938	0.186096995
637800939	0.031525536
637800940	-0.453378615
637800941	0.106188104
637800942	-0.000732274
637800943	0.046174207
637800944	0.085348528
637800945	-0.044505235
637800946	-0.749385251
637800947	0.380789077
637800948	0.366370406
637800949	0.097189975
637800950	-0.453304288
637800951	-0.211341257
637800952	-1.097553564
637800953	0.134453211
637800954	-0.014906597
637800955	0.291828014
637800956	0.161506882
637800957	0.179501828
637800958	-0.258682835
637800959	-0.131002067
637800960	0.387704748
637800961	0.074327962
637800962	-0.108121333
637800963	-0.352237846
637800964	0.015791646
637800965	-0.067577003
637800966	0.142088966
637800967	0.018358455
637800968	0.004485961
637800969	-0.121352204
637800970	-0.288652262
637800971	0.267758501
637800972	-0.018938561
637800973	0.274834214
637800974	-0.767453746
637800975	-0.114975672
637800976	0.070264499
637800978	-0.00445713
637800979	-0.345363557
637800980	0.032121667
637800981	-0.255496443
637800982	-0.076162645
637800983	0.146266555
637800984	-0.119060548
637800985	0.238632089
637800986	-0.081074917
637800987	-0.057349559
637800988	-0.608228037
637800989	-0.018823778
637800990	0.22932018
637800991	-0.387242681
637800992	0.166606761
637800993	0.176046602
637800994	-0.302181865
637800995	-0.168130286
637800996	-0.401486338
637800997	-0.314026114
637800998	0.122217627
637800999	-0.151915201
637801000	0.058192615
637801001	0.058164579
637801002	0.328427852
637801003	0.301882927
637801004	0.539874532
637801005	0.388396566
637801006	0.445985912
637801007	0.710414616
637801008	-0.133990758
637801009	0.244579759
637801010	0.12762407
637801011	-0.819845947
637801012	-0.105044267
637801013	-0.29209406
637801014	-0.182464707
637801015	-0.155864636
637801016	0.02502934
637801017	0.152768907
637801018	-0.240345902
637801019	-0.290535306
637801020	-0.332528
637801021	-0.181569257
637801022	-0.01824964
637801023	0.092149609
637801024	0.036511212
637801025	-0.169014926
637801029	-0.142046299
637801030	0.089153451
637801031	0.205332595
637801032	0.000488702
637801033	-0.105181797
637801034	0.062387151
637801035	0.0129107
637801036	-0.258675319
637801037	0.20554563
637801038	-0.180531022
637801040	0.15532265
637801041	-0.113822801
637801042	-0.077892958
637801043	-0.071805079
637801044	1.041200438
637801045	0.922884087
637801046	-0.037027211
637801047	-1.043805607
637801048	-0.245346227
637801049	-0.180011249
637801050	-0.789966484
637801051	-0.128251288
637801052	-0.015011647
637801053	-0.132162586
637801054	0.058536825
637801055	0.153589925
637801056	0.23056889
637801057	0.101022364
637801058	0.276528739
637801059	-0.237942828
637801060	-0.034464068
637801061	-0.471327572
637801062	-1.229807084
637801063	-0.108846704
637801064	-0.247695848
637801065	-0.051069953
637801066	-0.193175502
637801067	0.268782694
640711016	-0.446361538
640711017	0.079249809
640711018	-0.039157659
640711019	-0.176370296
640711020	-0.245100692
640711021	-0.370776896
640711022	-0.124583141
640711023	-0.859308054
640711024	0
640711025	0
640711026	0
640711027	0
640711028	0
640711029	-0.538614691
640711030	0.28987068
640711031	-0.913648428
640711032	-0.721049283
640711033	-0.887264227
640711034	-0.499926505
640711035	-0.374086056
640711036	-0.40694717
640711037	-0.615711658
640711038	-0.220729911
640711039	0.335064974
640711040	-0.124743118
640711041	-0.051573922
640711042	0.029597602
640711043	0.132630628
640711044	-1.000109841
640711045	-0.72801426
640711046	-0.154150972
640711047	-0.258815517
640711048	-0.204582834
640711049	-0.430230953
640711050	-0.251686229
640711051	-0.242673966
640711052	-0.243685814
640711053	0.020924301
640711054	-0.240049021
640711055	0.200401278
640711056	0.060103647
640711057	-0.255865073
640711058	-0.210976311
640711059	-0.022549936
640711060	0.027579193
640711061	-1.235205156
640711062	-0.312358589
640711063	-0.550124137
640711064	-0.237589496
640711065	-0.515158603
640711066	-2.205210875
640711067	0.128983362
640711068	-0.392896285
637798356	0.08714899
637798357	-0.070508373
637798358	-0.147283455
637798359	-0.132833177
637798360	-0.0665325
637798361	-0.028700281
637798362	0.112175196
637798363	0.152293042
637798364	-0.062842374
637798365	0.26496635
637798366	0.047093655
637798367	0.070164509
637798368	0.253305121
637798369	0.046508156
637798370	0.046154147
637798371	-0.104111734
637798372	0.07154493
637798373	0.057283479
637798374	0.095915322
637798375	-0.006451567
637798376	0.040280407
637798377	-0.135476174
637798378	0.067206195
637798379	-0.028444005
637798380	-0.083533724
637798381	0.00961565
637798382	0.447013856
637798383	0.605164232
637798384	0.198572007
637798385	0.150926411
637798386	0.135633307
637798387	-0.060918982
637798388	-0.051200807
637798389	0.059477027
637798390	0.00563647
637798391	-0.122244261
637798392	0.156269346
637798393	0.030043145
637798394	-0.041335516
637798395	-0.138074122
637798396	0.05654994
637798397	-0.008876445
637798398	0.617898222
637798399	0.260474714
637798400	-0.004895093
637798401	0.160744142
637798402	0.130980045
637798403	-0.06267464
637798404	-0.094460816
637798405	0.268727952
pANS_predictedORF_1	0.068968319
pANS_predictedORF_2	0.101791288
pANS_predictedORF_3	0.099770065
pANS_predictedORF_4	0.031950417
pANS_predictedORF_5	-0.022259538
pANS_predictedORF_6	-0.089182703
pANS_predictedORF_7	-0.062751301
pANS_predictedORF_8	0.022940588
