Reporter Identifier	VALUE
637798406	-0.022016313
637798407	-0.296542838
637798408	0.109851585
637798409	0.402841922
637798410	-0.311680851
637798411	-0.043057711
637798412	0.185781848
637798413	-0.094614651
637798414	0.176050642
637798415	0.12490343
637798416	-0.219380066
637798417	-0.301348838
637798418	-0.45254748
637798419	-0.22734244
637798420	0.047997233
637798421	-0.052126389
637798422	-0.154805201
637798423	-0.171654574
637798424	-0.655137593
637798425	-0.18281962
637798426	0.072369846
637798427	0.01338751
637798428	0.268744066
637798429	-0.255666145
637798430	-0.056945021
637798431	0.171429056
637798432	-0.000533023
637798433	0.569270259
637798434	-0.016597429
637798435	-0.105176062
637798436	0.033613585
637798437	-0.635644481
637798438	-0.722189387
637798439	-0.148998124
637798440	-0.36994371
637798441	0.054119145
637798442	0.102141179
637798443	0.098542417
637798444	-0.894934958
637798445	-0.250580612
637798446	-0.140989306
637798448	-0.185046459
637798449	-0.001211167
637798450	0.311055909
637798451	-0.176781661
637798452	-0.100073918
637798453	0.001172084
637798454	-0.544539281
637798455	-0.648749023
637798456	-0.381408235
637798457	-0.293818764
637798458	-0.287459176
637798459	-0.042781868
637798460	-0.280059854
637798461	-0.49639609
637798462	-0.270912192
637798463	-0.178375493
637798464	-0.126904158
637798465	-0.101435036
637798466	-0.156996005
637798467	-0.062014735
637798468	-0.202161795
637798469	-0.181495922
637798470	0.056717201
637798471	-0.363650982
637798472	-0.047267687
637798473	0.069844929
637798474	0.192724568
637798475	-0.431840286
637798476	-0.013242644
637798477	0.200460831
637798478	-0.033914659
637798479	-0.139238056
637798480	-0.103765077
637798481	0.099513593
637798482	-0.079359583
637798483	-0.008076046
637798484	-0.171879352
637798485	-0.179751095
637798486	0.189472517
637798487	-0.101728638
637798488	0.222430871
637798489	0.184189575
637798490	0.119858985
637798491	-0.441573255
637798492	-0.526239512
637798493	-0.10989052
637798494	-0.022059104
637798495	0.275753445
637798496	0.116840113
637798497	0.200813992
637798498	0.031085142
637798499	-0.09054315
637798500	0.010898101
637798501	-0.269990424
637798502	-0.388071864
637798503	-0.071296914
637798504	-0.180542746
637798505	-0.184554408
637798506	-0.854085229
637798507	-0.093532457
637798508	-0.175609736
637798509	0.043371796
637798510	0.006003698
637798511	0.005554574
637798512	0.057239116
637798513	-0.033062719
637798514	0.097905079
637798515	-0.243625532
637798516	0.174338395
637798517	-0.245904374
637798518	-0.000792458
637798519	0.256116614
637798520	0.068548073
637798521	0.096284767
637798522	0.120971673
637798523	-0.022228835
637798524	-0.112271153
637798525	0.236534093
637798526	0.559307059
637798527	-0.055220964
637798528	-0.093167867
637798529	-0.147690545
637798530	-0.006538632
637798531	-0.18081094
637798532	-0.003846443
637798533	0.541359279
637798534	0.061971694
637798535	-0.036867472
637798536	-0.399862118
637798537	0.069436873
637798538	0.153623874
637798539	0.044198221
637798540	0.117236352
637798541	-0.037771357
637798542	0.078726126
637798543	-0.2044661
637798544	0.009539344
637798545	-0.227152111
637798546	-0.079277804
637798547	-0.004729423
637798548	0.029497048
637798549	-0.252661773
637798550	0.217370886
637798551	0.569900001
637798552	0.221679778
637798553	-0.13594134
637798554	-0.258876179
637798555	0.091322324
637798556	0.062028972
637798557	-0.024226965
637798558	-0.104919027
637798559	0.022269854
637798560	-0.008963872
637798561	0.166066527
637798562	0.092398323
637798563	-0.800702872
637798564	-0.09342347
637798565	0.000668912
637798566	-0.144696353
637798567	0.254894711
637798568	-0.132194821
637798569	-0.130627853
637798570	-0.401321718
637798571	-0.378461076
637798572	-0.167297887
637798573	0.26848058
637798574	0.084816484
637798575	0.237821429
637798576	-0.198022843
637798577	-0.037603333
637798578	0.056358427
637798579	0.074361936
637798580	0.005521398
637798581	0.03530988
637798582	-0.204530656
637798583	0.183435423
637798584	0.185421696
637798585	0.052828656
637798586	-0.445360249
637798587	-0.637296992
637798588	-0.132553632
637798589	-0.372136776
637798590	-0.189058954
637798591	0.054630958
637798592	-0.016132191
637798593	0.11162334
637798594	0.132114568
637798595	0.033856505
637798596	0.030370491
637798597	0.289957469
637798598	-0.274291203
637798599	-0.151775739
637798600	-0.039313928
637798601	-0.125841497
637798602	0.028009894
637798603	0.24927259
637798604	-0.457149762
637798605	-0.488214246
637798606	-0.579979621
637798607	-0.322357808
637798608	-0.547485839
637798609	0.302281181
637798610	0.006084949
637798611	-0.033157917
637798612	-0.170707999
637798613	-0.253872809
637798614	-0.101305525
637798615	0.019143665
637798616	-0.129326571
637798617	-0.091868075
637798618	-0.111186677
637798619	-0.098173185
637798620	0.197961067
637798621	-0.457939076
637798622	-0.155369673
637798623	0.451616842
637798624	0.143624536
637798625	-0.107505469
637798626	0.005140551
637798627	0.186377106
637798628	0.014075147
637798629	0.069135838
637798630	0.025649283
637798631	-0.42918451
637798632	0.107733685
637798633	0.314793157
637798634	-0.101758198
637798635	-0.236763679
637798636	-0.033436179
637798637	-0.073722106
637798638	0.041648716
637798639	-0.466029003
637798640	0.178479033
637798641	0.012628206
637798642	-0.318819606
637798643	0.080330837
637798644	0.129313541
637798645	0.202884628
637798646	0.015610286
637798647	0.093308078
637798648	0.040656519
637798649	0.239139549
637798650	-1.106735617
637798651	-1.393125323
637798652	0.270398992
637798653	0.115689993
637798654	0.182866051
637798655	0.067173778
637798656	-0.051038286
637798657	-0.095548388
637798658	-0.42578643
637798659	-0.07689618
637798660	0.161403478
637798661	-0.140125902
637798662	-0.264961395
637798663	0.034480481
637798664	0.257449803
637798665	-0.084764431
637798666	0.027240226
637798667	0.109392776
637798668	-0.108383388
637798669	-0.044220773
637798670	-0.049745867
637798671	-0.053135888
637798672	0.024049229
637798673	-0.170476374
637798674	0.208797761
637798675	-0.391546195
637798676	0.33067076
637798677	0.2579562
637798678	0.134781117
637798679	0.015334365
637798680	-0.134447284
637798681	-0.19503943
637798682	-0.175793968
637798683	0.076385936
637798684	-0.543696691
637798685	-0.522050721
637798686	-0.024068168
637798687	-0.034698664
637798688	-0.237130965
637798689	-0.070844437
637798690	0.275198539
637798691	0.003478148
637798692	-0.056682802
637798693	0.08835405
637798694	0.366807667
637798695	-0.142847211
637798696	-0.106683943
637798697	-0.37163711
637798698	0.056500918
637798699	0.06261412
637798700	-0.20215535
637798701	0.325995937
637798702	0.322001517
637798703	-0.0562297
637798704	-0.012847265
637798705	0.228157261
637798706	0.252869108
637798707	-0.013468432
637798708	-0.614770955
637798709	-0.108176697
637798710	-1.354787896
637798711	-0.622021624
637798712	-0.154930925
637798713	-0.122862926
637798714	-0.176132395
637798715	-0.044788593
637798716	-0.045099435
637798717	-0.232143055
637798718	-0.596882872
637798719	-0.020271679
637798720	-0.018524044
637798721	-0.071574548
637798722	-0.689697039
637798723	-0.103920751
637798724	0.136433274
637798725	0.210982129
637798726	0.158822697
637798727	0.030265715
637798728	0.088488532
637798729	0.107987415
637798730	0.036084205
637798731	0.081953826
637798732	-0.087614372
637798733	0.08353063
637798734	0.106276786
637798735	0.074591435
637798736	0.039572847
637798737	0.489382048
637798738	0.134120739
637798739	0.330066086
637798740	0.129642885
637798741	0.248631395
637798742	0.201255081
637798743	0.231373151
637798744	0.07981479
637798745	0.066776572
637798746	0.114943108
637798747	-0.022767233
637798748	-0.035620812
637798749	-0.249708964
637798750	-0.226819045
637798751	0.005623785
637798752	-0.096689851
637798753	-0.155611513
637798754	-0.274328183
637798755	-0.033499765
637798756	0.152502375
637798757	-0.00364824
637798758	-0.110312522
637798759	-0.098472998
637798760	-0.200591561
637798761	-0.30437134
637798762	-0.21541384
637798763	0.123463969
637798764	-0.059853102
637798765	0.41729302
637798766	0.12073548
637798767	-0.100211427
637798768	0.254578775
637798769	0.054816519
637798770	0.72208596
637798771	0.378801059
637798772	-0.029299612
637798773	0.224724435
637798774	0.01599031
637798775	-0.586468176
637798776	-0.709186052
637798777	-0.570436692
637798778	-0.199347531
637798779	-0.279371404
637798780	-0.102177261
637798781	0.302603795
637798782	0.390743448
637798783	0.240056264
637798784	-0.508493632
637798785	-0.190851979
637798786	-0.059791345
637798787	-0.346073491
637798788	-0.381292349
637798789	-0.788584463
637798790	-0.246879294
637798791	0.067973222
637798792	0.134088871
637798793	0.050898219
637798794	0.172513785
637798795	0.020419942
637798796	-0.015967516
637798797	-0.760121427
637798798	0.195837693
637798799	0.190777175
637798800	-0.289145906
637798801	-0.08469954
637798802	0.353126358
637798803	0.137353241
637798804	0.106570622
637798805	0.255955523
637798806	-0.244219037
637798807	-0.016840125
637798808	0.206105273
637798809	-0.088370644
637798810	-0.436127475
637798811	0.123733326
637798812	0.085818035
637798813	0.018416219
637798814	-0.016566555
637798815	-0.324665687
637798816	-0.280979182
637798817	0.237893829
637798818	0.11541325
637798819	0.052037223
637798820	-0.025255104
637798821	0.097514739
637798822	-0.305044234
637798823	-0.076240461
637798824	-0.71333713
637798825	-0.254361688
637798826	-0.173120417
637798827	-0.475871328
637798828	-0.717074951
637798829	-0.736080279
637798830	-0.536889138
637798831	-0.109309137
637798832	-0.018435147
637798833	0.191736691
637798834	-0.158312697
637798835	-0.111191797
637798836	-0.040435105
637798837	0.058976956
637798838	-0.053368447
637798839	-0.158454534
637798840	0.144397898
637798841	0.006810376
637798842	0.133109428
637798843	-0.119325022
637798844	-0.131719975
637798845	0.159530141
637798846	-0.006974956
637798847	0.243670464
637798848	0.182828281
637798849	-0.170071677
637798850	0.186161766
637798851	0.260656656
637798852	-0.26790643
637798853	-0.192722872
637798854	-0.076892293
637798855	-0.002731176
637798856	-0.001348231
637798857	-0.084705154
637798858	-0.326540966
637798860	0.225771364
637798861	-0.044504411
637798862	0.044252843
637798863	-0.336198825
637798864	-0.340936704
637798865	-0.214796644
637798866	0.062042763
637798867	0.000484789
637798868	0.055634748
637798869	-0.078987689
637798870	0.032769269
637798871	0.05003999
637798872	0.148448997
637798873	0.457104275
637798874	-0.079700789
637798875	-0.155120073
637798876	0.346943819
637798877	-0.050780509
637798878	0.276977548
637798879	-0.023415758
637798880	0.202516829
637798881	-0.143457374
637798882	0.393285337
637798883	-0.575318049
637798884	-0.45717193
637798885	0.133782324
637798886	0.021773725
637798887	-0.259943813
637798888	-0.16923371
637798889	0.082988518
637798890	0.213012494
637798891	0.374840062
637798892	0.260132096
637798893	0.066384966
637798894	-0.150832556
637798895	-0.039987984
637798896	0.182311283
637798897	-0.347827167
637798898	-0.779473853
637798899	0.141207651
637798900	-0.565978386
637798901	0.084803595
637798902	-0.346466765
637798903	0.127496441
637798904	0.329039707
637798905	-0.148426802
637798906	-0.744570044
637798907	-0.238280673
637798908	-0.059117083
637798909	0.032733304
637798910	0.000803882
637798911	0.194380937
637798912	0.067471701
637798913	-0.021983906
637798914	-0.063471883
637798915	0.22066483
637798916	-0.147527244
637798917	0.166426625
637798918	0.079700959
637798919	-0.001836569
637798920	0.049537822
637798921	-0.068941711
637798922	0.010088788
637798923	0.078122685
637798924	0.239439521
637798926	0.275930578
637798927	0.08355339
637798928	0.119606627
637798929	0.01184053
637798930	-0.08782355
637798931	0.062811969
637798932	-0.236297926
637798933	0.056999764
637798934	0.081441198
637798935	-0.887801856
637798936	0.038693586
637798937	-0.242525134
637798938	-0.04952403
637798939	0.038643358
637798940	-0.071354103
637798941	-0.045649929
637798942	-0.007275199
637798943	-0.228598844
637798944	-0.145876157
637798945	-0.109893292
637798946	0.047337369
637798947	0.147986415
637798948	0.034462551
637798949	0.265427673
637798950	0.045675013
637798951	0.016474016
637798952	0.399927576
637798953	0.248435398
637798954	-0.109731004
637798955	-0.159335319
637798956	0.14503106
637798957	0.156843969
637798958	-0.118502712
637798959	-0.355145297
637798960	0.381815482
637798961	0.154891244
637798962	0.002368614
637798963	-0.115093892
637798964	-1.219870857
637798965	-0.629160145
637798966	-0.389296154
637798967	-0.089758175
637798968	-0.213622113
637798969	0.099024331
637798970	0.00309452
637798971	-0.029201587
637798972	-0.13604807
637798973	-0.085064009
637798974	0.076937445
637798975	-0.212777058
637798976	-0.029570341
637798977	-0.046909814
637798978	0.064521581
637798979	-0.164455172
637798980	-0.221611841
637798981	-0.77747537
637798982	-0.013440285
637798983	-0.287154043
637798984	0.143332503
637798985	-0.110604357
637798986	-0.182082742
637798987	-0.030311382
637798988	0.180740721
637798989	-0.467580108
637798990	-0.059796328
637798991	0.00955523
637798992	0.238883153
637798993	0.094777706
637798994	-0.072021304
637798998	-0.016700757
637798999	-0.043881691
637799000	-0.155898185
637799001	-0.105726019
637799002	-0.24652882
637799003	0.026012357
637799004	0.267267703
637799005	0.027357555
637799006	-0.385341391
637799007	0.167832997
637799008	-0.049724065
637799009	0.268663118
637799010	-1.000689237
637799011	-0.083619755
637799012	-0.256685132
637799013	-0.14481414
637799014	0.23723144
637799015	-0.000520165
637799016	-0.007490321
637799017	0.135437936
637799018	0.003380623
637799019	-0.085828041
637799020	0.098255818
637799021	0.249669329
637799022	-0.017434665
637799023	0.16877668
637799024	0.121556596
637799025	0.249712697
637799026	0.086518981
637799027	0.108141288
637799028	-0.069086559
637799029	0.023182107
637799030	0.008528712
637799031	-0.018853895
637799032	0.030578403
637799033	-0.039232404
637799035	0.041569053
637799036	0.090989529
637799037	-0.303611827
637799038	0.022836016
637799039	-0.011687651
637799040	0.028195224
637799041	0.612456853
637799042	0.18296415
637799043	0.00499061
637799044	-0.048515574
637799045	-0.160933439
637799046	-0.453128845
637799047	-0.126010156
637799048	-0.185863986
637799049	0.051440242
637799050	0.028348341
637799051	0.443902471
637799052	0.061264538
637799053	-0.018674671
637799054	0.085361299
637799055	-0.056021666
637799056	-0.707681157
637799057	0.062254853
637799058	-0.090436972
637799059	-0.621938213
637799060	-0.796613003
637799061	-0.388296677
637799062	-0.04067077
637799063	-0.059464354
637799064	0.302359603
637799065	-0.129802922
637799066	-0.064959078
637799067	-0.045857203
637799068	0.068362512
637799069	-0.057786812
637799070	-0.116718262
637799071	-0.048272734
637799072	-0.127631664
637799073	0.07123875
637799074	-0.397625596
637799075	0.155649836
637799076	-0.051920297
637799077	0.40521311
637799078	-0.105108888
637799079	-0.350998643
637799080	-0.653508899
637799081	0.001184727
637799082	-0.180250713
637799083	-0.10935282
637799084	0.529080016
637799085	-0.011567874
637799086	0.141949436
637799087	0.09270782
637799088	-0.022931827
637799089	-0.639886849
637799090	0.18365743
637799091	-0.484535351
637799092	-0.773787077
637799093	-0.085171202
637799094	-0.070559473
637799095	0.000469092
637799096	-0.318665587
637799097	-0.284255815
637799098	-0.360977827
637799099	-0.163540587
637799100	-0.136750807
637799101	0.085400264
637799102	-0.388510863
637799103	0.109834151
637799104	-0.064557883
637799105	-0.089313723
637799106	-0.325942509
637799107	-0.135005239
637799108	0.182752191
637799109	0.188879815
637799110	0.114697159
637799111	-0.567920091
637799112	-0.045525691
637799113	-0.300919246
637799114	-0.017341798
637799115	-0.797225553
637799116	-0.599070125
637799117	-0.409961852
637799118	0.010653745
637799119	-0.03320726
637799121	-0.113104251
637799122	-0.034877299
637799123	0.229757099
637799124	0.146087545
637799125	-0.070089428
637799126	0.122777684
637799127	0.030731005
637799128	0.187653317
637799129	0.297329023
637799130	-0.128623466
637799131	-0.255648233
637799132	0.136560477
637799133	-0.208270758
637799134	-0.060080614
637799135	-0.088434681
637799136	0.234367242
637799137	-0.070606387
637799138	0.025558386
637799139	0.194184007
637799140	-0.19707937
637799141	-0.17937423
637799142	-0.000643499
637799143	-0.054290216
637799144	0.049832424
637799146	-0.055729636
637799147	-0.066518123
637799148	0.203371284
637799149	0.291378108
637799150	0.243349919
637799151	0.198503615
637799152	0.205484896
637799153	0.08309177
637799154	0.119285457
637799155	0.024468101
637799157	-0.170880679
637799158	-0.052598805
637799159	0.003763134
637799160	0.07304845
637799161	0.034895313
637799162	-0.01229522
637799163	0.421268752
637799164	0.141718815
637799165	-0.030112044
637799166	-0.156326728
637799167	-0.101534062
637799168	-0.157529103
637799169	0.0859162
637799170	-0.30485441
637799171	-0.309856017
637799172	-0.24112188
637799173	-0.354922567
637799174	-0.447989412
637799175	-0.313819979
637799176	-0.544616551
637799177	-0.345424367
637799178	-0.084776746
637799179	-0.158016017
637799180	0.012001262
637799181	-0.056638338
637799182	-0.096259656
637799184	-0.552598996
637799185	-0.446781537
637799186	-0.336949818
637799187	0.24304302
637799188	0.110161356
637799189	-0.018863068
637799190	-0.111580961
637799191	-0.031504414
637799192	0.092816298
637799193	0.158522863
637799194	0.062351209
637799195	-0.188696326
637799196	-0.379421617
637799197	-0.227957669
637799198	-0.064997961
637799199	0.012590524
637799200	0.020867171
637799201	-0.193922745
637799202	0.251303627
637799203	0.01882564
637799204	0.145677108
637799205	0.129653349
637799206	-0.243265523
637799207	0.120158756
637799208	0.00375027
637799209	-0.280900806
637799210	-0.252467674
637799211	0.1916282
637799212	-0.28966254
637799213	-0.977004315
637799214	-0.091777444
637799215	-0.213199212
637799216	0.261611977
637799217	0.116765053
637799218	0.044482175
637799220	-0.041316219
637799221	0.014025836
637799222	0.040482085
637799223	0.096761081
637799224	-0.544223683
637799225	0.133443439
637799226	0.101705458
637799227	0.089711578
637799228	0.324321474
637799229	-0.08576975
637799230	-0.162950125
637799231	-0.037479211
637799232	-0.033041441
637799233	-0.049378663
637799234	-0.209237103
637799235	0.116777389
637799236	0.066314845
637799237	-0.11269814
637799238	-0.015366373
637799239	0.055135599
637799240	-0.077822614
637799241	-0.059596657
637799242	-0.056722899
637799243	0.015773496
637799244	-0.185403412
637799245	-0.285795671
637799246	-0.173887458
637799247	-0.076694105
637799248	-0.002807828
637799249	0.035618631
637799250	-2.849712825
637799251	0.150478048
637799252	-0.025715884
637799253	0.349865855
637799254	0.423603471
637799255	0.522780212
637799256	0.530077694
637799257	0.32927833
637799258	0.058003526
637799259	-0.165735588
637799260	-0.110196985
637799261	-0.181728535
637799262	-0.150110245
637799263	-0.267554838
637799264	0.173260608
637799265	0.008035442
637799266	-0.038401735
637799267	-0.126101081
637799268	0.308482891
637799270	-0.088761566
637799271	0.176979073
637799272	0.174396867
637799273	0.052500036
637799274	0.193764576
637799275	0.061657291
637799276	-0.095333435
637799277	-0.484138087
637799278	-0.645551315
637799279	0.120142439
637799280	0.107894935
637799281	0.088543341
637799282	0.005680584
637799283	-0.012441411
637799284	0.175492435
637799285	0.049611505
637799286	-0.277100596
637799287	-0.464774534
637799288	0.117570435
637799289	-0.157528478
637799290	-0.111752038
637799291	0.031345286
637799292	0.09808608
637799293	0.027304644
637799294	-0.219510986
637799295	0.18956791
637799296	0.239264292
637799297	0.309607271
637799298	0.207339609
637799299	-0.239517144
637799300	0.076689368
637799301	-0.284321439
637799302	-0.228764668
637799303	-0.479421302
637799304	-0.071256853
637799305	-0.015776416
637799307	0.00985697
637799308	-0.66933863
637799309	0.2084359
637799310	-0.376858499
637799311	0.098523342
637799312	0.064147009
637799313	0.094104139
637799314	-0.22008597
637799315	-0.095218667
637799316	0.010367023
637799317	-0.256183505
637799318	0.558969783
637799319	-0.03976233
637799320	0.293757937
637799321	-0.290410616
637799322	0.54644656
637799323	0.04714757
637799324	-0.150089704
637799325	0.220403972
637799326	-0.11736495
637799327	-0.26150798
637799328	0.026957749
637799329	0.148063979
637799330	-0.134345715
637799331	-0.074862626
637799332	-0.334484339
637799333	-0.339735095
637799334	0.049198634
637799335	-0.037632248
637799336	-0.373717079
637799337	-0.225138616
637799338	-0.002171943
637799339	-0.054180203
637799340	0.159606483
637799341	-0.138523678
637799343	0.093647721
637799344	0.240362974
637799345	-0.033689736
637799346	0.353500552
637799347	0.186985243
637799348	-0.012453849
637799349	0.10296606
637799350	0.096067947
637799351	0.290693407
637799352	0.023970942
637799353	-0.155916773
637799354	-0.094886568
637799355	-0.048209089
637799356	-0.105138273
637799357	0.231719725
637799358	-0.21062747
637799359	0.380025325
637799360	-0.03901736
637799361	0.203718805
637799362	-0.001165809
637799363	-0.05469818
637799364	0.15005291
637799366	-0.213772742
637799367	-0.181673408
637799368	0.502354631
637799369	-0.10200811
637799370	0.1439819
637799371	-0.172916422
637799372	-0.116385375
637799373	0.147503534
637799374	-0.079133408
637799375	-0.082204435
637799376	-0.154436811
637799377	0.101650579
637799378	0.128632732
637799379	0.106265647
637799380	0.185894359
637799381	-0.113504474
637799382	-0.264439593
637799383	-0.016602585
637799384	0.141401036
637799385	-0.108741363
637799386	0.332188192
637799387	0.628738365
637799388	0.129139517
637799389	0.107049203
637799390	-0.307577928
637799391	0.136726477
637799392	-0.04032454
637799393	-0.225959628
637799394	-0.039727629
637799395	-0.138827247
637799396	0.000587748
637799397	0.003121205
637799398	-0.00938467
637799399	0.05382901
637799400	0.18460724
637799401	-0.102974853
637799402	-0.129823672
637799403	-0.028294811
637799404	-0.035439915
637799405	0.219212175
637799406	-0.279271929
637799407	-0.509038551
637799408	-0.78123801
637799409	-0.203894221
637799410	0.133112765
637799411	-0.111097022
637799412	0.152133022
637799413	0.193015097
637799414	0.181330009
637799415	-0.101599433
637799416	-0.397354439
637799417	-0.249566526
637799418	0.057230765
637799419	-0.016729864
637799420	-0.022241079
637799422	-0.311881869
637799423	-0.053973881
637799424	0.048984311
637799425	0.223897943
637799426	0.142188972
637799427	-0.054592002
637799428	-0.033040281
637799429	0.191942999
637799430	-0.039228199
637799431	0.070577396
637799432	0.438517494
637799433	-0.02823299
637799434	0.058170407
637799435	0.059757812
637799436	0.129709881
637799437	-0.023528184
637799438	-0.054031839
637799439	-0.176106277
637799440	-0.004656368
637799441	0.113492947
637799442	0.12509274
637799443	0.209460151
637799444	-0.004363396
637799445	0.213538691
637799448	-0.071761196
637799449	-0.590359741
637799450	0.315294253
637799451	0.146337926
637799452	-0.124543845
637799453	-0.382982923
637799454	-0.054253313
637799455	0.056575244
637799456	0.148811435
637799457	0.074696515
637799458	0.045629693
637799459	-0.031153344
637799460	-0.010282926
637799461	0.458210408
637799462	-0.526692186
637799463	0.050989386
637799464	-0.132040021
637799465	0.014492714
637799466	-0.192215499
637799467	0.029993646
637799468	0.036065157
637799469	0
637799470	0
637799471	-0.05515421
637799472	-0.144099421
637799473	-0.241381458
637799474	-0.321750311
637799475	-0.467741483
637799476	0.021403328
637799477	-0.058092464
637799478	-0.249531629
637799479	-0.102616829
637799480	-0.227514916
637799481	-0.25589927
637799482	-0.138799687
637799483	-0.212735463
637799484	-0.299360729
637799485	-0.24569773
637799486	-0.623925661
637799489	-0.309734768
637799490	-0.368738571
637799491	-0.082020357
637799492	0.18133622
637799493	0.021528675
637799494	-0.068952147
637799495	0.03646971
637799497	0.237626902
637799498	-0.024968513
637799499	-0.288653064
637799500	0.041711621
637799501	-0.231705323
637799502	-0.0106412
637799503	-0.239559288
637799504	-0.321867745
637799505	-0.005605029
637799506	0.042865358
637799508	-0.210866341
637799509	0.274263403
637799510	-0.02839059
637799511	0.368233952
637799512	0.04979357
637799513	0.043810254
637799514	0.097914704
637799515	-0.11779984
637799516	0.12965321
637799517	-0.249187516
637799518	-0.351803174
637799519	-0.148495058
637799520	-0.336435815
637799521	-0.483254518
637799522	-0.210585756
637799523	-0.086567231
637799524	0.045702615
637799525	0.264827125
637799526	0.056218268
637799527	0.016228928
637799528	-0.199930945
637799529	0.217647815
637799530	0.138609469
637799531	-0.026835973
637799532	0.09251145
637799533	-0.021538288
637799534	-0.158433216
637799535	-0.011986316
637799536	-0.4101381
637799537	-0.16347642
637799538	-0.003185335
637799539	0.050033652
637799540	0.033801958
637799541	-0.102034389
637799542	-0.287125145
637799543	-0.271232137
637799544	-0.178104445
637799545	-0.018385913
637799546	1.3079194
637799547	-0.060555798
637799548	-0.350209888
637799549	-0.214348524
637799550	-0.190264335
637799551	-0.336774297
637799552	0.114463089
637799553	-0.275572911
637799554	0.111832233
637799555	0.235694346
637799556	0.128463742
637799557	-0.102889328
637799558	-0.092562863
637799559	-0.254755316
637799560	-0.540886563
637799561	0.042739725
637799562	0.105453725
637799563	-0.053144836
637799564	-0.028789405
637799565	-0.233775806
637799566	-0.041432097
637799567	-0.031127372
637799568	0.081459991
637799569	0.180372937
637799570	0.351482174
637799571	-0.348731351
637799572	-0.400717888
637799573	-0.056103322
637799574	-0.439830313
637799575	-0.166101439
637799576	-0.663353213
637799577	-0.019530542
637799578	-0.424463868
637799579	-0.240479202
637799580	0.306528219
637799581	0.05612938
637799582	-0.837443271
637799583	-0.997538797
637799584	-0.312715862
637799585	-0.00973773
637799586	-0.038351306
637799587	0.030099693
637799588	0.094043218
637799589	-0.23332756
637799590	-0.99127929
637799591	-0.009546526
637799592	-0.06529482
637799594	-0.107473996
637799595	-0.003153452
637799596	-0.014441794
637799597	0.007915635
637799598	0.020058101
637799599	-0.013206088
637799600	0.004029913
637799601	0.0890934
637799602	-0.085510191
637799603	0.058974574
637799604	0.20808239
637799605	-0.137455802
637799606	-0.354353615
637799607	-0.254490634
637799608	-0.042773751
637799609	-0.257578735
637799610	0.328409575
637799611	-0.149369975
637799612	-0.293273345
637799613	0.141206443
637799614	-0.024311193
637799615	0.167064968
637799616	0.045198799
637799617	0.138481389
637799618	0.215746258
637799619	0.318684727
637799620	0.143670516
637799621	0.123007487
637799622	-0.133150765
637799623	-0.006497899
637799624	0.077521156
637799625	0.316280722
637799626	0.026987816
637799627	-0.043829195
637799628	0.151808117
637799629	0.296907011
637799630	0.1061428
637799631	-0.206673938
637799632	0.008433654
637799634	-0.134237713
637799635	-0.277991881
637799636	-0.530501302
637799637	-0.55504074
637799638	-0.267466245
637799639	-0.231185305
637799640	-0.140161316
637799641	0.087256846
637799643	0.23613652
637799644	0.002937573
637799645	-0.966110366
637799646	-1.086533168
637799647	-0.249003214
637799648	-0.35657106
637799649	-0.299892972
637799650	-0.17388984
637799651	-0.100878067
637799652	0.112550856
637799653	0.078426477
637799654	-0.096035969
637799655	-0.107444042
637799656	-0.579489964
637799657	0.131915887
637799658	-0.061387047
637799659	0.129489656
637799660	-0.140419112
637799661	0.127300595
637799662	-0.100617418
637799663	-0.700328075
637799664	-0.286506677
637799665	-0.120599748
637799666	0.66235933
637799667	0.788617803
637799668	0.50287236
637799669	0.244931205
637799670	-0.252356724
637799671	0.197793547
637799672	0.02352283
637799673	0.093161182
637799674	0.050503873
637799675	0.053067952
637799676	0.211028649
637799677	0.069558877
637799678	-0.175255334
637799679	-0.036374047
637799680	-0.082388741
637799681	0.198405454
637799682	-0.172022074
637799683	0.25692818
637799684	0.135824861
637799685	0.035726294
637799687	-0.006763197
637799688	-0.060331628
637799689	-0.12227804
637799690	-0.100919301
637799691	0.036341697
637799692	-0.205131556
637799693	0.006004397
637799694	0.058391
637799695	0.098051453
637799696	0.280031415
637799697	0.305862194
637799698	0.313289216
637799699	0.297407028
637799700	0.028889995
637799701	0.22335663
637799702	0.150830307
637799703	0.077188139
637799704	0.067329226
637799705	-0.204449089
637799706	-0.137251589
637799707	-0.079496372
637799708	-0.016260292
637799709	-0.114264118
637799710	-0.186539011
637799711	-0.116598856
637799712	-0.054690321
637799713	0.04828166
637799714	0.054174626
637799715	0.1970137
637799716	-0.122937956
637799717	-0.3916867
637799718	-0.143767149
637799719	0.328020746
637799720	-0.814341812
637799721	0.081496726
637799722	-0.171768506
637799723	0.401974276
637799724	-0.023288459
637799725	-0.363008377
637799726	-0.038314804
637799727	0.059374089
637799728	-0.336913656
637799729	-0.316586348
637799730	-0.107832538
637799731	-0.321648707
637799732	-0.017084293
637799733	0.343670475
637799734	0.288795935
637799735	-0.00595979
637799737	0.309217525
637799738	-0.072696718
637799739	0.131040041
637799740	0.156765347
637799741	-0.018087996
637799742	0.051464396
637799743	0.147123436
637799744	0.072428789
637799745	-0.278173909
637799746	0.030510946
637799747	0.057464627
637799748	-0.347860809
637799749	0.152866881
637799750	0.039751793
637799751	0.038386313
637799752	0.489928278
637799753	-0.143205636
637799754	0.126979514
637799755	0.105459749
637799756	-0.168363819
637799757	0.131641179
637799758	-0.336207224
637799759	-0.021395928
637799760	0.019354624
637799761	-0.028821514
637799762	-0.180855159
637799763	-0.177072391
637799764	0.001072079
637799765	-0.120261152
637799766	-0.014231249
637799767	-0.462014346
637799768	-0.266848147
637799769	-0.029217149
637799770	0.214669409
637799771	0.009278149
637799772	0.238343996
637799773	-0.107440564
637799774	0.136173782
637799775	-0.173301647
637799776	0.132492591
637799777	-0.128200387
637799778	-0.194451077
637799779	-0.111276314
637799780	0.168750936
637799781	-0.081277617
637799782	0.120373828
637799783	0.121735056
637799784	-0.075923158
637799785	-0.607141107
637799786	-0.236460697
637799787	-0.01663682
637799788	-0.197324174
637799789	-0.091950626
637799790	0.005462901
637799791	0.150426097
637799793	-0.103184354
637799794	-0.026306866
637799795	-0.034707336
637799796	0.116024981
637799797	-0.082229225
637799798	0.012719026
637799799	0.139405618
637799800	0.294052978
637799801	0.1492753
637799802	-0.081238567
637799803	0.049212874
637799804	-0.354860668
637799805	-0.073820384
637799806	-0.020971278
637799807	0.131380462
637799808	0.340355259
637799809	-0.319321966
637799810	0.048148404
637799811	-0.078523333
637799812	-0.282848204
637799813	-0.163060437
637799814	-0.363662329
637799815	0.263686848
637799816	-0.140659828
637799817	-0.125134196
637799818	-0.085100063
637799819	-0.019845683
637799820	-0.131670299
637799821	-0.307468985
637799822	-0.166125783
637799823	-0.416066673
637799824	-0.021151646
637799825	-0.254931749
637799826	-0.082190482
637799827	-0.03709502
637799828	-0.733296395
637799829	-0.605318051
637799830	-0.20267559
637799831	-0.122736495
637799832	-0.055277897
637799833	-0.134853623
637799834	-0.693609897
637799835	-0.022727366
637799836	0.057415569
637799837	-0.003550154
637799838	-0.106870552
637799839	-0.158555299
637799840	-0.181723771
637799841	-0.107912111
637799842	0.002060535
637799843	-0.396278848
637799844	-0.515217666
637799845	-0.101603308
637799846	0.028755084
637799847	0.135491021
637799848	-0.321729248
637799849	-0.053789546
637799850	-0.006841181
637799851	-0.699388514
637799852	-0.699453154
637799853	0.165131483
637799854	0.644448049
637799855	0.420619426
637799856	0.210150867
637799857	-0.034675008
637799858	0.651733009
637799859	0.33896638
637799860	0.210188154
637799861	-0.104959317
637799862	-0.15119693
637799863	-0.251041975
637799864	-0.203764407
637799865	-0.005416538
637799866	-0.030904179
637799867	-0.064004954
637799868	0.026745266
637799869	-0.296892424
637799870	0.004497617
637799871	-0.060581938
637799872	0.113680577
637799873	-0.194933525
637799874	0.098792352
637799875	0.026959524
637799876	0.22875111
637799877	-0.431013711
637799878	-0.525781236
637799879	0.302895809
637799880	-0.122647955
637799881	0.057368938
637799882	0.005689052
637799883	-0.259281748
637799884	0.015558596
637799885	-0.102459637
637799886	0.144324707
637799887	0.020636071
637799888	0.11504966
637799889	0.126392558
637799890	-0.02046731
637799891	-0.254625598
637799892	-0.369807368
637799893	0.141735146
637799894	0.073558925
637799895	-0.025664438
637799896	-0.215887004
637799897	-0.285228355
637799898	-0.266105705
637799899	-0.208295808
637799900	-0.093284922
637799901	-0.091353867
637799902	-0.059969195
637799903	-0.065318052
637799904	-0.2096131
637799905	-0.041569661
637799906	0.114526278
637799907	0.203205211
637799908	-0.035109494
637799909	0.244274968
637799910	-0.04752096
637799911	-0.328719851
637799912	0.227057133
637799913	0.251656845
637799914	-0.010393781
637799915	0.183821006
637799916	0.191833515
637799917	0.133835426
637799918	0.096244121
637799919	-0.026272652
637799921	-0.028733961
637799922	-0.097861987
637799923	-0.05389813
637799924	-0.00160181
637799925	0.232387851
637799926	0.183678411
637799927	0.007873815
637799928	-0.097483099
637799929	-0.221885206
637799930	-0.192343659
637799931	-0.030913849
637799932	-0.66716756
637799933	-0.100185774
637799934	-0.353315596
637799935	0.12126889
637799936	-0.126397309
637799937	-0.33403081
637799938	-0.069555124
637799939	-0.60083659
637799940	0.171462504
637799941	0.257239612
637799942	-0.124717566
637799943	0.057178653
637799944	0.148520683
637799945	0.230691285
637799946	0.248365558
637799947	0.165593601
637799948	-0.123081348
637799949	-0.128343076
637799950	-0.143685067
637799951	-0.007445251
637799952	0.162980604
637799953	-0.339414821
637799954	-0.209046205
637799955	-0.25621476
637799956	-0.362944989
637799957	-0.127438967
637799958	0.176319401
637799959	0.271997336
637799960	0.117833266
637799961	-0.082727524
637799962	0.153313031
637799963	0.008437966
637799964	0.032775031
637799965	-0.060141165
637799966	-0.176029029
637799967	-0.093056468
637799968	0.08211248
637799969	0.003280563
637799970	-0.061437173
637799971	0.027181179
637799972	-0.411644067
637799973	-0.347182047
637799974	-0.13885671
637799975	-0.010404802
637799976	-0.240031495
637799977	-0.198718982
637799978	-0.083843589
637799979	0.019112403
637799980	-0.235626289
637799981	0.85184043
637799982	0.096914124
637799983	-0.139017634
637799984	-0.389345777
637799985	0.015551361
637799986	-0.135824167
637799987	-0.147023503
637799988	0.054170848
637799989	-0.873915351
637799990	-0.677241454
637799991	-0.079009363
637799992	-0.137201132
637799993	-0.284083206
637799994	-0.50675457
637799995	-0.396795292
637799996	-0.203047124
637799997	0.097955309
637799998	0.243290708
637799999	-0.098585478
637800000	-1.029987082
637800001	-0.177117917
637800002	0.053335048
637800003	-0.220362338
637800004	-0.261758019
637800005	-0.865507012
637800006	-1.119678092
637800007	-0.75384033
637800008	-0.458629839
637800009	-0.103521597
637800010	0.04984355
637800011	-0.121552932
637800012	0.184951864
637800013	-0.137774807
637800014	0.045998748
637800015	-0.336070268
637800016	-0.157309846
637800017	-0.065828032
637800018	0.115661962
637800019	0.179984765
637800020	-0.252001188
637800021	0.206286044
637800022	-0.022782786
637800023	0.132526311
637800024	0.007918018
637800025	0.061764905
637800026	-0.107280298
637800027	-0.157805359
637800028	0.00023491
637800029	-0.297574995
637800030	-0.040288844
637800031	-0.223802923
637800032	-0.158628069
637800033	0.156230011
637800034	0.047794319
637800035	0.019465094
637800037	0.286948861
637800038	0.173177886
637800039	-0.170878554
637800040	-0.225495908
637800041	0.026339682
637800042	0.175568175
637800043	-0.126691184
637800044	-0.818227177
637800045	-1.438405399
637800046	-1.426643052
637800047	0.160831646
637800048	-0.158960866
637800049	0.087731779
637800052	0.139638121
637800053	0.04402786
637800054	0.031068762
637800055	0.194540288
637800056	-0.105854093
637800057	0.067319782
637800058	0.073006208
637800059	0.47272828
637800060	0.082593731
637800061	-0.100557378
637800062	-0.25974729
637800063	-0.186632897
637800064	0.063053061
637800065	-0.110855909
637800066	-0.231240634
637800067	-0.193303018
637800068	0.024341651
637800070	-0.372170324
637800071	-0.361095187
637800072	-0.244055057
637800073	-0.43821166
637800074	-0.117040555
637800075	-0.387036974
637800076	-0.105684384
637800077	0.090695555
637800078	0.059798742
637800079	-0.073102288
637800080	-0.306419724
637800081	-0.249921348
637800082	-0.169253658
637800083	-0.793905162
637800084	-0.02452238
637800085	-0.120284098
637800086	-0.016864599
637800087	0.190160982
637800088	0.207572501
637800089	-0.062551529
637800090	-0.645589685
637800091	-0.471472996
637800092	-0.663802958
637800093	-0.739395701
637800094	-0.280681049
637800095	0.284230071
637800096	-0.080136474
637800097	0.194827856
637800098	-2.381840336
637800099	0.037379689
637800101	-0.073549264
637800102	0.54345864
637800103	0.170527121
637800104	-0.072201196
637800105	0.156708791
637800106	-0.492580255
637800107	-0.647089661
637800108	-0.418142746
637800109	-0.403401512
637800110	0.052365911
637800111	0.143705527
637800112	0.284174507
637800113	-0.030557626
637800114	0.076072251
637800115	0.013215406
637800116	-0.300663397
637800117	-0.240294725
637800118	-0.435174241
637800119	0.092306447
637800120	0.071731395
637800121	0.175020232
637800122	0.149013361
637800123	0.122155693
637800124	0.068558955
637800125	0.184813124
637800126	-0.109816439
637800127	0.048750609
637800128	0.221724009
637800129	0.115713532
637800130	-0.170201398
637800131	0.161766059
637800132	0.049046841
637800133	0.012955625
637800134	-0.043543947
637800135	-0.055083636
637800136	-0.233665018
637800137	0.15276507
637800138	0.220797175
637800139	-0.20422853
637800140	-0.250773636
637800141	-0.225629963
637800142	0.209514228
637800143	-0.449803355
637800144	0.034386416
637800145	0.269427982
637800146	-0.018346608
637800147	0.033744941
637800148	-0.283493712
637800149	-0.152598841
637800150	-0.029462438
637800151	0.113307992
637800152	0.186210923
637800153	0.074911247
637800154	-0.267283387
637800156	-0.08749672
637800157	0.227285471
637800158	0.359303104
637800159	0.140774454
637800160	-0.035198912
637800161	-0.01264471
637800162	0.17851569
637800163	-0.169613629
637800164	-0.229874654
637800165	0.151057827
637800166	-0.026902849
637800167	-0.044012811
637800168	-0.035497715
637800169	0.108734543
637800170	-0.094678188
637800171	0.023740382
637800172	0.001040955
637800173	0.133123001
637800174	-0.193020868
637800175	-0.181257126
637800176	0.001753967
637800177	0.187000904
637800178	0.136018577
637800179	-0.064207992
637800180	-0.093926487
637800181	0.037913167
637800182	0.080388212
637800183	-0.080977488
637800184	-0.07190175
637800185	0.040451811
637800186	0.049243517
637800187	-0.177102134
637800188	-0.343551582
637800189	-0.305928504
637800190	-0.481996581
637800191	0.129106077
637800192	0.103242778
637800194	-0.092474873
637800195	-0.254945822
637800197	-0.566675694
637800198	-1.408005699
637800199	-0.191943684
637800200	-0.127729961
637800201	0.175675042
637800202	0.003677258
637800203	-0.097390361
637800204	-0.016700415
637800205	0.206066873
637800206	-0.033182794
637800207	-0.072194908
637800208	-0.185159514
637800209	-0.392406185
637800210	-0.228174169
637800211	0.102086301
637800212	-0.349157196
637800213	-0.354457341
637800214	-0.139763673
637800215	-0.08057679
637800216	0.021404922
637800217	-0.699451478
637800218	-0.427254987
637800219	0.129168104
637800220	0.184089949
637800221	-0.217230177
637800222	-0.110787366
637800223	-0.249489369
637800224	-0.321675602
637800225	-1.237551341
637800226	0.091374227
637800227	0.041920966
637800228	0.122985408
637800229	0.115089272
637800230	0.341555903
637800231	-0.13411059
637800232	0.000763748
637800233	-0.065585434
637800234	0.016616874
637800235	0.177558022
637800236	-0.056507895
637800237	0.017180988
637800238	0.344214774
637800239	-0.324117822
637800240	0.016026089
637800241	-0.075079185
637800242	-0.022778142
637800243	-0.254279483
637800244	-0.287694502
637800245	-0.485896525
637800246	-0.185758296
637800247	0.028903717
637800248	0.084986559
637800249	0.110370301
637800250	0.35991083
637800251	0.0700625
637800252	-0.244651016
637800253	-0.067511265
637800254	-0.44053434
637800255	-0.06090107
637800256	-0.02819316
637800257	0.049378101
637800258	-0.010698265
637800259	-0.08550639
637800260	-0.173610265
637800261	-0.295610015
637800262	-0.100176919
637800263	0.026036487
637800264	0.044835504
637800265	-0.258163375
637800266	0.284488944
637800267	0.096441432
637800268	-0.100226341
637800269	-0.067159399
637800270	0.00199275
637800271	-0.738572294
637800272	0.214634449
637800273	0.190900894
637800274	0.337973002
637800275	0.390952039
637800276	0.061702949
637800277	0.108715627
637800278	-0.168236824
637800279	-0.889639157
637800280	0.036987818
637800281	0.093641884
637800282	0.128015193
637800283	-0.065901485
637800284	0.10768182
637800285	0.006562456
637800286	-0.339043456
637800287	-0.110622414
637800288	0.017651778
637800289	0.11470294
637800290	-2.146513287
637800291	-0.110134311
637800292	-0.128965704
637800293	-0.0594673
637800294	-0.119776024
637800295	0.071015568
637800296	-0.096612477
637800297	0.018136152
637800298	-0.032646571
637800299	-0.209028187
637800300	-0.335462736
637800301	-0.0819802
637800302	0.064042161
637800303	-0.169478843
637800304	0.028009945
637800305	0.167072217
637800306	-0.353344362
637800307	-0.194646166
637800308	0.047794083
637800309	0.163994627
637800310	0.363981053
637800311	0.02590784
637800312	-0.678553008
637800313	-0.216871387
637800314	-0.070368017
637800315	-0.053989819
637800316	-0.051192153
637800317	-0.076406358
637800318	0.210141659
637800319	-0.161651306
637800320	0.090338683
637800321	-0.516857936
637800322	0.178706012
637800323	0.121457295
637800324	-0.064024328
637800325	0.223359712
637800326	0.014663579
637800327	-0.233138721
637800328	-0.050898088
637800329	0.002662328
637800330	0.30134731
637800331	-0.048254641
637800332	-0.180390424
637800333	0.089283467
637800334	-0.494230899
637800335	-0.176983717
637800336	-0.094273643
637800337	-0.224392573
637800338	-0.046275951
637800339	0.134990655
637800340	0.143550304
637800341	-0.079007934
637800342	-0.029050557
637800343	-0.267049381
637800344	-0.296818029
637800345	-0.447679773
637800346	-0.279553791
637800347	0.146136237
637800348	0.010258378
637800349	0.090913373
637800350	0.151397991
637800351	0.003571658
637800352	-0.116137142
637800353	-0.040720003
637800354	-0.502584701
637800355	-0.13077827
637800356	-0.509253127
637800357	-0.159096984
637800358	0.223424641
637800359	0.13794623
637800360	-0.202080185
637800361	0.191177882
637800362	-0.084741432
637800363	0.20217431
637800364	-0.309541623
637800365	-0.09962805
637800366	0.156753225
637800367	-0.071809924
637800368	-0.099631231
637800369	0.064035669
637800370	-0.164895526
637800371	0.007823641
637800372	0.120175781
637800373	-0.011172647
637800374	0.288460297
637800375	0.105256769
637800376	0.006073538
637800377	-0.018619149
637800378	0.109299247
637800379	-0.204041853
637800380	0.075186779
637800381	0.055825884
637800382	0.086342696
637800383	0.024581762
637800384	0.038197003
637800385	0.238193545
637800386	-0.060012648
637800387	-0.160973461
637800389	-0.144122906
637800390	0.082055067
637800391	-0.180694078
637800392	-0.934561133
637800393	-0.764090388
637800394	0.167565818
637800395	0.06753714
637800396	-0.015638664
637800397	-0.122726088
637800398	0.014528004
637800399	-0.252877249
637800400	0.002306003
637800401	-0.113840116
637800402	0.205583906
637800403	-0.635797362
637800404	0.111343269
637800405	-0.595668167
637800406	0.082303828
637800407	-0.054619132
637800408	0.027225293
637800411	0.219231825
637800412	0.096301407
637800413	0.096184642
637800414	-0.023282336
637800415	0.01063242
637800416	-0.057076357
637800417	0.1286397
637800418	0.277822387
637800419	0.074215063
637800420	-0.304534318
637800421	-0.349632124
637800422	-0.037353
637800423	-0.124203177
637800424	-0.07159357
637800425	-0.017732458
637800426	0.135801732
637800427	-0.299950184
637800428	0.099445352
637800429	-0.062134798
637800430	-0.006777758
637800431	-0.232231316
637800432	-0.755074749
637800433	0.185959869
637800434	-0.005303635
637800435	0.190647102
637800436	-0.807307789
637800437	-0.075868312
637800438	0.195080055
637800439	-0.019965326
637800440	-0.135850495
637800441	-0.206749905
637800442	0.584609973
637800443	-0.02521985
637800444	-0.340166527
637800445	0.109193876
637800446	0.163484944
637800447	-0.308279971
637800448	-0.18806796
637800449	0.209577977
637800450	0.078817128
637800451	0.034939591
637800452	-0.151289857
637800453	0.071516137
637800454	0.072497069
637800455	0.085302575
637800456	0.008276186
637800457	0.296569584
637800458	-0.005275118
637800459	-0.109160045
637800460	-0.122729015
637800461	-0.265229366
637800462	0.251449285
637800463	0.321890897
637800464	0.069131484
637800465	0.037190732
637800466	-0.197790303
637800467	-0.127446226
637800468	-0.112674361
637800469	0.155621143
637800470	-0.085433058
637800471	-0.101575704
637800472	-0.15374059
637800473	0.104316725
637800474	-0.34683346
637800475	-0.091139097
637800476	-0.081180155
637800477	0.158701195
637800478	0.404050326
637800479	0.24783156
637800480	0.089601954
637800481	0.051882297
637800482	0.176748391
637800483	-0.24570635
637800484	-0.005232058
637800485	0.215079219
637800486	0.244379882
637800487	-0.041824566
637800488	-0.25971493
637800489	0.138563549
637800490	-0.099855974
637800491	-0.450354664
637800492	-0.023669725
637800493	0.287677536
637800494	-0.034112277
637800495	0.003277228
637800496	0.041477404
637800497	0.133023314
637800498	-0.158304413
637800499	-0.168462311
637800500	0.07623592
637800501	-0.106479488
637800502	0.291350279
637800503	0.242406487
637800504	0.145483343
637800505	-0.075806888
637800506	-0.318804541
637800507	-0.078842434
637800508	0.154640941
637800509	-0.015469402
637800510	-0.034502679
637800511	-0.18367204
637800512	-0.005098391
637800513	-0.098753995
637800514	-0.098420533
637800515	-0.132254965
637800516	-0.023371781
637800517	-0.306505806
637800518	-0.018262997
637800519	-0.072110935
637800520	0.03126286
637800521	-0.076319986
637800522	0.2459605
637800523	-0.368622164
637800524	-0.899959471
637800525	-0.376841087
637800526	-0.089076302
637800527	-1.203258957
637800528	-0.076922012
637800529	0.254453319
637800530	0.071733529
637800531	-0.11126185
637800532	0.024206407
637800533	-0.2340734
637800534	-0.124864529
637800535	-0.049210831
637800536	0.194390264
637800537	0.142600252
637800538	0.044097544
637800539	-0.040288923
637800540	0.358605002
637800541	-0.326225434
637800542	-0.10271282
637800543	0.255557418
637800544	0.095938955
637800545	0.208418082
637800546	0.033071964
637800547	0.158318818
637800548	-0.381922574
637800549	-0.043153334
637800550	0.375191665
637800551	0.547898807
637800552	0.791188104
637800553	-0.132298367
637800554	-0.127196969
637800555	-0.066322794
637800556	0.131853891
637800557	-0.151067123
637800558	-0.14130314
637800559	0.092971935
637800560	0.469156972
637800561	-0.154455327
637800562	-0.160921158
637800563	-0.07208056
637800564	-0.306876965
637800565	-0.157642927
637800566	-0.055360404
637800567	0.13233491
637800568	0.247800247
637800569	0.075387535
637800570	-0.178420151
637800571	-0.12680846
637800572	0.149348519
637800573	-0.233106831
637800574	-0.13749262
637800575	-0.128024275
637800576	0.177512931
637800577	0.139687892
637800578	0.04669178
637800579	0.221833734
637800580	0.036255892
637800581	0.29956069
637800582	0.112899021
637800583	-0.191906874
637800584	-0.204253025
637800585	-0.051740352
637800586	-0.186022388
637800587	-0.067016173
637800588	-0.102426471
637800589	-0.124787578
637800590	0.132605757
637800591	-0.135225289
637800592	0.015492682
637800593	-0.051596847
637800594	-0.333352817
637800595	-0.223345481
637800596	-0.363434943
637800597	-0.403756152
637800598	-0.171520394
637800599	-0.217403664
637800600	0.113136903
637800601	0.334517796
637800602	0.013490627
637800603	0.11714236
637800604	0.142079598
637800605	0.132267181
637800606	-0.023859951
637800607	-0.274540555
637800608	-0.150381982
637800609	0.128096971
637800610	-0.108567306
637800611	0.069774857
637800612	0.006827613
637800613	-0.071010855
637800614	-0.2086798
637800615	0.040680078
637800616	-0.506170192
637800617	-0.332818291
637800618	-0.06152755
637800619	0.132827593
637800620	-0.102124428
637800621	0.082676489
637800622	0.249821143
637800623	0.266606156
637800624	0.073975645
637800625	-0.118474929
637800626	-0.233207403
637800627	-0.286073552
637800628	0.025448606
637800629	0.140280355
637800630	-0.632231555
637800631	-0.001025373
637800632	-0.232061036
637800633	0.093625043
637800634	-0.116779347
637800635	-0.28706792
637800636	0.014112699
637800637	-0.482550077
637800638	-0.095729182
637800639	-0.02258951
637800640	-0.099516957
637800641	-0.36347414
637800642	-0.134840063
637800643	-0.018427855
637800644	-0.289103209
637800645	-0.537567957
637800646	-0.014631452
637800647	-0.235164377
637800648	-0.421282192
637800650	-0.190786417
637800651	0.019644389
637800652	-0.142895599
637800653	-0.098944202
637800654	-0.092526297
637800655	-0.017802783
637800657	-0.240110887
637800658	-0.15122519
637800659	-0.269533494
637800660	-0.08405923
637800661	-0.085462696
637800662	-0.171389699
637800663	-0.147741557
637800664	-0.319332504
637800665	-0.137601547
637800666	-0.129637676
637800667	-0.29784175
637800668	-0.048498307
637800669	-0.162580751
637800670	-0.184629716
637800671	-0.166415338
637800672	0.025398984
637800673	-0.119975249
637800674	-0.078927632
637800675	0.030545315
637800676	0.017979125
637800677	-0.149373525
637800678	0.008926453
637800679	-0.067505506
637800680	-0.247744626
637800681	0.15266959
637800682	0.092962024
637800683	-0.08140947
637800684	-0.112465286
637800685	-0.757715126
637800686	-0.013804122
637800687	0.416542653
637800688	-0.119976027
637800689	0.030155371
637800690	0.137681619
637800691	0.327939481
637800692	-0.265502684
637800693	0.089499846
637800694	-0.008346198
637800695	-0.613765065
637800696	-0.207399642
637800697	-0.013419389
637800698	0.218408844
637800699	0.075674419
637800700	-0.672070663
637800701	-0.935394408
637800702	-0.032277927
637800703	-0.221519844
637800704	-0.398296734
637800705	-0.070591025
637800706	0.089931985
637800707	-0.087464218
637800708	-0.017316112
637800709	0.165711924
637800710	-0.007340709
637800711	-0.262637109
637800712	-0.174581051
637800713	0.100139864
637800714	-1.490029655
637800715	0.011313429
637800716	-0.004560862
637800717	0.037498057
637800718	-0.044421493
637800719	-0.078715017
637800720	-0.307023985
637800721	0.104723871
637800722	0.021743938
637800723	0.239321463
637800724	-0.061566188
637800725	-0.135669831
637800726	-0.448622033
637800727	0.228515379
637800728	0.434213696
637800729	-0.300467418
637800730	0.148475461
637800731	0.056125856
637800732	-0.141252437
637800733	-0.04978329
637800734	-0.30737042
637800735	0.033005637
637800736	-0.025525429
637800737	-0.406170743
637800738	0.243971781
637800740	-0.006718309
637800741	-0.232949661
637800742	0.040299763
637800743	-0.092291094
637800744	0.021651684
637800745	-0.732960801
637800746	-0.217373575
637800747	-0.237300787
637800748	-0.215130572
637800749	-0.587115461
637800750	0.113288157
637800751	0.16799925
637800752	-0.054939656
637800753	-0.014497365
637800754	-0.940675551
637800755	-1.027214635
637800756	-0.702960031
637800757	0.108692003
637800758	-0.107635245
637800759	-0.077872026
637800760	-0.302121788
637800761	-0.462362364
637800762	-0.484219234
637800763	0.701201368
637800764	0.287570949
637800765	-0.328324189
637800766	-0.060818675
637800767	-0.344876751
637800768	-0.265469254
637800769	-0.483916811
637800770	-0.291807713
637800771	-0.240698307
637800772	-0.062400282
637800773	0.016791798
637800774	-0.769883029
637800775	-0.083232763
637800776	-0.055771454
637800777	-0.181033798
637800778	-0.083751659
637800779	0.054993322
637800780	-0.433344728
637800781	-1.168232538
637800782	-1.249693498
637800783	-1.041971127
637800784	-1.814621636
637800785	-0.163635062
637800786	0.189343825
637800787	0.157688048
637800788	-0.10260802
637800789	-0.01355951
637800790	0.269704082
637800791	0.494694118
637800792	-0.310386004
637800793	-0.330461179
637800794	-0.289196453
637800795	0.023407163
637800796	-0.071041294
637800797	-0.123282762
637800798	0.096505546
637800799	-0.021222144
637800800	-0.673484128
637800801	-0.01507661
637800802	-0.142086207
637800803	0.22011979
637800804	-0.112081245
637800805	0.175660005
637800806	-0.129753505
637800807	0.185478309
637800808	0.307552576
637800809	0.041429301
637800810	0.36837952
637800811	0.057196626
637800812	0.315333864
637800813	-0.076063799
637800814	-0.553563622
637800815	-0.058627582
637800816	-0.026844428
637800817	-0.122622718
637800818	-0.028307531
637800819	0.024338498
637800820	-0.054919949
637800821	-0.054469542
637800822	0.092593779
637800823	-0.031733375
637800824	0.010133759
637800825	-0.06455109
637800826	0.022936498
637800827	-0.070751962
637800828	-0.210417571
637800829	0.067759323
637800830	0.100728149
637800831	-0.039377113
637800832	-0.790595181
637800833	-0.664955411
637800834	-0.472472963
637800835	-0.592824589
637800836	-0.924753977
637800837	-0.110475591
637800838	-0.021283275
637800839	-0.264685379
637800840	-0.378756755
637800841	-0.120234998
637800842	0.180168049
637800843	-0.229143753
637800844	0.233603291
637800845	0.184042861
637800846	-0.058141973
637800847	-0.049827366
637800848	0.350214943
637800849	0.32100441
637800850	-0.003045746
637800851	-0.331379476
637800852	-0.339820816
637800853	0.067599197
637800854	0.022206403
637800855	-0.308343527
637800856	0.009515551
637800857	-0.119961861
637800858	0.143467137
637800859	-0.085731817
637800860	-0.438929863
637800861	0.088194645
637800862	0.19252406
637800863	0.011939053
637800864	0.538533595
637800865	0.11667588
637800866	-0.014424159
637800867	-0.273017713
637800868	0.298372456
637800869	0.14734579
637800870	0.058767308
637800871	-0.12820204
637800872	-0.359584762
637800873	0.326685599
637800874	-0.131602668
637800875	0.002796151
637800876	-0.105539769
637800877	0.0731334
637800878	-0.169949116
637800879	-0.122309375
637800880	-0.214589773
637800881	-0.20472812
637800882	0.045872813
637800883	-0.175683234
637800884	-0.206546765
637800885	-0.073745602
637800886	0.102874426
637800887	-0.029140021
637800888	-0.314015179
637800889	-0.017351104
637800890	0.224363345
637800891	-0.063433257
637800892	-0.186798681
637800893	-0.215004566
637800894	-0.023708651
637800895	0.159643417
637800896	-0.213001482
637800897	-0.444026708
637800898	-0.09031967
637800899	-0.047584267
637800900	-0.036465969
637800901	0.001786415
637800902	-0.125159499
637800903	-0.131971467
637800905	0.138822947
637800906	0.087844265
637800907	-0.358057903
637800908	-0.200714904
637800909	-0.494901318
637800910	-1.143517818
637800911	0.046947854
637800912	-0.078674855
637800913	-0.09990699
637800914	-0.432367356
637800915	-0.198291261
637800916	-0.050481734
637800917	-0.307311646
637800918	0.181095062
637800919	0.15041009
637800920	0.016797842
637800921	-0.138756186
637800922	-0.135413987
637800923	-0.095614666
637800924	0.180027217
637800925	-0.060737506
637800926	-0.1327059
637800927	0.165692565
637800928	-0.373924256
637800929	-0.380758706
637800930	0.023010214
637800931	-0.220684485
637800932	-0.105156231
637800933	-0.430218751
637800934	-0.711215797
637800935	-0.591636737
637800936	0.026106157
637800937	-0.159281499
637800938	-0.035051245
637800939	-0.010566467
637800940	-0.237512105
637800941	0.056067588
637800942	-0.138923237
637800943	-0.034560023
637800944	0.219046887
637800945	0.200669725
637800946	-0.049382981
637800947	-0.337094632
637800948	-0.239219837
637800949	-0.356197173
637800950	-0.166726962
637800951	0.079512735
637800952	0.30931009
637800953	0.317531892
637800954	-0.13364734
637800955	-0.173249204
637800956	-0.275523476
637800957	-0.061907487
637800958	0.129387467
637800959	-0.455463412
637800960	0.176543127
637800961	0.011930868
637800962	-0.126303933
637800963	0.097260176
637800964	0.051639094
637800965	-0.074590458
637800966	0.167199138
637800967	-0.03061909
637800968	-0.105777254
637800969	0.173753412
637800970	-0.057880428
637800971	-0.042329164
637800972	0.010708352
637800973	-0.299217035
637800974	-0.161419762
637800975	-0.396370448
637800976	-0.083570645
637800978	0.001013867
637800979	-0.384604584
637800980	-0.391500931
637800981	-0.316304203
637800982	0.080619894
637800983	-0.054695949
637800984	-0.084977748
637800985	-0.242428862
637800986	0.110835766
637800987	-0.005731103
637800988	-0.228147076
637800989	0.138959103
637800990	-0.21952944
637800991	-0.292960788
637800992	-0.155050291
637800993	-0.019608609
637800994	0.135935064
637800995	0.401744392
637800996	0.13509488
637800997	-0.151457455
637800998	0.59044333
637800999	-0.267388826
637801000	0.246631747
637801001	-0.071267054
637801002	-0.298955243
637801003	-0.273046447
637801004	-0.559716947
637801005	-0.725637097
637801006	-0.827226775
637801007	-1.034645846
637801008	0.00655948
637801009	-0.05980973
637801010	0.035965981
637801011	-0.121332815
637801012	-0.088453795
637801013	0.067089375
637801014	0.219711112
637801015	-0.003560048
637801016	-0.190952616
637801017	-0.209629963
637801018	-0.120300946
637801019	0.091358015
637801020	0.061060449
637801021	-0.069117736
637801022	0.311931794
637801023	-0.095021061
637801024	-0.016787194
637801025	-0.103080474
637801029	0.409376241
637801030	-0.149657712
637801031	-0.201125987
637801032	-0.025642676
637801033	0.167694495
637801034	0.219015091
637801035	0.044472572
637801036	-0.072165802
637801037	0.178373257
637801038	-0.114760399
637801040	-0.181238276
637801041	0.143980644
637801042	0.223979033
637801043	0.144519064
637801044	-1.860107989
637801045	-1.612336679
637801046	0.139190412
637801047	-0.097712566
637801048	0.125691526
637801049	0.103460504
637801050	-0.038047811
637801051	-0.071968301
637801052	-0.222414523
637801053	-0.020152486
637801054	-0.161787083
637801055	-0.171616266
637801056	-0.534696421
637801057	-0.394788516
637801058	-0.532193246
637801059	-0.176921824
637801060	0.045717739
637801061	-0.111634721
637801062	0.474472789
637801063	-0.36383382
637801064	-0.047966823
637801065	-0.004535239
637801066	-0.126646046
637801067	-0.376074335
640711016	-0.267301544
640711017	-0.159881529
640711018	-0.173962913
640711019	-0.592089255
640711020	-0.219877395
640711021	-0.407190371
640711022	-0.218284644
640711023	-0.588818147
640711024	0
640711025	0
640711026	0
640711027	0
640711028	0
640711029	-0.348150617
640711030	0.717228465
640711031	-0.493937906
640711032	-0.597094202
640711033	-0.751680993
640711034	-0.134277171
640711035	-0.675586301
640711036	-0.365728533
640711037	-0.282749152
640711038	0.090091979
640711039	0.188569967
640711040	-0.444309049
640711041	-0.493654967
640711042	-0.108898385
640711043	-0.285857771
640711044	-0.548178769
640711045	-0.366671268
640711046	-0.323132811
640711047	-0.113387656
640711048	-0.053035245
640711049	-0.511245354
640711050	-0.140241065
640711051	-0.631958692
640711052	-0.429181609
640711053	-0.434194622
640711054	0.156452451
640711055	-0.672930356
640711056	-0.144930757
640711057	-0.549951517
640711058	-0.478317923
640711059	-0.348509213
640711060	-0.507706616
640711061	-0.837956777
640711062	-0.701538694
640711063	-0.474125102
640711064	-0.388478792
640711065	-0.351788182
640711066	-0.879457879
640711067	-0.475231833
640711068	-0.398692916
637798356	-0.21017824
637798357	0.300606421
637798358	-0.062013013
637798359	-0.064203395
637798360	-0.168580067
637798361	-0.011449167
637798362	0.046364918
637798363	0.100770938
637798364	-0.017925524
637798365	-0.038691921
637798366	-0.113198236
637798367	-0.088216737
637798368	-0.191212522
637798369	-0.131423742
637798370	-0.067478935
637798371	-0.114549651
637798372	0.046830953
637798373	-0.021910688
637798374	-0.095939241
637798375	0.108684164
637798376	-0.061509038
637798377	0.072276476
637798378	-0.008199695
637798379	-0.02887182
637798380	-0.185075089
637798381	0.082421385
637798382	-0.798435181
637798383	-0.755614641
637798384	-0.157613903
637798385	-0.139159126
637798386	-0.002093773
637798387	-0.242523529
637798388	0.068333962
637798389	0.022905064
637798390	-0.057178315
637798391	-0.113789711
637798392	-0.016404244
637798393	-0.08496967
637798394	0.156876135
637798395	-0.298127288
637798396	-0.093822421
637798397	-0.104685594
637798398	-0.107884242
637798399	0.070974027
637798400	-0.187405854
637798401	-0.273541334
637798402	0.002467075
637798403	-0.120145145
637798404	-0.219448883
637798405	-0.02711588
pANS_predictedORF_1	0.229609389
pANS_predictedORF_2	0.062819416
pANS_predictedORF_3	-0.457135973
pANS_predictedORF_4	-0.154741856
pANS_predictedORF_5	0.07531822
pANS_predictedORF_6	0.269375996
pANS_predictedORF_7	-0.059137573
pANS_predictedORF_8	-0.09408902
