Reporter Identifier	VALUE
637798406	-0.096535263
637798407	-0.212325023
637798408	0.009653296
637798409	0.615114303
637798410	-0.28901591
637798411	0.028354467
637798412	0.2393203
637798413	0.009266656
637798414	0.319138021
637798415	0.191090521
637798416	0.00728088
637798417	-0.322881481
637798418	-0.567397944
637798419	-0.169727887
637798420	0.234000342
637798421	0.313842368
637798422	-0.144269592
637798423	-0.169320051
637798424	-0.72425613
637798425	-0.163490299
637798426	0.163790781
637798427	0.306824294
637798428	0.4540204
637798429	-0.093312314
637798430	0.065717218
637798431	0.330373924
637798432	0.008065315
637798433	0.641436305
637798434	0.054701607
637798435	-0.135479321
637798436	0.101893528
637798437	-0.51279334
637798438	-0.635500048
637798439	0.006236287
637798440	-0.372025264
637798441	-0.003631647
637798442	0.240271472
637798443	0.133811884
637798444	-0.927093047
637798445	-0.276811305
637798446	-0.240822109
637798448	-0.296607294
637798449	-0.061762225
637798450	0.365891517
637798451	-0.126255704
637798452	0.095539692
637798453	0.110407637
637798454	-0.440760149
637798455	-0.542032202
637798456	-0.2748927
637798457	-0.197485987
637798458	-0.230624876
637798459	-0.256189707
637798460	-0.10538169
637798461	-0.383121644
637798462	-0.132451033
637798463	-0.110083262
637798464	-0.09607396
637798465	-0.085311692
637798466	-0.15152826
637798467	0.003394445
637798468	-0.109029595
637798469	-0.048921665
637798470	-0.011701751
637798471	-0.354065494
637798472	0.091029627
637798473	0.098276909
637798474	0.38286185
637798475	-0.518740254
637798476	-0.035284829
637798477	0.11402878
637798478	0.175734805
637798479	-0.036945397
637798480	0.085606454
637798481	0.101799976
637798482	0.024052143
637798483	-0.048845016
637798484	-0.136899951
637798485	-0.092523978
637798486	0.069648798
637798487	-0.105051531
637798488	0.161480215
637798489	0.282488207
637798490	0.239183216
637798491	-0.383511691
637798492	-0.502115004
637798493	-0.138905564
637798494	-0.180852328
637798495	0.432728506
637798496	0.154894376
637798497	0.035992197
637798498	0.024621046
637798499	-0.056193452
637798500	-0.099374195
637798501	-0.557538103
637798502	-0.405869066
637798503	0.036071669
637798504	-0.01800663
637798505	-0.345174429
637798506	-0.944971923
637798507	-0.143507785
637798508	-0.266692492
637798509	0.105422127
637798510	0.003116813
637798511	0.01346713
637798512	-0.103273121
637798513	0.106141672
637798514	0.088507469
637798515	-0.24975323
637798516	0.061547634
637798517	-0.12915232
637798518	0.142029727
637798519	0.158310127
637798520	0.062079935
637798521	-0.164515989
637798522	0.178045204
637798523	0.085219463
637798524	0.062767764
637798525	0.22281701
637798526	0.60242245
637798527	-0.048318652
637798528	-0.129547884
637798529	-0.205925153
637798530	-0.104292774
637798531	-0.28801548
637798532	-0.018800839
637798533	0.253246113
637798534	-0.043536838
637798535	0.058041173
637798536	-0.413068201
637798537	-0.044290478
637798538	0.190124991
637798539	0.033876647
637798540	-0.154027171
637798541	0.022226418
637798542	0.156699681
637798543	-0.255183167
637798544	-0.094825947
637798545	-0.286575901
637798546	-0.118411784
637798547	-0.048281976
637798548	0.123143765
637798549	-0.257537592
637798550	0.325957166
637798551	0.528318185
637798552	0.207799707
637798553	-0.157333157
637798554	-0.325524088
637798555	0.069546719
637798556	0.145818274
637798557	-0.09643622
637798558	-0.228538989
637798559	-0.060463376
637798560	0.029582927
637798561	0.011913584
637798562	0.241776892
637798563	-0.902840214
637798564	0.026456862
637798565	0.07682302
637798566	-0.175873471
637798567	0.080293699
637798568	-0.214526778
637798569	-0.140511961
637798570	-0.433035901
637798571	-0.346419687
637798572	-0.041854132
637798573	0.443033134
637798574	0.227273845
637798575	-0.34913687
637798576	-0.265311707
637798577	0.028948808
637798578	-0.039485385
637798579	0.175741136
637798580	0.127422342
637798581	0.210089761
637798582	-0.089886811
637798583	0.068938539
637798584	0.12543169
637798585	0.04913247
637798586	-0.42586396
637798587	-0.41130017
637798588	-0.122619631
637798589	-0.303478119
637798590	-0.050388784
637798591	0.075062888
637798592	-0.207642083
637798593	0.18601277
637798594	0.195294952
637798595	-0.071817267
637798596	0.22670438
637798597	0.129642755
637798598	-0.182272096
637798599	-0.315605482
637798600	-0.102382675
637798601	-0.291323641
637798602	-0.116679833
637798603	0.125240051
637798604	-0.40858207
637798605	-0.471181702
637798606	-0.515779352
637798607	-0.377323487
637798608	-0.455992296
637798609	0.369248999
637798610	-0.093104939
637798611	-0.184291642
637798612	-0.081057109
637798613	-0.047854936
637798614	-0.122425466
637798615	-0.12227096
637798616	-0.125667688
637798617	-0.096550551
637798618	-0.059137765
637798619	-0.263355429
637798620	-0.227770159
637798621	-0.687574179
637798622	-0.163412358
637798623	0.123657207
637798624	0.145191118
637798625	-0.017699877
637798626	0.187941709
637798627	0.123833257
637798628	0.089866299
637798629	-0.08713459
637798630	-0.068770684
637798631	-0.328178859
637798632	-0.031256273
637798633	0.184302595
637798634	0.019143879
637798635	-0.02950735
637798636	-0.183295854
637798637	0.023615641
637798638	0.060168678
637798639	-0.175301244
637798640	0.042542262
637798641	0.250792977
637798642	-0.349793541
637798643	0.021593375
637798644	0.204611338
637798645	0.063468973
637798646	-0.156220536
637798647	0.016281179
637798648	-0.116074108
637798649	-0.617419435
637798650	-0.995882462
637798651	-1.41497791
637798652	0.504426261
637798653	0.413229824
637798654	0.158849936
637798655	0.090509113
637798656	0.20528395
637798657	0.166406101
637798658	-0.418976735
637798659	-0.248864091
637798660	0.00735366
637798661	-0.211745577
637798662	-0.368176637
637798663	-0.002025572
637798664	0.172246301
637798665	-0.238575423
637798666	-0.009827811
637798667	-0.06736885
637798668	-0.193648565
637798669	0.039256803
637798670	0.106251547
637798671	-0.047949904
637798672	-0.067984859
637798673	-0.435209737
637798674	0.214050666
637798675	-0.474532261
637798676	0.284968187
637798677	0.201825605
637798678	0.061121981
637798679	-0.005451969
637798680	0.073716853
637798681	-0.087982644
637798682	-0.253539375
637798683	0.016567267
637798684	-0.590095901
637798685	-0.573403062
637798686	-0.098891375
637798687	-0.16699785
637798688	-0.23170258
637798689	-0.041646743
637798690	0.036145337
637798691	0.130640712
637798692	-0.145765319
637798693	0.106655824
637798694	0.426823245
637798695	-0.169047553
637798696	-0.035189605
637798697	-0.541034087
637798698	-0.069032446
637798699	0.288527874
637798700	-0.249563376
637798701	0.195071155
637798702	0.110205854
637798703	0.024302356
637798704	0.075838914
637798705	0.248416132
637798706	0.474947747
637798707	-0.036944675
637798708	-0.626238523
637798709	-0.07737329
637798710	-1.32359463
637798711	-0.660392438
637798712	-0.0212538
637798713	-0.174938227
637798714	-0.399270626
637798715	-0.357872498
637798716	-0.194657997
637798717	-0.071181866
637798718	-0.668649803
637798719	-0.072428359
637798720	-0.033764579
637798721	-0.093145941
637798722	-0.670389357
637798723	-0.263182466
637798724	0.301185822
637798725	0.105087467
637798726	0.079646901
637798727	-0.042680105
637798728	-0.028223302
637798729	-0.126426659
637798730	0.019500873
637798731	-0.309126407
637798732	-0.092748825
637798733	-0.062867864
637798734	0.037095374
637798735	0.188005919
637798736	0.281131362
637798737	0.307335723
637798738	0.255436258
637798739	0.586435636
637798740	0.438686781
637798741	0.430964473
637798742	0.302630585
637798743	0.33358975
637798744	-0.049284785
637798745	-0.057096301
637798746	0.143294332
637798747	-0.004071449
637798748	0.027236792
637798749	-0.303144138
637798750	-0.174195885
637798751	0.120634825
637798752	0.011153742
637798753	-0.344341997
637798754	-0.202179388
637798755	-0.189238616
637798756	0.065927789
637798757	0.601847612
637798758	-0.069510481
637798759	-0.166228453
637798760	-0.136595604
637798761	-0.374015938
637798762	-0.334619313
637798763	0.118695074
637798764	-0.122546104
637798765	0.326317814
637798766	-0.106928906
637798767	-0.185480896
637798768	0.117156414
637798769	0.122015143
637798770	0.447648944
637798771	-0.189577629
637798772	0.017167707
637798773	0.263626794
637798774	0.072302295
637798775	-0.629286316
637798776	-0.604878877
637798777	-0.370370241
637798778	-0.120222012
637798779	0.005007163
637798780	0.37059306
637798781	-0.000316127
637798782	0.275152614
637798783	-0.017511006
637798784	-0.400194008
637798785	-0.217478087
637798786	-0.060922
637798787	-0.29293011
637798788	-0.357344382
637798789	-0.802352861
637798790	-0.175807925
637798791	-0.014533253
637798792	0.202415053
637798793	0.047734773
637798794	0.208736198
637798795	-0.165668116
637798796	0.172093584
637798797	-0.798018204
637798798	0.323736499
637798799	0.114937326
637798800	-0.373390731
637798801	-0.077000384
637798802	0.071987375
637798803	0.071529549
637798804	-0.158465538
637798805	0.268299539
637798806	-0.334902529
637798807	-0.181891017
637798808	0.294280762
637798809	-0.117139127
637798810	-0.177774992
637798811	0.23866959
637798812	0.151090816
637798813	-0.222878061
637798814	-0.002616372
637798815	-0.144108743
637798816	-0.126872485
637798817	0.128561817
637798818	0.229074446
637798819	-0.044388884
637798820	0.010474207
637798821	-0.215847983
637798822	-0.102760054
637798823	0.180972562
637798824	0.002979039
637798825	-0.225617451
637798826	-0.164986523
637798827	-0.409896948
637798828	-0.666101677
637798829	-0.674488946
637798830	-0.530216027
637798831	0.090046534
637798832	-0.013537711
637798833	0.170030952
637798834	-0.274460675
637798835	-0.392958609
637798836	-0.101301952
637798837	0.05720012
637798838	-0.112184964
637798839	-0.359770682
637798840	0.038279428
637798841	0.065699593
637798842	0.080784495
637798843	0.033730481
637798844	0.005934563
637798845	0.055481116
637798846	0.01056381
637798847	0.092136904
637798848	-0.049210052
637798849	-0.032390093
637798850	0.272669948
637798851	0.199723794
637798852	-0.161929605
637798853	-0.092054024
637798854	-0.111841635
637798855	-0.038638852
637798856	-0.057997548
637798857	0.048316231
637798858	-0.412328767
637798860	0.017161757
637798861	0.073875854
637798862	0.080194931
637798863	-0.558286477
637798864	-0.295038689
637798865	-0.029700602
637798866	-0.137777251
637798867	-0.035006338
637798868	-0.05996558
637798869	0.079138849
637798870	0.027499979
637798871	0.058311969
637798872	-0.014455537
637798873	0.549593159
637798874	-0.029091112
637798875	-0.206654246
637798876	0.441514376
637798877	-0.182659854
637798878	0.164818826
637798879	0.10764172
637798880	0.331177983
637798881	-0.301486105
637798882	0.240984257
637798883	-0.461797042
637798884	-0.465237991
637798885	0.30276627
637798886	0.145681366
637798887	-0.345226391
637798888	-0.265695061
637798889	0.355639784
637798890	0.349128941
637798891	0.29234341
637798892	0.37221477
637798893	0.172135914
637798894	-0.075237417
637798895	-0.209359827
637798896	0.159505535
637798897	-0.284508603
637798898	-0.804468444
637798899	0.110059786
637798900	-0.49820391
637798901	0.111985443
637798902	-0.336803923
637798903	0.158827433
637798904	0.208503123
637798905	-0.349118789
637798906	-0.761618111
637798907	-0.063348308
637798908	-0.015445962
637798909	0.069792063
637798910	0.035152782
637798911	-0.000426903
637798912	0.23710227
637798913	0.143010166
637798914	0.024087705
637798915	0.423790855
637798916	-0.066120975
637798917	0.070406693
637798918	-0.118695884
637798919	-0.096831697
637798920	0.045463552
637798921	0.00064576
637798922	0.295815796
637798923	0.284886684
637798924	0.09413207
637798926	0.130142637
637798927	0.048524154
637798928	0.292543374
637798929	0.173780448
637798930	-0.241804219
637798931	-0.028954571
637798932	-0.31349731
637798933	-0.014714819
637798934	0.143671562
637798935	-0.846552379
637798936	-0.119320997
637798937	-0.208372613
637798938	0.087839234
637798939	0.076825083
637798940	0.196365044
637798941	0.207709141
637798942	0.090798213
637798943	-0.037289771
637798944	-0.05168261
637798945	0.042002129
637798946	0.099056587
637798947	0.061713573
637798948	-0.022297905
637798949	0.173677254
637798950	-0.044969731
637798951	-0.005598803
637798952	0.122976649
637798953	0.238147775
637798954	-0.223476479
637798955	-0.009145833
637798956	0.080287882
637798957	-0.177101283
637798958	-0.002598509
637798959	-0.7791832
637798960	0.340405358
637798961	-0.009200488
637798962	-0.038856614
637798963	-0.01875161
637798964	-1.240353184
637798965	-0.461721631
637798966	-0.327674458
637798967	0.184515575
637798968	-0.089468139
637798969	0.13822462
637798970	0.131190313
637798971	0.051413157
637798972	-0.04369907
637798973	-0.109295727
637798974	0.184312981
637798975	-0.085959653
637798976	0.242014852
637798977	0.15394959
637798978	0.02912605
637798979	-0.27710038
637798980	-0.304273555
637798981	-0.831340389
637798982	0.083153411
637798983	-0.007341371
637798984	0.008101302
637798985	0.023310142
637798986	0.154599167
637798987	0.312590587
637798988	0.22115367
637798989	-0.552166196
637798990	-0.140793611
637798991	0.110301751
637798992	0.204862343
637798993	0.333220353
637798994	0.157092857
637798998	0.047827164
637798999	0.043722052
637799000	-0.095423447
637799001	-0.300889808
637799002	-0.194240979
637799003	-0.070460997
637799004	0.227480727
637799005	-0.041108159
637799006	-0.376763748
637799007	0.097104171
637799008	0.184398651
637799009	0.719593131
637799010	-1.169667597
637799011	-0.073662664
637799012	-0.101054152
637799013	0.130471777
637799014	0.306482323
637799015	-0.116633224
637799016	0.106924605
637799017	0.162950486
637799018	-0.261116534
637799019	0.193749813
637799020	-0.009905402
637799021	0.468615753
637799022	0.082517774
637799023	0.02434656
637799024	0.079953843
637799025	0.214757787
637799026	0.115140051
637799027	-0.036445144
637799028	-0.075872357
637799029	0.086770891
637799030	0.006881901
637799031	-0.096525696
637799032	0.028441122
637799033	-0.146878249
637799035	-0.09206486
637799036	-0.047251522
637799037	-0.090422854
637799038	-0.05483837
637799039	0.152746249
637799040	0.186142666
637799041	0.384077085
637799042	0.239357344
637799043	0.08152316
637799044	0.145082933
637799045	-0.200029839
637799046	-0.45685345
637799047	-0.104981821
637799048	-0.198627141
637799049	0.015634482
637799050	0.006870313
637799051	0.460808091
637799052	0.059627146
637799053	-0.10335875
637799054	0.02900831
637799055	-0.146807858
637799056	-0.69921402
637799057	-0.238363847
637799058	-0.220544893
637799059	-0.633303096
637799060	-0.714380644
637799061	-0.2304834
637799062	0.740572694
637799063	-0.103977678
637799064	0.002979238
637799065	0.041981647
637799066	0.036468177
637799067	-0.083400606
637799068	-0.067805674
637799069	0.000110645
637799070	-0.214880645
637799071	-0.09655148
637799072	-0.066222296
637799073	0.028760355
637799074	-0.488584533
637799075	0.030467409
637799076	0.070149988
637799077	0.131743035
637799078	-0.0702955
637799079	-0.207700502
637799080	-0.759980569
637799081	0.038167528
637799082	-0.196046263
637799083	-0.17621188
637799084	-0.214137043
637799085	0.010772367
637799086	-0.099298067
637799087	-0.015659876
637799088	0.131536215
637799089	-0.710759274
637799090	-0.074692206
637799091	-0.41185855
637799092	-0.830881489
637799093	-0.003049553
637799094	0.173191431
637799095	-0.026584445
637799096	-0.215132907
637799097	0.088543814
637799098	-0.465092341
637799099	-0.255359758
637799100	-0.179842126
637799101	0.08438689
637799102	-0.266948623
637799103	0.039266655
637799104	-0.116907112
637799105	-0.048461771
637799106	-0.366393511
637799107	-0.306176264
637799108	-0.048332152
637799109	0.125995475
637799110	0.048719432
637799111	-0.36501475
637799112	0.014607801
637799113	-0.232084512
637799114	-0.075978163
637799115	-0.841106024
637799116	-0.623398674
637799117	-0.528915459
637799118	0.842821023
637799119	-0.019253038
637799121	0.320570735
637799122	-0.150092277
637799123	0.134971752
637799124	0.127965065
637799125	-0.165042469
637799126	0.070359219
637799127	-0.219277905
637799128	0.431322774
637799129	0.218025581
637799130	0.003542748
637799131	-0.328765595
637799132	0.108629961
637799133	-0.286013237
637799134	0.095656488
637799135	0.099232227
637799136	-0.067810283
637799137	0.013737487
637799138	-0.040315796
637799139	0.227828209
637799140	-0.077074349
637799141	-0.181560738
637799142	-0.131626939
637799143	0.015266689
637799144	-0.009255461
637799146	-0.134306097
637799147	0.102175329
637799148	-0.121418154
637799149	0.145469078
637799150	0.121146385
637799151	0.121059538
637799152	0.22684181
637799153	0.047287052
637799154	0.163944826
637799155	0.104758588
637799157	-0.25312625
637799158	-0.05604268
637799159	0.034487171
637799160	0.179858984
637799161	0.061302855
637799162	-0.073558455
637799163	0.099575083
637799164	0.041159715
637799165	-0.011846209
637799166	-0.330090352
637799167	-0.312457946
637799168	-0.123605163
637799169	-0.017972583
637799170	0.048205587
637799171	-0.370379127
637799172	-0.360469937
637799173	-0.296091671
637799174	-0.432403928
637799175	-0.237841731
637799176	-0.311943691
637799177	-0.437296846
637799178	-0.221403072
637799179	-0.230749133
637799180	-0.034951075
637799181	-0.07933531
637799182	-0.224318099
637799184	-0.664696727
637799185	-0.583871015
637799186	-0.501248142
637799187	0.218545113
637799188	0.076084736
637799189	0.003173737
637799190	-0.151560441
637799191	0.071013233
637799192	0.169250533
637799193	-0.025991712
637799194	-0.013152608
637799195	-0.127774857
637799196	-0.251263916
637799197	-0.593438273
637799198	-0.032475658
637799199	-0.021586081
637799200	-0.120388778
637799201	-0.028026989
637799202	-0.003504448
637799203	0.233489523
637799204	0.245573318
637799205	0.126735942
637799206	-0.200370922
637799207	0.092868319
637799208	0.036882566
637799209	-0.128655974
637799210	-0.219352187
637799211	0.238792401
637799212	-0.418995324
637799213	-1.187148345
637799214	-0.142864387
637799215	-0.014236722
637799216	0.099153388
637799217	-0.060335678
637799218	-0.003184875
637799220	0.034047253
637799221	-0.102834199
637799222	-0.093197129
637799223	0.213748882
637799224	-0.545880503
637799225	0.563324966
637799226	-0.00982359
637799227	0.099369163
637799228	0.097807755
637799229	-0.088878573
637799230	-0.05974994
637799231	-0.445831005
637799232	-0.426345576
637799233	0.10997121
637799234	-0.11397977
637799235	-0.026184009
637799236	-0.018171071
637799237	0.004452774
637799238	0.119930958
637799239	-0.033363572
637799240	0.003890771
637799241	-0.001065247
637799242	0.165003733
637799243	0.048112294
637799244	-0.221259125
637799245	-0.304823742
637799246	-0.091946617
637799247	0.034237459
637799248	0.031407573
637799249	-0.125597091
637799250	-2.849712825
637799251	0.122776507
637799252	-0.129136211
637799253	0.035562854
637799254	-0.115928618
637799255	0.024753873
637799256	-0.025487844
637799257	-0.037709739
637799258	0.165545239
637799259	-0.001412969
637799260	-0.182029538
637799261	-0.074965766
637799262	-0.258912198
637799263	-0.359515634
637799264	0.371847825
637799265	-0.087140563
637799266	0.194244842
637799267	-0.263375765
637799268	0.346471176
637799270	0.022154461
637799271	-0.105733217
637799272	0.045272547
637799273	0.003179367
637799274	0.065688545
637799275	-0.083725039
637799276	-0.155387026
637799277	-0.256926172
637799278	-0.532485574
637799279	-0.088176571
637799280	-0.018670137
637799281	0.196637666
637799282	0.148289614
637799283	0.210012834
637799284	0.210768113
637799285	-0.080783719
637799286	-0.116312525
637799287	-0.402319619
637799288	0.150372811
637799289	-0.104334686
637799290	-0.015104671
637799291	-0.008708613
637799292	0.090692014
637799293	-0.101754322
637799294	-0.218987053
637799295	-0.107024705
637799296	0.273736653
637799297	0.041518867
637799298	0.108911952
637799299	-0.283937989
637799300	0.0676414
637799301	-0.25621379
637799302	-0.290440269
637799303	-0.356033529
637799304	0.07952122
637799305	0.261781449
637799307	-0.189922716
637799308	-0.652634948
637799309	0.153391129
637799310	-0.484564744
637799311	0.194442241
637799312	0.158399124
637799313	0.217443545
637799314	0.123351671
637799315	0.073491935
637799316	0.017228162
637799317	-0.435606677
637799318	0.374355532
637799319	-0.177347613
637799320	0.156946757
637799321	-0.240365501
637799322	0.103537045
637799323	0.027288805
637799324	0.017789641
637799325	0.299646452
637799326	-0.104981162
637799327	-0.216258896
637799328	-0.184392869
637799329	-0.02796192
637799330	-0.057097199
637799331	0.047839465
637799332	-0.295485343
637799333	-0.253351284
637799334	-0.195212394
637799335	0.154202374
637799336	-0.090192395
637799337	-0.066277867
637799338	-0.037843603
637799339	-0.091480854
637799340	0.016016647
637799341	-0.163077315
637799343	0.161759647
637799344	0.339293302
637799345	-0.042985502
637799346	0.541963246
637799347	0.330336363
637799348	0.004356048
637799349	0.086607442
637799350	0.131247735
637799351	0.134193813
637799352	0.055990512
637799353	-0.110715669
637799354	0.174607485
637799355	-0.075341292
637799356	-0.055945067
637799357	0.203039711
637799358	-0.386301673
637799359	0.430684324
637799360	-0.145734859
637799361	0.085893417
637799362	0.039416745
637799363	0.232546699
637799364	0.113863655
637799366	-0.082182409
637799367	-0.054589193
637799368	0.358116471
637799369	0.048255338
637799370	0.075110253
637799371	-0.288749966
637799372	0.065844167
637799373	0.041821587
637799374	-0.06645245
637799375	0.010717158
637799376	-0.072913436
637799377	-0.074743515
637799378	0.00980193
637799379	0.205399311
637799380	0.263060263
637799381	0.013592319
637799382	-0.331783604
637799383	-0.018469281
637799384	0.131062377
637799385	-0.20935366
637799386	0.251192391
637799387	0.192045267
637799388	0.141063899
637799389	-0.091749363
637799390	-0.386636374
637799391	0.155803809
637799392	-0.128261822
637799393	-0.192101176
637799394	-0.098655421
637799395	-0.043405018
637799396	-0.100186015
637799397	-0.096282705
637799398	-0.351668678
637799399	-0.114648149
637799400	0.111049665
637799401	-0.10858466
637799402	-0.072266161
637799403	-0.166502457
637799404	-0.09632484
637799405	0.007839318
637799406	-0.420196597
637799407	-0.377508545
637799408	-0.726756074
637799409	-0.067641135
637799410	0.059879888
637799411	-0.077277857
637799412	0.153683208
637799413	0.093662482
637799414	0.156132285
637799415	0.002892958
637799416	-0.340229841
637799417	-0.082571017
637799418	-0.09578965
637799419	0.110175265
637799420	-0.066055499
637799422	-0.392785324
637799423	-0.137716564
637799424	-0.039351293
637799425	0.122739714
637799426	0.351413692
637799427	0.06526495
637799428	0.168762426
637799429	0.253020858
637799430	-0.014513834
637799431	0.177128587
637799432	0.254619429
637799433	0.348366398
637799434	0.209518646
637799435	0.422677276
637799436	0.250679112
637799437	0.033148442
637799438	0.100403805
637799439	-0.18061526
637799440	-0.033116707
637799441	-0.120399819
637799442	0.050338855
637799443	0.065467774
637799444	-0.032644341
637799445	0.154473563
637799448	0.48154075
637799449	-0.499633028
637799450	0.277926813
637799451	0.061634029
637799452	-0.051210751
637799453	0.147800608
637799454	-0.342916582
637799455	-0.461902358
637799456	-0.220780718
637799457	0.069067641
637799458	-0.348380973
637799459	0.086579702
637799460	-0.01733689
637799461	0.143391101
637799462	-0.689696127
637799463	-0.018583444
637799464	-0.265949309
637799465	-0.004896051
637799466	-0.307121816
637799467	-0.071135432
637799468	0.080757793
637799469	0
637799470	0
637799471	-0.184616886
637799472	-0.176105546
637799473	-0.219514871
637799474	-0.257317082
637799475	-0.277535308
637799476	-0.195734225
637799477	-0.088111851
637799478	-0.189568187
637799479	-0.116798522
637799480	-0.072181773
637799481	-0.364692361
637799482	0.01205523
637799483	-0.190172583
637799484	-0.208906417
637799485	-0.307732526
637799486	-0.529582663
637799489	-0.28749763
637799490	-0.223823637
637799491	-0.164096923
637799492	0.086941908
637799493	0.071611136
637799494	-0.110299216
637799495	-0.163068583
637799497	0.188164782
637799498	0.151593058
637799499	-0.269623049
637799500	0.018536029
637799501	-0.005996234
637799502	-0.014291835
637799503	-0.088105617
637799504	-0.299754339
637799505	-0.019745502
637799506	-0.008794131
637799508	-0.242708544
637799509	0.370346553
637799510	0.116025454
637799511	0.300459145
637799512	0.066680139
637799513	-0.063231094
637799514	-0.147251384
637799515	-0.148135131
637799516	0.09715475
637799517	-0.64742471
637799518	-0.157264404
637799519	-0.094474593
637799520	-0.316249608
637799521	-0.587267252
637799522	-0.446718991
637799523	-0.017839169
637799524	0.011576349
637799525	0.124479662
637799526	0.086788715
637799527	0.014618976
637799528	-0.063751184
637799529	0.063466154
637799530	0.29669027
637799531	-0.055622088
637799532	0.030501486
637799533	0.042915606
637799534	-0.257189219
637799535	-0.056481917
637799536	-0.446557875
637799537	-0.100557424
637799538	-0.01475849
637799539	0.006802664
637799540	0.011625431
637799541	-0.135856148
637799542	-0.277772954
637799543	0.052588933
637799544	0.059394156
637799545	-0.040858086
637799546	-0.368772615
637799547	0.004990348
637799548	-0.264894395
637799549	-0.214272493
637799550	-0.318894113
637799551	-0.156600504
637799552	0.14321157
637799553	-0.224021267
637799554	-0.112860842
637799555	0.237891731
637799556	0.31061107
637799557	0.090567596
637799558	0.028115553
637799559	0.000111237
637799560	-0.321254374
637799561	0.280927247
637799562	0.125105618
637799563	0.01635475
637799564	0.013456898
637799565	-0.138063013
637799566	0.032520639
637799567	0.185672466
637799568	0.043667661
637799569	0.24797432
637799570	0.32462507
637799571	-0.23521992
637799572	-0.416589186
637799573	0.004143737
637799574	-0.529413958
637799575	0.020644186
637799576	-0.702815267
637799577	0.068720963
637799578	-0.52220899
637799579	0.087220711
637799580	-0.04949754
637799581	-0.062262456
637799582	-0.879172263
637799583	-0.988023553
637799584	-0.362500051
637799585	-0.174876446
637799586	-0.05896748
637799587	-0.067087819
637799588	-0.041615124
637799589	-0.070713792
637799590	-1.009301054
637799591	0.008808024
637799592	-0.11590591
637799594	-0.022879614
637799595	0.133084507
637799596	0.106690599
637799597	0.116011942
637799598	-0.070195686
637799599	0.035436161
637799600	0.072586311
637799601	0.01050853
637799602	-0.228820489
637799603	-0.155273248
637799604	0.001761425
637799605	-0.029050934
637799606	-0.242618831
637799607	-0.20228199
637799608	-0.083295101
637799609	-0.176083915
637799610	0.252620114
637799611	-0.184430283
637799612	-0.306462651
637799613	-0.015457361
637799614	0.218917672
637799615	-0.095690229
637799616	0.032334923
637799617	0.162923816
637799618	0.068087241
637799619	0.302910086
637799620	0.027367609
637799621	0.184614967
637799622	-0.348079543
637799623	-0.054461772
637799624	0.069877842
637799625	0.284634441
637799626	-0.000147092
637799627	-0.003681248
637799628	0.251745496
637799629	0.21305172
637799630	0.007807607
637799631	-0.126112929
637799632	0.052370673
637799634	-0.050899227
637799635	-0.049565762
637799636	-0.366153417
637799637	-0.511037168
637799638	-0.155940494
637799639	-0.262102383
637799640	-0.269775579
637799641	0.047039424
637799643	0.041049038
637799644	0.237566125
637799645	-0.846698028
637799646	-1.031774828
637799647	0.019265306
637799648	-0.343665029
637799649	-0.299836301
637799650	0.020601521
637799651	0.167990188
637799652	0.081826629
637799653	0.12283996
637799654	-0.290079041
637799655	-0.096561873
637799656	-0.650748674
637799657	-0.035957618
637799658	-0.010167359
637799659	0.035831322
637799660	-0.234418537
637799661	-0.094630642
637799662	-0.157817412
637799663	-0.655352479
637799664	-0.053870519
637799665	-0.043838447
637799666	0.129937379
637799667	-0.185053782
637799668	-0.182166361
637799669	0.008071731
637799670	-0.213385912
637799671	-0.240052068
637799672	0.140571422
637799673	0.22367379
637799674	0.308051373
637799675	0.244530212
637799676	0.280763562
637799677	0.120992291
637799678	-0.440184554
637799679	-0.209448132
637799680	-0.176690591
637799681	0.279990277
637799682	-0.176183956
637799683	0.0719004
637799684	0.030235029
637799685	0.099668354
637799687	0.04957108
637799688	-0.066640365
637799689	-0.059916148
637799690	-0.0087958
637799691	0.126400346
637799692	-0.168210164
637799693	0.129959185
637799694	0.238422537
637799695	0.124414332
637799696	0.196404523
637799697	0.055610364
637799698	0.082361159
637799699	0.217932508
637799700	-0.326366842
637799701	0.08436756
637799702	0.112675555
637799703	0.048107935
637799704	-0.007166566
637799705	-0.347259099
637799706	-0.210543354
637799707	-0.209390356
637799708	0.01983814
637799709	0.057361709
637799710	0.0169706
637799711	-0.249178005
637799712	-0.119476732
637799713	0.084101001
637799714	0.128366883
637799715	0.17404749
637799716	-0.136287228
637799717	-0.029941171
637799718	-0.114735966
637799719	0.114011171
637799720	-0.770579057
637799721	-0.125038201
637799722	-0.202355499
637799723	0.600583378
637799724	-0.099890799
637799725	-0.370283861
637799726	-0.204697422
637799727	-0.126088621
637799728	-0.234320887
637799729	-0.345997293
637799730	0.061157194
637799731	-0.407398941
637799732	-0.286110387
637799733	0.404760499
637799734	0.167101486
637799735	-0.061133209
637799737	0.071944088
637799738	-0.008192532
637799739	0.028350934
637799740	0.069462294
637799741	0.078650351
637799742	0.006898981
637799743	0.150005317
637799744	0.042683881
637799745	-0.230998339
637799746	0.069010074
637799747	0.047946265
637799748	-0.284442957
637799749	0.008541002
637799750	-0.084461783
637799751	-0.059445268
637799752	0.484050719
637799753	-0.294964204
637799754	0.15023544
637799755	-0.064981043
637799756	0.018250266
637799757	0.147763552
637799758	-0.259418632
637799759	0.004723734
637799760	0.132107195
637799761	-0.062733177
637799762	-0.185033314
637799763	-0.130249178
637799764	0.039865308
637799765	-0.107252855
637799766	-0.078837023
637799767	-0.454380361
637799768	-0.244281016
637799769	0.392727158
637799770	0.53810867
637799771	-0.103695143
637799772	0.338068449
637799773	0.118557046
637799774	0.078528501
637799775	-0.214570709
637799776	0.051217374
637799777	-0.05966302
637799778	0.101879649
637799779	-0.060423424
637799780	0.214306691
637799781	-0.058475969
637799782	0.077401261
637799783	0.07600041
637799784	-0.110762395
637799785	-0.695181687
637799786	-0.043426581
637799787	0.105837679
637799788	-0.029138937
637799789	-0.156189088
637799790	0.145686805
637799791	0.19314772
637799793	-0.06587906
637799794	0.026837657
637799795	0.136416071
637799796	0.146244359
637799797	-0.125477827
637799798	0.036777271
637799799	0.184575595
637799800	0.334202053
637799801	0.294971631
637799802	-0.338271256
637799803	0.030806131
637799804	-0.179832494
637799805	-0.19590023
637799806	0.060699424
637799807	0.271672418
637799808	0.350697478
637799809	-0.346681378
637799810	0.109437613
637799811	-0.158623806
637799812	-0.274329823
637799813	-0.058238995
637799814	-0.241435694
637799815	-0.082494631
637799816	-0.045650718
637799817	0.015767766
637799818	0.036801139
637799819	0.091502264
637799820	-0.14831111
637799821	-0.402554294
637799822	0.213686735
637799823	-0.498403582
637799824	-0.04843743
637799825	-0.19784115
637799826	-0.108741823
637799827	-0.043432014
637799828	-0.569713042
637799829	-0.656709327
637799830	-0.065132598
637799831	0.068569591
637799832	0.138901992
637799833	-0.076924292
637799834	-0.608334105
637799835	-0.094561837
637799836	-0.071178832
637799837	0.081338414
637799838	-0.004359512
637799839	0.037735699
637799840	-0.166341438
637799841	0.412765204
637799842	-0.044894946
637799843	-0.345099302
637799844	-0.559915835
637799845	-0.16111392
637799846	0.269965402
637799847	0.128381565
637799848	-0.335252813
637799849	-0.155313303
637799850	0.012518379
637799851	-0.688870921
637799852	-0.694556911
637799853	-0.04341501
637799854	0.264591688
637799855	0.133096265
637799856	0.108100196
637799857	0.02898217
637799858	0.295349309
637799859	0.090714746
637799860	-0.005762551
637799861	0.093426478
637799862	0.168555184
637799863	-0.476941509
637799864	-0.158097412
637799865	-0.025668714
637799866	-0.214476947
637799867	-0.171290185
637799868	0.014366539
637799869	-0.458321367
637799870	0.184319384
637799871	-0.268929299
637799872	0.005369012
637799873	-0.034391003
637799874	0.034153721
637799875	-0.024775027
637799876	0.075445689
637799877	-0.375625649
637799878	-0.611808551
637799879	0.145405512
637799880	-0.196968889
637799881	0.029254718
637799882	-0.105235592
637799883	-0.299896346
637799884	0.088673752
637799885	-0.040502721
637799886	0.208478729
637799887	-0.015470042
637799888	0.028390613
637799889	0.075682357
637799890	-0.071155985
637799891	-0.256932794
637799892	-0.440728797
637799893	0.807572901
637799894	0.880344522
637799895	0.379399659
637799896	0.349933892
637799897	-0.202010688
637799898	-0.513373339
637799899	-0.256765962
637799900	-0.006317134
637799901	-0.117415738
637799902	0.082675528
637799903	0.02923966
637799904	-0.083670725
637799905	0.033283326
637799906	-0.042191396
637799907	-0.126846491
637799908	-0.143366677
637799909	0.110507231
637799910	-0.236959849
637799911	-0.316127548
637799912	0.059323697
637799913	0.110866116
637799914	0.131622687
637799915	0.222526691
637799916	0.313153918
637799917	0.09275305
637799918	-0.186128531
637799919	-0.213770921
637799921	0.033315957
637799922	0.058900391
637799923	0.021735934
637799924	0.026205227
637799925	0.157744465
637799926	0.372854526
637799927	-0.127944131
637799928	-0.053428524
637799929	-0.222168445
637799930	-0.250255658
637799931	-0.02538293
637799932	-0.921208933
637799933	-0.026732724
637799934	-0.271657917
637799935	0.079530042
637799936	0.020288119
637799937	-0.427505132
637799938	-0.115099269
637799939	-0.829079574
637799940	0.046414474
637799941	0.507683072
637799942	-0.173640806
637799943	-0.326630927
637799944	0.119114266
637799945	0.134392473
637799946	0.145159309
637799947	0.132362522
637799948	-0.154625091
637799949	-0.037872071
637799950	-0.269860688
637799951	-0.01668314
637799952	-0.051354417
637799953	-0.053169309
637799954	-0.099237011
637799955	-0.196313135
637799956	-0.358782472
637799957	-0.162543533
637799958	0.004238958
637799959	0.117358487
637799960	-0.035667125
637799961	-0.197091934
637799962	0.235722631
637799963	-0.173624811
637799964	0.054950512
637799965	-0.029764298
637799966	-0.152483515
637799967	0.111583075
637799968	0.044367168
637799969	0.037830825
637799970	-0.065234633
637799971	0.235012582
637799972	1.320827338
637799973	1.493215676
637799974	1.578113909
637799975	1.5799246
637799976	0.689951827
637799977	0.115192781
637799978	0.257415842
637799979	0.122049757
637799980	-0.090090702
637799981	0.482054331
637799982	0.070640122
637799983	0.0873485
637799984	-0.074184964
637799985	0.020712891
637799986	-0.04956367
637799987	-0.1057656
637799988	0.080216077
637799989	-0.898409766
637799990	-0.8282874
637799991	-0.049879804
637799992	-0.205477981
637799993	-0.207999963
637799994	-0.400996019
637799995	-0.332326958
637799996	0.046006387
637799997	-0.093657275
637799998	0.176899523
637799999	0.263024574
637800000	-1.330459443
637800001	-0.807020801
637800002	-0.802985698
637800003	-0.874888161
637800004	-0.298039506
637800005	-0.908463722
637800006	-1.175179959
637800007	-0.740671184
637800008	-0.362269508
637800009	-0.243335481
637800010	0.05766385
637800011	-0.078008485
637800012	-0.118635075
637800013	-0.048198324
637800014	0.061345526
637800015	-0.422925328
637800016	-0.237722928
637800017	-0.068225512
637800018	0.215314478
637800019	-0.060964406
637800020	-0.470865055
637800021	0.204779932
637800022	0.035443396
637800023	0.181150217
637800024	0.053965902
637800025	0.2297178
637800026	0.026522545
637800027	0.070950681
637800028	0.031238004
637800029	-0.118406832
637800030	-0.122475297
637800031	-0.167291484
637800032	-0.033578828
637800033	-0.054024987
637800034	-0.064565764
637800035	-0.14616123
637800037	0.184877067
637800038	0.324947529
637800039	0.045571324
637800040	0.67251307
637800041	0.658131409
637800042	0.358650751
637800043	0.36652647
637800044	-0.839319313
637800045	-1.449164107
637800046	-1.436850153
637800047	0.174131052
637800048	-0.24396949
637800049	0.145568974
637800052	0.261170664
637800053	0.265396746
637800054	0.134102756
637800055	0.101501298
637800056	-0.018224521
637800057	0.049058385
637800058	0.030797474
637800059	0.587831704
637800060	-0.017521571
637800061	0.03234678
637800062	-0.126667071
637800063	-0.139850626
637800064	0.191719789
637800065	-0.273323614
637800066	-0.638625913
637800067	-0.346205677
637800068	0.039065558
637800070	-0.441837602
637800071	-0.441527889
637800072	-0.455048807
637800073	-0.612419615
637800074	-0.010744348
637800075	-0.201090088
637800076	0.019693701
637800077	0.002613948
637800078	0.178249149
637800079	0.21854196
637800080	-0.282947445
637800081	-0.312232608
637800082	-0.1203097
637800083	-0.905460687
637800084	-0.117953976
637800085	-0.167451393
637800086	0.037947527
637800087	0.017302675
637800088	-0.060540246
637800089	-0.006529909
637800090	-0.543359404
637800091	-0.599974838
637800092	-0.698088448
637800093	-0.819894905
637800094	-0.302536703
637800095	0.193043693
637800096	0.203513014
637800097	0.187088069
637800098	-2.421692423
637800099	-0.078686907
637800101	-0.052874695
637800102	0.267864686
637800103	0.308704606
637800104	-0.212137941
637800105	0.139739067
637800106	-0.632067501
637800107	-0.659064558
637800108	-0.463028154
637800109	-0.38039926
637800110	0.022337269
637800111	-0.19099731
637800112	0.017265616
637800113	-0.138463725
637800114	-0.027854803
637800115	-0.126436011
637800116	-0.321193867
637800117	-0.330059679
637800118	-0.364143664
637800119	-0.149384486
637800120	-0.046277244
637800121	0.059061736
637800122	0.014743898
637800123	-0.00794925
637800124	-0.068198259
637800125	0.061506614
637800126	0.021620975
637800127	-0.067714584
637800128	0.019043946
637800129	-0.08543634
637800130	-0.160072975
637800131	0.190368687
637800132	0.228074354
637800133	0.172136966
637800134	-0.119266782
637800135	-0.128347015
637800136	-0.154443349
637800137	0.153423249
637800138	0.130681076
637800139	-0.29350142
637800140	-0.241910097
637800141	-0.154356146
637800142	0.180668479
637800143	-0.575503888
637800144	0.245399926
637800145	0.33727456
637800146	0.102366773
637800147	-0.074434641
637800148	-0.281612273
637800149	-0.089808213
637800150	-0.148058205
637800151	0.118239804
637800152	-0.061291596
637800153	0.065727353
637800154	-0.394692317
637800156	-0.07603714
637800157	0.072490373
637800158	0.364146764
637800159	0.065758617
637800160	0.069770355
637800161	0.171843378
637800162	0.134049533
637800163	-0.250800979
637800164	-0.08091255
637800165	0.085797453
637800166	0.189413595
637800167	-0.095623366
637800168	0.000475049
637800169	-0.06106589
637800170	0.051581778
637800171	0.244923006
637800172	0.011678829
637800173	0.360302973
637800174	-0.018571817
637800175	0.134435443
637800176	0.167835928
637800177	0.243277496
637800178	0.122881025
637800179	0.060946962
637800180	-0.089424181
637800181	0.2322514
637800182	-0.04771477
637800183	-0.163229741
637800184	0.058760495
637800185	0.075139195
637800186	0.006567026
637800187	0.052850138
637800188	-0.286134824
637800189	-0.267690575
637800190	-0.39436264
637800191	-0.173096285
637800192	-0.048360559
637800194	-0.175024489
637800195	-0.161685121
637800197	-0.516641601
637800198	-1.390856062
637800199	-0.144331808
637800200	-0.160583176
637800201	0.460376985
637800202	0.383424101
637800203	0.079456211
637800204	0.03195461
637800205	0.143625437
637800206	-0.056685808
637800207	0.101944918
637800208	0.317455337
637800209	-0.442483064
637800210	-0.332793406
637800211	-0.003266588
637800212	-0.214000751
637800213	-0.280876818
637800214	-0.123862251
637800215	-0.000124252
637800216	0.047964804
637800217	-0.706579398
637800218	-0.392942096
637800219	0.237428474
637800220	0.128182135
637800221	-0.260927886
637800222	-0.018193314
637800223	-0.238814357
637800224	-0.273413074
637800225	-1.311338249
637800226	0.267138333
637800227	-0.104075912
637800228	-0.003468833
637800229	0.254897482
637800230	0.170092809
637800231	-0.050951653
637800232	0.081408718
637800233	-0.244484924
637800234	-0.032785895
637800235	0.207181103
637800236	0.227820069
637800237	0.049547188
637800238	0.681059849
637800239	-0.249313861
637800240	-0.037312298
637800241	0.168299072
637800242	0.004724096
637800243	0.118322132
637800244	-0.23762925
637800245	-0.605443236
637800246	-0.021717413
637800247	0.097265231
637800248	0.204216763
637800249	0.057982042
637800250	0.176072478
637800251	-0.047690602
637800252	0.002045818
637800253	0.067137461
637800254	0.503448171
637800255	0.046698664
637800256	0.206060294
637800257	0.265950596
637800258	0.161997987
637800259	0.610708732
637800260	-0.043591022
637800261	-0.370755243
637800262	0.113167255
637800263	0.187079217
637800264	0.097200417
637800265	-0.360266038
637800266	0.154337213
637800267	0.211526036
637800268	-0.095082594
637800269	0.008647184
637800270	-0.009257383
637800271	-0.665597838
637800272	0.195482243
637800273	0.360492696
637800274	-0.020722293
637800275	0.324504458
637800276	0.097201889
637800277	-0.045117508
637800278	-0.055984611
637800279	-0.865172802
637800280	0.114724162
637800281	0.136273697
637800282	0.238444082
637800283	0.042374821
637800284	-0.072935389
637800285	0.001827744
637800286	-0.614287742
637800287	-0.049269219
637800288	-0.066019263
637800289	0.008348045
637800290	-2.11182739
637800291	0.293984711
637800292	-0.093050656
637800293	-0.062628249
637800294	-0.025876604
637800295	0.134080442
637800296	0.001716399
637800297	-0.027068198
637800298	0.027219616
637800299	0.028417573
637800300	-0.298804937
637800301	-0.072267392
637800302	0.259290032
637800303	0.03861181
637800304	0.197692054
637800305	0.03402956
637800306	-0.453549575
637800307	-0.321716744
637800308	0.03509187
637800309	-0.047742464
637800310	0.608429469
637800311	0.296825647
637800312	-0.453361145
637800313	-0.033917968
637800314	0.024992311
637800315	0.061869154
637800316	-0.135269658
637800317	0.160769791
637800318	0.265122865
637800319	-0.009971202
637800320	0.189521242
637800321	-0.409982643
637800322	0.091425006
637800323	-0.004738595
637800324	-0.118997124
637800325	0.042418751
637800326	-0.019324389
637800327	-0.174124294
637800328	0.027201918
637800329	-0.051414513
637800330	0.321945011
637800331	-0.065105533
637800332	-0.114919881
637800333	0.07803476
637800334	-0.395079022
637800335	-0.120068426
637800336	-0.135121804
637800337	-0.293444549
637800338	-0.053461502
637800339	0.072803471
637800340	0.14180465
637800341	-0.085218362
637800342	0.011054576
637800343	0.064689865
637800344	-0.008551601
637800345	-0.176139001
637800346	0.067675339
637800347	0.075743857
637800348	-0.006716393
637800349	-0.008794206
637800350	0.185133229
637800351	0.013849855
637800352	-0.115411536
637800353	0.077302374
637800354	-0.465875926
637800355	-0.081859816
637800356	-0.578545805
637800357	-0.221424793
637800358	0.270589366
637800359	0.259204693
637800360	-0.031875994
637800361	0.05645695
637800362	-0.023528576
637800363	0.113876757
637800364	-0.235614603
637800365	0.120898336
637800366	0.128628961
637800367	-0.018166928
637800368	-0.001098771
637800369	0.157984744
637800370	-0.106445836
637800371	0.039998863
637800372	-0.009015861
637800373	0.00481212
637800374	0.3242134
637800375	0.293097174
637800376	0.267466553
637800377	0.058708542
637800378	0.040739133
637800379	-0.201666465
637800380	-0.053139576
637800381	-0.028145512
637800382	0.07451024
637800383	-0.043461469
637800384	0.178720525
637800385	0.362933342
637800386	0.085247671
637800387	0.049492307
637800389	-0.334595754
637800390	0.155419958
637800391	-0.157287769
637800392	-0.962950639
637800393	-0.697624818
637800394	0.081686457
637800395	0.037719772
637800396	0.142295757
637800397	0.020001885
637800398	0.146345431
637800399	-0.214389005
637800400	-0.173574058
637800401	-0.252523681
637800402	0.312391445
637800403	-0.771808791
637800404	0.008391217
637800405	-0.571546763
637800406	0.11762599
637800407	-0.132937415
637800408	-0.002457035
637800411	0.033694222
637800412	0.178329331
637800413	-0.165718903
637800414	-0.163919836
637800415	-0.028299005
637800416	-0.036322218
637800417	0.369934748
637800418	0.310548256
637800419	0.333362575
637800420	-0.31855024
637800421	-0.662474869
637800422	-0.112738643
637800423	-0.18199178
637800424	0.144520017
637800425	-0.080445238
637800426	-0.080625444
637800427	0.033756651
637800428	-0.088532439
637800429	0.073302182
637800430	-0.065422406
637800431	-0.224950536
637800432	-0.916728855
637800433	0.291664449
637800434	0.012008861
637800435	0.07532556
637800436	-0.668642787
637800437	0.015299398
637800438	0.144575909
637800439	0.093778114
637800440	-0.172754001
637800441	-0.115147808
637800442	-0.687858242
637800443	0.28624044
637800444	-0.353146289
637800445	0.275383055
637800446	0.291712408
637800447	-0.323403118
637800448	-0.031891391
637800449	0.095487481
637800450	0.12514587
637800451	0.058326279
637800452	-0.083693685
637800453	-0.072233625
637800454	-0.061154293
637800455	-0.056028407
637800456	-0.186010644
637800457	0.700670907
637800458	-0.034834904
637800459	0.07467116
637800460	-0.168567971
637800461	-0.197025827
637800462	-0.009324501
637800463	0.08367683
637800464	-0.237866489
637800465	-0.221803197
637800466	-0.118112847
637800467	-0.059525862
637800468	-0.248396026
637800469	0.103198864
637800470	0.026870499
637800471	0.349481021
637800472	0.363058332
637800473	0.118857238
637800474	-0.250100812
637800475	-0.044922235
637800476	0.160479629
637800477	0.376702197
637800478	0.579986226
637800479	0.386028743
637800480	0.129948702
637800481	0.192877279
637800482	0.230000971
637800483	-0.208756281
637800484	0.150131229
637800485	0.175444773
637800486	0.331254804
637800487	0.033622764
637800488	-0.215378591
637800489	0.048658809
637800490	0.22272955
637800491	-0.279368623
637800492	-0.023354476
637800493	-0.23976553
637800494	-0.050311033
637800495	-0.179567858
637800496	0.093100513
637800497	0.07676581
637800498	-0.223878719
637800499	-0.158667427
637800500	-0.020296692
637800501	0.045636189
637800502	0.197040234
637800503	0.165843392
637800504	0.377180893
637800505	0.165288921
637800506	-0.173784342
637800507	0.01204859
637800508	0.199874711
637800509	0.004850971
637800510	0.065855793
637800511	-0.160606493
637800512	-0.110999531
637800513	0.065345297
637800514	0.151025845
637800515	0.123368285
637800516	0.000191247
637800517	-0.126915903
637800518	0.02098842
637800519	-0.121394033
637800520	0.11937418
637800521	-0.117189236
637800522	0.231536503
637800523	-0.141311449
637800524	-0.531289063
637800525	-0.243241098
637800526	-0.115226796
637800527	-1.188508995
637800528	-0.132356202
637800529	0.12824417
637800530	-0.059090964
637800531	-0.294501284
637800532	0.00725255
637800533	-0.309001177
637800534	0.105803159
637800535	0.018834562
637800536	0.113606671
637800537	0.123256214
637800538	0.054736786
637800539	-0.076971826
637800540	0.206696522
637800541	-0.271155506
637800542	-0.037879271
637800543	0.011462971
637800544	0.338136888
637800545	0.355805607
637800546	0.165944953
637800547	0.09323401
637800548	-0.449420611
637800549	-0.017656286
637800550	0.26184028
637800551	0.202442058
637800552	0.309888702
637800553	0.020048282
637800554	-0.193337551
637800555	-0.001315474
637800556	0.157952044
637800557	-0.155140718
637800558	-0.00049017
637800559	0.037359923
637800560	0.049840963
637800561	-0.029909006
637800562	-0.155065453
637800563	-0.188112461
637800564	-0.111074724
637800565	-0.065347951
637800566	0.124082728
637800567	-0.070472686
637800568	0.152187116
637800569	0.008279479
637800570	-0.270928412
637800571	-0.201624407
637800572	0.062729388
637800573	-0.137605226
637800574	-0.087943714
637800575	-0.215344173
637800576	0.314544468
637800577	0.27441735
637800578	-0.134305899
637800579	0.250376558
637800580	0.218479589
637800581	0.229551045
637800582	-0.029513379
637800583	0.11328743
637800584	-0.03999706
637800585	-0.005145627
637800586	0.021947079
637800587	-0.117252989
637800588	-0.146933542
637800589	-0.216906352
637800590	0.003781819
637800591	-0.23583823
637800592	-0.025857301
637800593	-0.100169317
637800594	-0.338672476
637800595	0.152895198
637800596	-0.483677207
637800597	-0.483759074
637800598	0.02815763
637800599	-0.204104264
637800600	-0.026574294
637800601	0.212301559
637800602	0.234791549
637800603	0.015960805
637800604	0.045103688
637800605	-0.135919797
637800606	-0.173268859
637800607	-0.085597094
637800608	-0.002445662
637800609	-0.152638198
637800610	-0.101965065
637800611	-0.145732045
637800612	-0.086605772
637800613	0.18683373
637800614	0.272611632
637800615	0.510663111
637800616	-0.662173649
637800617	0.462607434
637800618	0.560095779
637800619	0.890460624
637800620	0.205994801
637800621	-0.032714443
637800622	0.166710305
637800623	0.390981411
637800624	0.135638075
637800625	-0.003913297
637800626	-0.298510709
637800627	-0.226070791
637800628	-0.214727333
637800629	-0.10306759
637800630	-0.693350981
637800631	-0.232901832
637800632	-0.219328035
637800633	-0.000821318
637800634	-0.161591416
637800635	-0.357270882
637800636	0.005847685
637800637	-0.481409314
637800638	-0.10298659
637800639	-0.021412627
637800640	-0.064934004
637800641	-0.467039186
637800642	-0.026501846
637800643	-0.042649208
637800644	-0.240393385
637800645	-0.552120211
637800646	-0.101098495
637800647	-0.201874297
637800648	-0.340616533
637800650	-0.297954315
637800651	-0.159340069
637800652	-0.161471055
637800653	-0.220752784
637800654	-0.097594988
637800655	0.024274709
637800657	-0.186278382
637800658	-0.189438499
637800659	-0.088796472
637800660	0.025160152
637800661	-0.059381541
637800662	-0.269876661
637800663	-0.160096414
637800664	-0.494685205
637800665	-0.243687435
637800666	-0.273396074
637800667	-0.290953132
637800668	-0.186409608
637800669	-0.115506367
637800670	-0.331376685
637800671	-0.310504618
637800672	-0.198417746
637800673	-0.349975904
637800674	-0.210971909
637800675	-0.169272283
637800676	-0.227450987
637800677	-0.253793713
637800678	-0.207339554
637800679	-0.293781848
637800680	-0.170362186
637800681	0.100478654
637800682	0.170193131
637800683	0.012685229
637800684	-0.236820777
637800685	-0.66903481
637800686	-0.053076547
637800687	0.197773265
637800688	-0.092261195
637800689	-0.054827195
637800690	-0.098417429
637800691	0.183033502
637800692	-0.287168054
637800693	0.143021948
637800694	-0.025873027
637800695	-0.385295728
637800696	0.012647579
637800697	-0.053280901
637800698	-0.01492766
637800699	0.126716118
637800700	-0.660829505
637800701	-0.896404183
637800702	-0.115932562
637800703	-0.003416015
637800704	-0.336875605
637800705	-0.127951869
637800706	0.058479265
637800707	0.031975791
637800708	-0.149200114
637800709	0.02834494
637800710	-0.063248668
637800711	-0.221926648
637800712	-0.172422384
637800713	0.202151422
637800714	-1.518683097
637800715	-0.161749835
637800716	-0.04844241
637800717	0.006691982
637800718	-0.024761209
637800719	-0.090988646
637800720	0.201253682
637800721	-0.000207951
637800722	-0.108847588
637800723	0.169048176
637800724	-0.065530209
637800725	-0.083738645
637800726	-0.552581934
637800727	0.15335649
637800728	0.355393188
637800729	-0.217440388
637800730	0.255994443
637800731	0.063843963
637800732	-0.025150914
637800733	-0.009488604
637800734	-0.090556214
637800735	-0.069315955
637800736	0.020530876
637800737	-0.292060407
637800738	0.204425773
637800740	0.258729975
637800741	-0.01293842
637800742	-0.017356771
637800743	0.283589815
637800744	-0.056797834
637800745	-0.718971467
637800746	-0.127277817
637800747	-0.201061717
637800748	-0.232512496
637800749	-0.634157675
637800750	-0.060613715
637800751	0.215205308
637800752	0.012089898
637800753	-0.12648731
637800754	-1.057944394
637800755	-1.135725878
637800756	-0.729118727
637800757	-0.025607923
637800758	-0.248231238
637800759	-0.033914585
637800760	-0.27811654
637800761	-0.141255645
637800762	-0.117758694
637800763	0.713968806
637800764	0.181842194
637800765	-0.303383416
637800766	-0.063054518
637800767	-0.306412236
637800768	-0.171692484
637800769	-0.485879524
637800770	-0.366503115
637800771	-0.204904301
637800772	-0.115965463
637800773	0.313141925
637800774	-0.875418805
637800775	-0.139682382
637800776	0.030228013
637800777	-0.174964454
637800778	-0.081654767
637800779	-0.072610712
637800780	-0.514818972
637800781	-1.124261765
637800782	-1.231999653
637800783	-1.110886395
637800784	-1.824500305
637800785	-0.202533541
637800786	0.176825256
637800787	0.130335166
637800788	-0.150360798
637800789	-0.09134334
637800790	-0.044405196
637800791	0.15736888
637800792	-0.198328503
637800793	-0.266749294
637800794	-0.498950243
637800795	-0.021898465
637800796	-0.106321361
637800797	-0.352064923
637800798	-0.226573075
637800799	0.153328729
637800800	-0.815588578
637800801	-0.110929378
637800802	-0.193457161
637800803	-0.055016985
637800804	-0.107744256
637800805	0.183836523
637800806	-0.011405389
637800807	0.437196239
637800808	0.406808636
637800809	0.133076373
637800810	0.069075369
637800811	0.104991877
637800812	0.170016859
637800813	-0.060677984
637800814	-0.296847116
637800815	-0.206677407
637800816	-0.075557024
637800817	0.068303746
637800818	0.200774527
637800819	0.089200928
637800820	0.053587019
637800821	0.234342694
637800822	0.210604386
637800823	0.251271488
637800824	0.247376504
637800825	-0.154571732
637800826	0.018278741
637800827	0.03078901
637800828	-0.247094588
637800829	0.060449029
637800830	0.041757979
637800831	-0.01729364
637800832	-0.81646112
637800833	-0.665525911
637800834	-0.466264064
637800835	-0.672311582
637800836	-1.03036393
637800837	-0.243523891
637800838	-0.093043227
637800839	-0.346110658
637800840	-0.244632954
637800841	-0.112393368
637800842	-0.045390451
637800843	-0.310034095
637800844	0.039359474
637800845	0.109567812
637800846	-0.097162343
637800847	-0.076293996
637800848	0.495162988
637800849	-0.178816486
637800850	0.199842182
637800851	-0.294666069
637800852	-0.395802948
637800853	0.086459761
637800854	0.006290153
637800855	-0.323237303
637800856	0.049412076
637800857	-0.109700425
637800858	0.136524693
637800859	0.074868568
637800860	-0.439950372
637800861	-0.037086073
637800862	-0.172904249
637800863	-0.045234323
637800864	0.217321881
637800865	0.40224116
637800866	-0.013826929
637800867	-0.107956481
637800868	0.086328254
637800869	0.548726353
637800870	0.140913609
637800871	-0.152078381
637800872	-0.363991536
637800873	0.037339027
637800874	-0.149431348
637800875	0.203760707
637800876	-0.092583435
637800877	0.097907529
637800878	-0.127823135
637800879	-0.193150788
637800880	-0.215527596
637800881	-0.152706498
637800882	-0.156072242
637800883	-0.150317219
637800884	-0.071008214
637800885	-0.112265082
637800886	0.077448884
637800887	0.157590417
637800888	-0.451446134
637800889	-0.020699864
637800890	0.128269624
637800891	-0.016470396
637800892	-0.21728186
637800893	-0.161258297
637800894	-0.069612724
637800895	0.052979085
637800896	-0.311595723
637800897	-0.561567001
637800898	0.34791795
637800899	0.128925463
637800900	0.246530825
637800901	0.254122948
637800902	0.070236512
637800903	-0.009381665
637800905	0.075389479
637800906	0.100043414
637800907	-0.349332564
637800908	0.070490306
637800909	-0.315876763
637800910	-1.147626278
637800911	-0.141966974
637800912	0.254023949
637800913	-0.102968019
637800914	-0.369959977
637800915	-0.181679128
637800916	-0.012336633
637800917	0.369212481
637800918	0.276822864
637800919	0.116694162
637800920	-0.040316848
637800921	-0.201742433
637800922	-0.047961493
637800923	0.019354209
637800924	0.329800114
637800925	-0.19410606
637800926	-0.180221105
637800927	-0.184167904
637800928	-0.110810488
637800929	-0.090245407
637800930	0.10346598
637800931	-0.088854707
637800932	0.012655872
637800933	-0.416849686
637800934	-0.676912843
637800935	-0.670004958
637800936	-0.275519115
637800937	-0.21699921
637800938	-0.096746498
637800939	-0.042839036
637800940	-0.17023371
637800941	0.10091703
637800942	0.064484118
637800943	-0.065257226
637800944	0.233233839
637800945	0.236209737
637800946	-0.190567325
637800947	-0.442084774
637800948	-0.418273448
637800949	-0.405472937
637800950	-0.241664934
637800951	0.035894725
637800952	-0.14181558
637800953	0.06778072
637800954	-0.17849091
637800955	-0.336016853
637800956	-0.415440955
637800957	0.128922485
637800958	0.059635851
637800959	-0.268200735
637800960	0.128755729
637800961	0.005682933
637800962	-0.224986585
637800963	0.051599342
637800964	0.103409232
637800965	-0.097035216
637800966	0.16430245
637800967	0.101912435
637800968	-0.232012067
637800969	0.075263614
637800970	-0.205451362
637800971	-0.211945187
637800972	0.004430201
637800973	-0.177110784
637800974	-0.109777127
637800975	-0.244385268
637800976	-0.092836574
637800978	-0.029495029
637800979	-0.302015002
637800980	-0.31631791
637800981	-0.274347866
637800982	0.149729842
637800983	-0.176565064
637800984	-0.099532578
637800985	-0.301884863
637800986	0.036420454
637800987	-0.00109876
637800988	-0.180212757
637800989	0.012759882
637800990	-0.167043044
637800991	-0.380657134
637800992	-0.124102976
637800993	-0.081321768
637800994	-0.163746501
637800995	0.15108536
637800996	0.253491391
637800997	-0.016969542
637800998	0.458806153
637800999	-0.161769303
637801000	0.040345603
637801001	-0.115038215
637801002	-0.257631362
637801003	-0.434763675
637801004	-0.602072079
637801005	-0.634708239
637801006	-0.801617514
637801007	-1.132569115
637801008	-0.126849281
637801009	-0.187172482
637801010	0.103204375
637801011	-0.050165933
637801012	-0.03801552
637801013	0.217961965
637801014	0.141032771
637801015	0.047606433
637801016	-0.218440788
637801017	-0.051389074
637801018	0.109599012
637801019	0.157112801
637801020	0.380596205
637801021	0.044219608
637801022	-0.158664416
637801023	0.022998212
637801024	0.084027107
637801025	0.271488852
637801029	0.201105315
637801030	-0.215344642
637801031	-0.238851564
637801032	-0.114697453
637801033	0.192013517
637801034	0.072662805
637801035	-0.010259944
637801036	-0.163419551
637801037	0.239603393
637801038	-0.050906868
637801040	-0.184766018
637801041	0.053573894
637801042	0.188774997
637801043	0.011696065
637801044	-1.863121472
637801045	-1.567282089
637801046	0.112969685
637801047	0.035865421
637801048	0.221776547
637801049	0.228934951
637801050	0.004824027
637801051	0.110421625
637801052	-0.129247812
637801053	0.187734245
637801054	-0.254461373
637801055	-0.365660469
637801056	-0.617443553
637801057	-0.379043153
637801058	-0.470375543
637801059	-0.490358852
637801060	-0.045623437
637801061	-0.022150682
637801062	0.142544345
637801063	-0.513671951
637801064	0.056243963
637801065	0.009571798
637801066	-0.132910725
637801067	-0.352306958
640711016	-0.522362083
640711017	-0.240847495
640711018	-0.066710231
640711019	-0.651083502
640711020	-0.287663574
640711021	-0.53741091
640711022	-0.300238419
640711023	-0.433987649
640711024	0
640711025	0
640711026	0
640711027	0
640711028	0
640711029	-0.620954902
640711030	0.355355337
640711031	-0.354744073
640711032	-0.387146671
640711033	-0.801653196
640711034	0.006501165
640711035	-0.275224296
640711036	-0.341630696
640711037	-0.215104251
640711038	0.123475715
640711039	-0.217575347
640711040	-0.499560025
640711041	-0.272867666
640711042	-0.227997383
640711043	-0.412936181
640711044	-0.541736382
640711045	-0.376525535
640711046	-0.575811918
640711047	-0.307509431
640711048	-0.462710343
640711049	-0.405058567
640711050	-0.151492433
640711051	-0.35976481
640711052	-0.617222831
640711053	-0.267637189
640711054	0.351958445
640711055	-0.609987129
640711056	-0.468811256
640711057	-0.313599249
640711058	-0.245628442
640711059	-0.345905791
640711060	-0.434845525
640711061	-0.483576344
640711062	-0.708494356
640711063	-0.43741895
640711064	-0.437058885
640711065	-0.258328582
640711066	-1.001774831
640711067	-0.531794209
640711068	-0.563837468
637798356	-0.222478737
637798357	0.416798491
637798358	-0.079007824
637798359	-0.173924612
637798360	-0.140013632
637798361	0.869494154
637798362	-0.034994218
637798363	0.012753245
637798364	-0.110098434
637798365	-0.084871572
637798366	-0.031747883
637798367	-0.047602151
637798368	-0.144289658
637798369	-0.062444991
637798370	-0.067327063
637798371	-0.095610477
637798372	-0.080893464
637798373	-0.019185619
637798374	-0.153723144
637798375	-0.045193339
637798376	-0.042667261
637798377	-0.081096495
637798378	-0.019821029
637798379	-0.120302543
637798380	-0.177878699
637798381	-0.179624355
637798382	-0.735771773
637798383	-0.73838718
637798384	-0.271083237
637798385	-0.194062938
637798386	0.110050292
637798387	-0.353522985
637798388	0.046079195
637798389	-0.003687582
637798390	-0.071301388
637798391	-0.250691125
637798392	-0.102833753
637798393	-0.143982866
637798394	0.066530063
637798395	-0.208871676
637798396	0.024487852
637798397	0.154377198
637798398	-0.767373977
637798399	-0.371137409
637798400	-0.650414893
637798401	-0.392389746
637798402	-0.251844515
637798403	-0.067725955
637798404	-0.100709423
637798405	0.023821076
pANS_predictedORF_1	0.259399767
pANS_predictedORF_2	0.03048507
pANS_predictedORF_3	-0.395124357
pANS_predictedORF_4	-0.156881829
pANS_predictedORF_5	0.015678728
pANS_predictedORF_6	0.221565678
pANS_predictedORF_7	0.037980064
pANS_predictedORF_8	-0.072960236
