Reporter Identifier	VALUE
637798406	0.105297623
637798407	0.099949526
637798408	0.28030622
637798409	0.356628571
637798410	-0.34464307
637798411	-0.082448823
637798412	0.21011571
637798413	-0.283664448
637798414	0.513305955
637798415	-0.087783264
637798416	-0.110799427
637798417	0.006911679
637798418	1.11348287
637798419	-0.230082343
637798420	0.137218567
637798421	-0.150761145
637798422	-0.018038646
637798423	0.124962545
637798424	-0.771892601
637798425	0.046430084
637798426	0.113464829
637798427	0.030075729
637798428	-0.15877543
637798429	-0.199458447
637798430	-0.031736911
637798431	-0.070081881
637798432	-0.045190956
637798433	-0.363954411
637798434	-0.066204481
637798435	-0.057555013
637798436	0.20077001
637798437	-0.486449213
637798438	-0.675211564
637798439	-0.002412978
637798440	-0.355949206
637798441	-0.089112878
637798442	0.163698088
637798443	-0.028803433
637798444	-0.920275103
637798445	-0.319560064
637798446	-0.24970718
637798448	0.522870675
637798449	0.281051829
637798450	0.331766733
637798451	-0.041005919
637798452	-0.321855163
637798453	-0.110331687
637798454	-0.499947034
637798455	-0.555613099
637798456	-0.149625585
637798457	-0.120100418
637798458	-0.18934544
637798459	-0.369992586
637798460	-0.199229574
637798461	-0.442076816
637798462	-0.176112363
637798463	-0.235363546
637798464	0.05338376
637798465	-0.269003371
637798466	-0.097050614
637798467	-0.006485037
637798468	-0.116788145
637798469	0.071272974
637798470	0.024426296
637798471	-0.165056582
637798472	0.068232332
637798473	0.085179746
637798474	0.164295792
637798475	-0.407944219
637798476	0.246029645
637798477	0.26306599
637798478	0.34631
637798479	-0.341356092
637798480	-0.172518781
637798481	0.07675993
637798482	-0.072056401
637798483	0.215455318
637798484	0.16175223
637798485	0.111253583
637798486	0.033139918
637798487	-0.004517573
637798488	0.209051266
637798489	0.187828422
637798490	0.014078494
637798491	-0.282966146
637798492	-0.426356053
637798493	-0.265858756
637798494	0.066996812
637798495	0.064459195
637798496	0.062943896
637798497	0.032790646
637798498	-0.132967842
637798499	0.177803801
637798500	-0.046397494
637798501	0.056455076
637798502	-0.701087154
637798503	-0.061525678
637798504	-0.004757486
637798505	-0.230531313
637798506	-0.90507962
637798507	0.283159835
637798508	-0.052593462
637798509	-0.188250127
637798510	0.087869067
637798511	0.098540102
637798512	0.193012927
637798513	-0.038373721
637798514	-0.077779287
637798515	-0.280601252
637798516	0.012873115
637798517	0.113594458
637798518	0.145533096
637798519	-0.005014988
637798520	0.41178343
637798521	-0.009985519
637798522	-0.066603005
637798523	-0.124260269
637798524	0.217437918
637798525	0.168358201
637798526	0.169817067
637798527	-0.168708221
637798528	-0.263686451
637798529	-0.014065088
637798530	0.074363177
637798531	-0.156270151
637798532	0.009312219
637798533	0.271225964
637798534	-0.298238888
637798535	-0.243084981
637798536	-0.491453912
637798537	-0.152673236
637798538	-0.1664836
637798539	0.130685
637798540	-0.000171911
637798541	-0.064198022
637798542	0.059016893
637798543	0.097071522
637798544	-0.077229455
637798545	-0.186313474
637798546	0.227981988
637798547	-0.048915777
637798548	0.20769281
637798549	-0.037318094
637798550	0.130242139
637798551	-0.090647938
637798552	-0.157010528
637798553	-0.093947017
637798554	-0.049704407
637798555	0.305710456
637798556	0.137433943
637798557	0.127210678
637798558	0.022794083
637798559	0.074321312
637798560	-0.006908537
637798561	0.36813031
637798562	0.03273987
637798563	-0.574366323
637798564	0.208092429
637798565	0.038429201
637798566	0.122532784
637798567	0.773027538
637798568	-0.263917957
637798569	-0.159004287
637798570	-0.270945956
637798571	-0.115508659
637798572	0.066061345
637798573	0.76110183
637798574	-0.076194005
637798575	-0.195359583
637798576	0.041507923
637798577	0.123421213
637798578	0.303304479
637798579	0.431496771
637798580	0.255962845
637798581	0.12797796
637798582	-0.221471621
637798583	-0.095126778
637798584	0.150734501
637798585	0.138654511
637798586	-0.294024939
637798587	-0.522530673
637798588	-0.31882927
637798589	-0.034784142
637798590	-0.018510204
637798591	0.038589379
637798592	0.053942258
637798593	0.032537288
637798594	0.012909912
637798595	0.131658081
637798596	-0.078439583
637798597	0.198911142
637798598	-0.017375677
637798599	-0.161207419
637798600	0.253056278
637798601	-0.442742181
637798602	0.208660672
637798603	-0.161746982
637798604	-0.36496068
637798605	-0.08390399
637798606	-0.53868801
637798607	-0.398094279
637798608	-0.255155574
637798609	0.681370367
637798610	0.142058517
637798611	0.091988291
637798612	0.078934478
637798613	0.095708247
637798614	0.252739986
637798615	-0.350483362
637798616	-0.144078669
637798617	-0.181895749
637798618	-0.010302599
637798619	-0.191127534
637798620	0.062536501
637798621	-0.708548063
637798622	0.082860862
637798623	0.036180061
637798624	0.150062515
637798625	-0.067082817
637798626	0.002085867
637798627	0.30430222
637798628	0.308635026
637798629	-0.118461616
637798630	0.070466565
637798631	0.713449689
637798632	-0.1164853
637798633	0.17482078
637798634	-0.287658436
637798635	-0.221754017
637798636	-0.188820227
637798637	0.207979375
637798638	0.205590743
637798639	0.197533439
637798640	0.06129173
637798641	0.027163271
637798642	-0.230291685
637798643	-0.13580962
637798644	0.191402313
637798645	0.199562143
637798646	0.153993133
637798647	0.223559407
637798648	-0.011226983
637798649	-0.421104872
637798650	-1.161042234
637798651	-1.308190301
637798652	0.064105031
637798653	0.075004481
637798654	0.076914167
637798655	-0.223239392
637798656	0.20444622
637798657	0.063451127
637798658	-0.283865065
637798659	-0.341050567
637798660	0.100247071
637798661	-0.087496112
637798662	-0.064205879
637798663	0.154958791
637798664	-0.103580627
637798665	0.067543637
637798666	-0.016753089
637798667	-0.024495041
637798668	-0.004813449
637798669	-0.034493539
637798670	0.217695616
637798671	0.10666163
637798672	-0.014093562
637798673	-0.256963548
637798674	0.115424329
637798675	-0.756068754
637798676	0.101845007
637798677	0.314510996
637798678	0.366435781
637798679	0.027028542
637798680	-0.073051017
637798681	-0.062725149
637798682	-0.024468654
637798683	0.096135671
637798684	-0.444859863
637798685	-0.370266742
637798686	0.093661638
637798687	0.039609534
637798688	0.258699585
637798689	-0.037893057
637798690	0.32337906
637798691	0.274805737
637798692	0.181693944
637798693	-0.0251037
637798694	0.39253467
637798695	-0.090621207
637798696	0.044372334
637798697	-0.175679126
637798698	-0.155330724
637798699	0.055009308
637798700	0.228652919
637798701	0.452886706
637798702	0.212521845
637798703	0.097070742
637798704	0.186382521
637798705	0.36602169
637798706	0.046040163
637798707	0.115929893
637798708	-0.616955931
637798709	0.006012525
637798710	-1.26040108
637798711	-0.722244509
637798712	-0.053448229
637798713	-0.049281769
637798714	-0.239214748
637798715	-0.156328554
637798716	0.062167896
637798717	0.040448331
637798718	-0.298125588
637798719	0.026508078
637798720	0.101647563
637798721	0.299166792
637798722	-0.698030346
637798723	-0.140189607
637798724	-0.039410443
637798725	-0.040349064
637798726	0.310307862
637798727	0.334581721
637798728	-0.129923412
637798729	-0.022479382
637798730	-0.107760888
637798731	0.177494946
637798732	0.155506592
637798733	0.194267918
637798734	-0.110061859
637798735	0.103582628
637798736	0.278454206
637798737	0.132766159
637798738	0.580192729
637798739	0.31856261
637798740	0.482058052
637798741	0.171160181
637798742	0.286018421
637798743	0.508197336
637798744	0.085934522
637798745	0.013689805
637798746	0.196528298
637798747	-0.059486382
637798748	-0.165509463
637798749	0.101078382
637798750	-0.296891214
637798751	0.120323094
637798752	0.041165214
637798753	0.064146368
637798754	-0.228742881
637798755	0.023788279
637798756	-0.381449426
637798757	0.233784329
637798758	0.024673789
637798759	-0.214371194
637798760	0.168877707
637798761	-0.370010886
637798762	0.042049293
637798763	-0.0686566
637798764	0.122369583
637798765	-0.041954052
637798766	0.23120323
637798767	0.54548024
637798768	0.005164723
637798769	0.306260859
637798770	-0.08787977
637798771	-0.329178485
637798772	-0.082994281
637798773	-0.102751681
637798774	-0.075021305
637798775	-0.745853036
637798776	-0.800366556
637798777	-0.447860128
637798778	-0.108501413
637798779	-0.202683581
637798780	-0.038720191
637798781	-0.149158459
637798782	0.056886356
637798783	-0.274504453
637798784	-0.175501262
637798785	-0.134277421
637798786	-0.309894755
637798787	-0.303120487
637798788	-0.255314498
637798789	-0.822166293
637798790	-0.110265515
637798791	0.049168209
637798792	0.014439154
637798793	0.259495162
637798794	0.124374179
637798795	-0.21268336
637798796	-0.115733825
637798797	-0.869495666
637798798	0.081952422
637798799	0.24435476
637798800	-0.147003199
637798801	-0.224047191
637798802	0.153365445
637798803	0.211343492
637798804	-0.012690301
637798805	-0.00107646
637798806	0.05099329
637798807	-0.241017194
637798808	0.100203322
637798809	0.163473385
637798810	-0.170564325
637798811	0.288831297
637798812	-0.083188793
637798813	0.077247345
637798814	-0.156623234
637798815	-0.390496328
637798816	-0.254179712
637798817	0.235386524
637798818	0.201451348
637798819	0.290911772
637798820	0.186584533
637798821	-0.109588952
637798822	-0.314927661
637798823	-0.200680752
637798824	-0.355344629
637798825	0.173432258
637798826	-0.161921082
637798827	-0.493340823
637798828	-0.798623205
637798829	-0.0709634
637798830	0.168940176
637798831	-0.015375812
637798832	-0.168248022
637798833	0.388730035
637798834	0.224698298
637798835	-0.071768933
637798836	-0.096880813
637798837	0.018632548
637798838	0.279546246
637798839	0.138960955
637798840	-0.302930439
637798841	-0.025414192
637798842	0.001959457
637798843	-0.34479262
637798844	-0.198296715
637798845	0.186317246
637798846	0.157013821
637798847	0.121338255
637798848	0.043466244
637798849	-0.350211351
637798850	-0.727401542
637798851	0.020290806
637798852	0.534740566
637798853	0.237062433
637798854	-0.181766876
637798855	0.169873832
637798856	-0.083509649
637798857	0.084064869
637798858	0.426635433
637798860	0.16299824
637798861	-0.056256322
637798862	-0.139989548
637798863	0.12469214
637798864	0.021022382
637798865	0.006099431
637798866	-0.024459027
637798867	-0.070473853
637798868	-0.173786888
637798869	-0.108014034
637798870	-0.070964346
637798871	-0.045041514
637798872	-0.351870324
637798873	0.177458046
637798874	0.101593962
637798875	0.046083
637798876	0.107157303
637798877	-0.110038797
637798878	0.096242361
637798879	0.128355625
637798880	0.152220785
637798881	0.323997218
637798882	-0.040222082
637798883	-0.290029469
637798884	0.147238627
637798885	0.123348832
637798886	0.00718561
637798887	-0.129224168
637798888	-0.343703383
637798889	-0.04022266
637798890	-0.064969784
637798891	0.168816422
637798892	0.607132723
637798893	0.548087654
637798894	-0.404873857
637798895	-0.123361593
637798896	0.039297193
637798897	-0.342125714
637798898	0.032793167
637798899	0.173814902
637798900	-0.321047267
637798901	-0.101011727
637798902	-0.347043713
637798903	-0.01013059
637798904	0.060111843
637798905	-0.376461631
637798906	-0.791229279
637798907	-0.175300371
637798908	-0.055406959
637798909	0.172581169
637798910	0.244120396
637798911	0.056359579
637798912	0.429098525
637798913	0.141672204
637798914	0.37055583
637798915	0.242885114
637798916	0.01412338
637798917	0.196108725
637798918	-0.069947025
637798919	-0.010047749
637798920	0.051835655
637798921	-0.177792382
637798922	-0.00514841
637798923	-0.135188624
637798924	-0.020760876
637798926	-0.052759488
637798927	0.051571478
637798928	0.345688215
637798929	0.3501327
637798930	-0.177594884
637798931	0.102037567
637798932	-0.431037678
637798933	-0.005764606
637798934	0.208843004
637798935	-0.726882652
637798936	-0.228842659
637798937	-0.105830856
637798938	-0.077935032
637798939	-0.420212244
637798940	-0.162270684
637798941	0.011333969
637798942	-0.168587189
637798943	0.056791738
637798944	0.289536994
637798945	0.244904549
637798946	-0.083641939
637798947	0.085756602
637798948	-0.311479208
637798949	0.153704002
637798950	0.100610543
637798951	0.081238984
637798952	0.09710897
637798953	0.148840966
637798954	-0.239873327
637798955	0.138710545
637798956	-0.001821411
637798957	-0.527086468
637798958	0.273356836
637798959	-0.115416574
637798960	0.710172768
637798961	-0.105244963
637798962	0.936116503
637798963	-0.108712269
637798964	-0.860024592
637798965	0.253929215
637798966	-0.170516954
637798967	-0.041633302
637798968	0.027028257
637798969	0.005742468
637798970	-0.031858497
637798971	-0.147296222
637798972	0.058234493
637798973	0.055641057
637798974	0.109363371
637798975	0.053231333
637798976	0.03393285
637798977	-0.046340796
637798978	-0.07793978
637798979	-0.341218366
637798980	-0.318517681
637798981	-0.906131121
637798982	0.254299887
637798983	-0.040621608
637798984	0.002656594
637798985	-0.084351489
637798986	0.254612652
637798987	0.190250974
637798988	0.056017334
637798989	-0.504261596
637798990	-0.089960879
637798991	0.621854479
637798992	0.066099545
637798993	-0.191163619
637798994	0.053880174
637798998	0.070703008
637798999	0.119404734
637799000	-0.201672124
637799001	-0.153899396
637799002	0.236382929
637799003	0.003121837
637799004	-0.072773688
637799005	-0.06472957
637799006	-0.34465587
637799007	0.194247844
637799008	-0.509035447
637799009	0.570842534
637799010	-1.2299688
637799011	0.031829862
637799012	0.113477241
637799013	0.473415592
637799014	0.206842556
637799015	0.159211863
637799016	0.142274543
637799017	-0.005913704
637799018	-0.074450022
637799019	0.015038912
637799020	0.255944018
637799021	0.100991822
637799022	0.320997621
637799023	0.479845814
637799024	0.325374359
637799025	0.146650001
637799026	0.116076512
637799027	0.322395672
637799028	-0.042597668
637799029	-0.000254506
637799030	-0.095473028
637799031	-0.149381998
637799032	-0.168717418
637799033	-0.153970928
637799035	-0.114570618
637799036	0.08122725
637799037	-0.000569512
637799038	-0.111949971
637799039	0.038220591
637799040	0.094946743
637799041	0.082460955
637799042	-0.078959948
637799043	0.299534043
637799044	0.153146872
637799045	-0.037168937
637799046	0.082727265
637799047	0.032856779
637799048	-0.097811922
637799049	0.087722423
637799050	-0.029955198
637799051	0.160984869
637799052	-0.058696663
637799053	-0.090041489
637799054	-0.248752855
637799055	0.245224641
637799056	-0.588760605
637799057	0.045064797
637799058	0.01766794
637799059	-0.582065844
637799060	-0.819091419
637799061	-0.173910335
637799062	-0.132141615
637799063	-0.137509354
637799064	0.368035548
637799065	-0.036739321
637799066	-0.128962426
637799067	-0.198504429
637799068	0.209788426
637799069	-0.056422583
637799070	0.038353115
637799071	-0.061706122
637799072	0.249958979
637799073	0.214037437
637799074	-0.430539144
637799075	0.11108497
637799076	-0.094480516
637799077	0.072946527
637799078	0.0229076
637799079	-0.263799526
637799080	-0.454513553
637799081	0.002123985
637799082	-0.177884293
637799083	0.114416326
637799084	-0.155015293
637799085	-0.003260863
637799086	0.212224792
637799087	0.038389716
637799088	0.05301961
637799089	-0.346795896
637799090	0.060581599
637799091	0.196839563
637799092	-0.559560941
637799093	0.670386092
637799094	-0.033915155
637799095	0.227076414
637799096	0.031140917
637799097	-0.250924373
637799098	-0.427511081
637799099	-0.227182957
637799100	-0.077080814
637799101	0.044870237
637799102	0.042642963
637799103	0.07632627
637799104	-0.058075905
637799105	0.094028438
637799106	0.092784626
637799107	0.002195502
637799108	0.132945559
637799109	0.299140681
637799110	0.195158911
637799111	-0.037781013
637799112	0.112188954
637799113	-0.049583977
637799114	0.03195069
637799115	-0.983789569
637799116	-0.619664372
637799117	-0.438215881
637799118	-0.146745385
637799119	-0.129026971
637799121	0.129487297
637799122	-0.454780108
637799123	0.127849722
637799124	0.405171947
637799125	-0.403584009
637799126	-0.145500616
637799127	-0.238816534
637799128	-0.03240576
637799129	0.343720776
637799130	-0.071913862
637799131	-0.086416771
637799132	-0.026674278
637799133	-0.182557394
637799134	-0.087923115
637799135	-0.005539179
637799136	-0.314724761
637799137	0.01441128
637799138	0.101422411
637799139	-0.013044478
637799140	-0.111279203
637799141	0.112748895
637799142	-0.233175875
637799143	-0.068710699
637799144	-0.234837253
637799146	-0.079330701
637799147	-0.040426856
637799148	-0.30608568
637799149	-0.177958576
637799150	-0.146199027
637799151	-0.267734966
637799152	-0.058226427
637799153	-0.094834443
637799154	-0.046274583
637799155	0.03149075
637799157	-0.296503508
637799158	-0.385936311
637799159	-0.04730522
637799160	0.016346483
637799161	-0.023462987
637799162	-0.102217799
637799163	-0.069639936
637799164	-0.151594191
637799165	0.042997939
637799166	-0.124656856
637799167	0.004381515
637799168	-0.092520584
637799169	-0.129246389
637799170	-0.182106238
637799171	-0.432993025
637799172	-0.394608633
637799173	-0.319193869
637799174	-0.528108051
637799175	-0.344989649
637799176	-0.418924715
637799177	-0.389974382
637799178	-0.097117324
637799179	-0.23651324
637799180	0.002004936
637799181	-0.199288687
637799182	-0.012563532
637799184	-0.823412979
637799185	-0.398134803
637799186	-0.524949911
637799187	-0.017757813
637799188	0.342858438
637799189	0.305033724
637799190	-0.074973924
637799191	0.200632894
637799192	0.213757605
637799193	0.052799538
637799194	-0.046677637
637799195	-0.148199543
637799196	0.059248508
637799197	-0.525859271
637799198	-0.089220331
637799199	0.343109352
637799200	0.142346353
637799201	-0.006924087
637799202	0.421261954
637799203	-0.380019325
637799204	0.063462496
637799205	-0.137449629
637799206	0.298036842
637799207	0.047418155
637799208	-0.112482965
637799209	0.182098886
637799210	-0.092387545
637799211	0.073494734
637799212	-0.157272328
637799213	-0.720852945
637799214	0.263413412
637799215	0.1443589
637799216	0.223709748
637799217	-0.200307801
637799218	-0.036075975
637799220	-0.028769784
637799221	0.074641491
637799222	0.060662832
637799223	0.131175997
637799224	-0.214865045
637799225	0.104590745
637799226	0.020310166
637799227	0.126198256
637799228	0.326485233
637799229	-0.263539098
637799230	-0.024653725
637799231	0.310020082
637799232	0.260569546
637799233	0.012906632
637799234	0.06860162
637799235	0.327211151
637799236	0.376568501
637799237	-0.055798857
637799238	0.33064643
637799239	-0.087172118
637799240	0.060321255
637799241	-0.003213164
637799242	0.16929299
637799243	0.176793096
637799244	-0.162764037
637799245	-0.042756952
637799246	0.131373666
637799247	0.386087818
637799248	0.086111825
637799249	0.043287194
637799250	-2.849712825
637799251	0.436166913
637799252	0.059191041
637799253	-0.051237072
637799254	-0.236387092
637799255	-0.104580041
637799256	-0.12328676
637799257	0.016015013
637799258	0.127928181
637799259	0.085312296
637799260	-0.130655288
637799261	0.209623778
637799262	0.216333933
637799263	0.024569469
637799264	0.008237543
637799265	0.289614081
637799266	0.469409827
637799267	-0.000809202
637799268	0.154002111
637799270	0.125081311
637799271	-0.3181484
637799272	-0.31279851
637799273	-0.345861101
637799274	-0.187362048
637799275	-0.205249715
637799276	-0.179211577
637799277	-0.177748781
637799278	-0.566947846
637799279	0.194899326
637799280	0.337300353
637799281	0.172572533
637799282	-0.175522158
637799283	0.566364794
637799284	0.220904348
637799285	-0.275871983
637799286	-0.406013379
637799287	-0.390621332
637799288	0.12831681
637799289	-0.174580114
637799290	-0.02509788
637799291	0.368207059
637799292	0.183758306
637799293	0.092323611
637799294	-0.314649913
637799295	-0.386904541
637799296	-0.129361977
637799297	0.231386675
637799298	0.295182635
637799299	0.107119219
637799300	-0.057693606
637799301	-0.18077688
637799302	0.020323144
637799303	0.077646672
637799304	0.08214443
637799305	-0.126272676
637799307	-0.097449146
637799308	0.034751004
637799309	-0.317910272
637799310	-0.036375747
637799311	0.313296335
637799312	0.136159779
637799313	0.009546596
637799314	-0.048904504
637799315	0.367721191
637799316	-0.051326937
637799317	-0.209887142
637799318	0.28109701
637799319	-0.195821075
637799320	0.04475176
637799321	-0.325692997
637799322	-0.963274779
637799323	-0.909481097
637799324	-0.378627477
637799325	-0.183147075
637799326	-0.152981689
637799327	0.053952888
637799328	0.04699373
637799329	-0.324484687
637799330	-0.058811826
637799331	0.022258067
637799332	-0.230433613
637799333	0.047846441
637799334	0.075505034
637799335	-0.314359339
637799336	-0.123705162
637799337	0.701370383
637799338	0.106713435
637799339	-0.018500436
637799340	0.166286891
637799341	0.165652169
637799343	0.421636822
637799344	0.181137807
637799345	0.133284447
637799346	0.252010497
637799347	0.365796044
637799348	0.187622408
637799349	0.128539991
637799350	0.288854451
637799351	0.187755697
637799352	0.086483287
637799353	-0.107491361
637799354	-0.221368555
637799355	-0.108341669
637799356	-0.02272524
637799357	0.291722601
637799358	-0.584246835
637799359	0.248129983
637799360	-0.016553954
637799361	0.215645145
637799362	0.16783785
637799363	-0.172649374
637799364	0.260749752
637799366	-0.202594923
637799367	-0.209513024
637799368	0.690403649
637799369	-0.066119026
637799370	0.25729412
637799371	-0.225929128
637799372	0.289532315
637799373	0.171241049
637799374	0.061205513
637799375	-0.010408225
637799376	0.181890903
637799377	-0.248267475
637799378	0.255934854
637799379	0.508530187
637799380	0.084486137
637799381	0.002827292
637799382	0.023783696
637799383	-0.070818131
637799384	-0.004211799
637799385	0.081548535
637799386	0.371126938
637799387	-0.449867459
637799388	0.18981056
637799389	-0.16441208
637799390	-0.46300996
637799391	0.168492485
637799392	0.057005912
637799393	-0.058246312
637799394	-0.081219445
637799395	-0.136196035
637799396	0.013862932
637799397	0.210981523
637799398	-0.2898622
637799399	-0.031474491
637799400	0.015009645
637799401	-0.033192067
637799402	-0.042163978
637799403	0.04430905
637799404	-0.031017024
637799405	0.050821489
637799406	-0.094231295
637799407	-0.201965188
637799408	-0.59234398
637799409	0.09608951
637799410	-0.094950106
637799411	0.066262527
637799412	0.204439369
637799413	-0.202414378
637799414	0.139813911
637799415	0.133729127
637799416	0.464061754
637799417	0.061429153
637799418	0.077297755
637799419	0.057988545
637799420	0.347778693
637799422	0.21524586
637799423	0.022723043
637799424	0.12210705
637799425	0.195904419
637799426	0.080073208
637799427	-0.15187437
637799428	0.154367647
637799429	0.177856175
637799430	-0.011066889
637799431	-0.069745304
637799432	-0.338453515
637799433	0.05193937
637799434	-0.418469464
637799435	-0.124139745
637799436	-0.147971177
637799437	0.011952939
637799438	0.382788902
637799439	-0.172681854
637799440	-0.184277452
637799441	-0.089408665
637799442	-0.079498411
637799443	-0.171857878
637799444	0.116383696
637799445	0.172686631
637799448	-0.061232192
637799449	-0.308525998
637799450	0.310787721
637799451	-0.055847695
637799452	0.201930096
637799453	-0.210223283
637799454	-0.464965467
637799455	-0.242102524
637799456	0.064490844
637799457	-0.047271912
637799458	-0.058997157
637799459	0.146968442
637799460	0.12266908
637799461	-0.003393242
637799462	-0.571948119
637799463	0.243372639
637799464	-0.396003958
637799465	0.201541893
637799466	0.040943659
637799467	-0.062728686
637799468	0.175376173
637799469	0
637799470	0
637799471	0.149939827
637799472	0.375237475
637799473	0.519605967
637799474	0.613949312
637799475	0.456786977
637799476	-0.013753909
637799477	0.155366264
637799478	0.050382207
637799479	0.092802345
637799480	-0.047283498
637799481	-0.253295536
637799482	0.023897653
637799483	-0.236029623
637799484	-0.464422799
637799485	-0.537661154
637799486	-0.356580105
637799489	-0.216093397
637799490	-0.085356758
637799491	-0.180583317
637799492	0.096091393
637799493	0.150081928
637799494	-0.082996224
637799495	-0.059536107
637799497	0.291574492
637799498	0.146338886
637799499	-0.196216644
637799500	-0.127334644
637799501	-0.010014816
637799502	-0.03067874
637799503	-0.198963646
637799504	0.079358475
637799505	0.011579437
637799506	0.042902203
637799508	-0.057309194
637799509	0.125213722
637799510	-0.036359091
637799511	-0.084901727
637799512	0.282479641
637799513	0.451492962
637799514	0.234608045
637799515	-0.04037067
637799516	0.330768134
637799517	-0.333621195
637799518	-0.049190703
637799519	0.033133151
637799520	-0.060383334
637799521	-0.359812708
637799522	-0.411955488
637799523	0.136772493
637799524	0.096060741
637799525	0.287870079
637799526	-0.065381975
637799527	-0.026536218
637799528	0.084385881
637799529	-0.178647333
637799530	0.001968765
637799531	0.137153461
637799532	0.226051596
637799533	-0.106863212
637799534	0.041877624
637799535	-0.015967862
637799536	-0.267858031
637799537	0.060568908
637799538	-0.005203337
637799539	-0.152149486
637799540	-0.21158717
637799541	-0.224812328
637799542	0.250332507
637799543	-0.148226192
637799544	-0.150059698
637799545	-0.182735666
637799546	0.024978937
637799547	-0.125633749
637799548	0.068051264
637799549	-0.030956617
637799550	-0.166964682
637799551	-0.157062253
637799552	0.350895656
637799553	-0.039355699
637799554	-0.060933963
637799555	0.177461534
637799556	0.030805867
637799557	0.273653194
637799558	-0.037689917
637799559	-0.147234313
637799560	-0.316183454
637799561	-0.090264519
637799562	-0.02508111
637799563	0.055004388
637799564	0.089252778
637799565	0.015862295
637799566	-0.022299112
637799567	-0.215296237
637799568	0.140841977
637799569	0.556544104
637799570	0.068202153
637799571	-0.051566749
637799572	-0.253166098
637799573	0.16161491
637799574	-0.501680788
637799575	-0.126032544
637799576	-0.509545352
637799577	0.375326057
637799578	-0.105481209
637799579	-0.057164783
637799580	-0.154143749
637799581	-0.005332418
637799582	-0.819358144
637799583	-0.888201689
637799584	-0.320329008
637799585	-0.150116319
637799586	-0.081884822
637799587	-0.077864971
637799588	-0.229384204
637799589	-0.013992847
637799590	-1.138356867
637799591	-0.057157736
637799592	-0.167780161
637799594	0.321171351
637799595	0.121354202
637799596	-0.003876783
637799597	-0.090566314
637799598	-0.014145043
637799599	-0.013867157
637799600	0.006677721
637799601	0.167748153
637799602	0.057758228
637799603	0.132651851
637799604	0.189125517
637799605	-0.116828886
637799606	-0.04883434
637799607	-0.174632428
637799608	-0.15976976
637799609	0.038421061
637799610	0.02620211
637799611	-0.233476032
637799612	-0.620779833
637799613	0.118775116
637799614	-0.257708494
637799615	-0.121627778
637799616	-0.004481667
637799617	0.100032634
637799618	0.194423302
637799619	0.252685927
637799620	0.030512314
637799621	-0.055670621
637799622	-0.249217209
637799623	-0.112724105
637799624	0.32916644
637799625	-0.006661123
637799626	0.069609572
637799627	-0.083784221
637799628	0.115577479
637799629	0.366426767
637799630	-0.358750132
637799631	-0.030532485
637799632	0.007347733
637799634	-0.203079692
637799635	0.026840365
637799636	-0.247732393
637799637	-0.307643764
637799638	-0.320403762
637799639	-0.377214602
637799640	-0.305703475
637799641	-0.121751445
637799643	0.012265625
637799644	-0.153354702
637799645	-0.683419349
637799646	-0.972240747
637799647	0.126280903
637799648	-0.055975548
637799649	0.038179866
637799650	0.03648606
637799651	0.051912545
637799652	-0.036538104
637799653	0.078167983
637799654	-0.026472457
637799655	0.102754068
637799656	-0.582960463
637799657	-0.209044636
637799658	0.121891354
637799659	0.240058302
637799660	0.198839803
637799661	0.021693902
637799662	0.057076341
637799663	-0.409188259
637799664	0.087901703
637799665	-0.148022439
637799666	0.007989527
637799667	-0.082825304
637799668	0.202867624
637799669	0.123850788
637799670	0.357715039
637799671	-0.100564931
637799672	0.241891814
637799673	0.433787528
637799674	0.320669155
637799675	0.040835292
637799676	0.104978225
637799677	0.101927185
637799678	-0.057535825
637799679	-0.115494135
637799680	-0.273432086
637799681	0.057994949
637799682	0.206093882
637799683	0.074737683
637799684	0.033136931
637799685	-0.06476885
637799687	-0.100985433
637799688	-0.014578752
637799689	0.014970903
637799690	0.007200533
637799691	0.516253584
637799692	-0.009020855
637799693	-0.022985429
637799694	-0.010789945
637799695	0.175772717
637799696	0.286740622
637799697	-0.176463547
637799698	0.101138889
637799699	0.206131334
637799700	-0.034665352
637799701	0.152315929
637799702	-0.080834083
637799703	-0.130884395
637799704	0.039944535
637799705	-0.418805407
637799706	0.058320948
637799707	0.219733641
637799708	0.235543699
637799709	-0.214166402
637799710	-0.088556169
637799711	-0.101831472
637799712	0.124924601
637799713	0.125475289
637799714	-0.250674058
637799715	0.023490276
637799716	-0.001584543
637799717	-0.407622131
637799718	-0.126747676
637799719	-0.187607918
637799720	-0.196199094
637799721	0.346517286
637799722	0.069806987
637799723	0.425156995
637799724	-0.077288233
637799725	-0.272622562
637799726	-0.08631159
637799727	0.258961138
637799728	-0.179006945
637799729	-0.120140002
637799730	0.100390864
637799731	-0.354291532
637799732	0.241313644
637799733	0.191745421
637799734	0.217310439
637799735	-0.030419066
637799737	-0.535637378
637799738	0.020149488
637799739	0.210165136
637799740	0.296836698
637799741	-0.013663955
637799742	-0.188673952
637799743	0.289488309
637799744	0.365241754
637799745	-0.268050748
637799746	0.294706234
637799747	-0.052802671
637799748	-0.276810007
637799749	0.116580949
637799750	-0.0304784
637799751	-0.013008764
637799752	0.102546815
637799753	0.059159416
637799754	0.149603101
637799755	-0.123640111
637799756	-0.060682446
637799757	0.301319197
637799758	-0.186307005
637799759	-0.184428713
637799760	-0.115933714
637799761	0.030984167
637799762	-0.245375894
637799763	-0.05163264
637799764	0.066117472
637799765	0.063253087
637799766	-0.005611815
637799767	-0.34423671
637799768	-0.367974936
637799769	-0.200421033
637799770	0.139860236
637799771	0.119105442
637799772	-0.193388532
637799773	0.250876748
637799774	-0.154684127
637799775	-0.214201898
637799776	-0.028635625
637799777	-0.161834738
637799778	-0.10041798
637799779	-0.237092089
637799780	0.365106609
637799781	0.01436461
637799782	-0.045649219
637799783	0.046620472
637799784	-0.000631292
637799785	-0.656042785
637799786	-0.233596246
637799787	-0.122570029
637799788	-0.240634066
637799789	-0.068976935
637799790	0.014748142
637799791	0.139209336
637799793	-0.24940596
637799794	-0.199248635
637799795	-0.013840377
637799796	0.303716459
637799797	-0.290997958
637799798	0.373230988
637799799	0.058709454
637799800	-0.068971685
637799801	0.04129075
637799802	-0.605007426
637799803	-0.126010227
637799804	0.022129287
637799805	-0.025609915
637799806	0.056650543
637799807	-0.178573708
637799808	-0.000582278
637799809	-0.085806418
637799810	-0.201086181
637799811	0.047899022
637799812	-0.168147818
637799813	-0.029232962
637799814	-0.144139555
637799815	0.376284515
637799816	-0.04893287
637799817	-0.114763077
637799818	0.207712599
637799819	0.318365389
637799820	0.134712552
637799821	0.005667317
637799822	0.289495324
637799823	-0.453482429
637799824	-0.074914119
637799825	-0.170503389
637799826	-0.072472751
637799827	-0.08925844
637799828	-0.225815456
637799829	-0.481639631
637799830	-0.258157056
637799831	-0.143171558
637799832	-0.099344489
637799833	-0.185428446
637799834	-0.742859959
637799835	-0.129179096
637799836	-0.144429376
637799837	-0.072491766
637799838	-0.157860013
637799839	-0.296310829
637799840	-0.152891497
637799841	-0.113281792
637799842	-0.203688152
637799843	-0.564613421
637799844	-0.610418644
637799845	-0.05112598
637799846	0.142251534
637799847	0.118868637
637799848	-0.39070596
637799849	-0.136182357
637799850	0.126712387
637799851	-0.604738235
637799852	-0.530485137
637799853	0.619457582
637799854	0.522275424
637799855	0.563481009
637799856	0.184811987
637799857	0.307698424
637799858	0.373178087
637799859	0.892357009
637799860	0.157398438
637799861	-0.295121004
637799862	-0.310477175
637799863	-0.310833405
637799864	-0.27120748
637799865	0.092328105
637799866	0.231963919
637799867	0.041696141
637799868	-0.067784536
637799869	-0.226991956
637799870	0.01070659
637799871	-0.783494839
637799872	0.166517183
637799873	-0.095793067
637799874	0.04106517
637799875	0.223236104
637799876	-0.177049968
637799877	-0.507469488
637799878	-0.766109793
637799879	0.208380861
637799880	-0.235936481
637799881	0.219277865
637799882	-0.090383655
637799883	-0.110610699
637799884	-0.069258081
637799885	0.27783099
637799886	0.017123201
637799887	0.371909556
637799888	0.1350624
637799889	0.130140572
637799890	0.023925454
637799891	-0.137132152
637799892	-0.361129364
637799893	0.159090971
637799894	0.004951907
637799895	-0.155888463
637799896	0.179240148
637799897	-0.172820482
637799898	-0.559700849
637799899	-0.18369211
637799900	-0.103785222
637799901	-0.070155626
637799902	-0.089597368
637799903	-0.205435815
637799904	-0.148561798
637799905	-0.193260619
637799906	-0.05190859
637799907	-0.106920124
637799908	-0.068903883
637799909	0.016209114
637799910	0.348868357
637799911	0.697161478
637799912	-0.247530412
637799913	-0.051174373
637799914	0.143302717
637799915	-0.000987968
637799916	0.191270889
637799917	0.17625217
637799918	0.071239221
637799919	0.18609774
637799921	-0.054180585
637799922	-0.030434252
637799923	-0.20279807
637799924	-0.160699824
637799925	0.055027562
637799926	0.039941305
637799927	0.235290095
637799928	-0.284826499
637799929	-0.100207498
637799930	-0.239203108
637799931	0.213478468
637799932	-0.047158117
637799933	0.182293705
637799934	-0.352649706
637799935	0.110038319
637799936	-0.138002055
637799937	-0.360145183
637799938	-0.03263646
637799939	-0.826935133
637799940	0.001088652
637799941	0.020064353
637799942	0.021388253
637799943	-0.147664735
637799944	0.208187279
637799945	0.362106602
637799946	0.219194932
637799947	0.306631539
637799948	-0.063512437
637799949	0.004612506
637799950	-0.193303253
637799951	0.198054663
637799952	0.135154451
637799953	-0.050702349
637799954	0.014445671
637799955	-0.340870716
637799956	-0.546742305
637799957	-0.284768905
637799958	0.016482851
637799959	0.127104496
637799960	-0.158633441
637799961	0.023852263
637799962	0.166842711
637799963	-0.13137378
637799964	0.083865334
637799965	-0.384280554
637799966	-0.054515455
637799967	-0.49926681
637799968	-0.033123355
637799969	-0.045037614
637799970	-0.070782824
637799971	-0.094737348
637799972	-0.664193282
637799973	-0.614099747
637799974	-0.512826047
637799975	-0.523008125
637799976	0.000393184
637799977	-0.147773326
637799978	-0.181138003
637799979	-0.187507283
637799980	-0.149962118
637799981	-0.066876511
637799982	-0.030883428
637799983	-0.154944379
637799984	-0.38200397
637799985	0.316483
637799986	-0.005634284
637799987	0.002273306
637799988	0.028711946
637799989	-0.729176377
637799990	-0.743875771
637799991	0.129015018
637799992	0.086715796
637799993	-0.026995479
637799994	-0.505715897
637799995	-0.351733038
637799996	-0.117279849
637799997	-0.161541721
637799998	0.308194174
637799999	0.324399805
637800000	-1.298797175
637800001	0.082803578
637800002	-0.824796335
637800003	-1.044930185
637800004	-0.267957073
637800005	-1.185079885
637800006	-1.429074183
637800007	-0.865030795
637800008	-0.215221014
637800009	-0.174919818
637800010	0.606562753
637800011	0.037695472
637800012	-0.144092158
637800013	0.171412652
637800014	0.021431209
637800015	-0.505810013
637800016	-0.215348582
637800017	0.098888393
637800018	0.272463883
637800019	-0.174326732
637800020	-0.376906513
637800021	0.026440389
637800022	0.168196268
637800023	0.23158014
637800024	0.170927984
637800025	0.144892435
637800026	-0.123362364
637800027	-0.057506857
637800028	0.169846214
637800029	0.142712279
637800030	-0.118367504
637800031	0.073706172
637800032	-0.047732198
637800033	0.062869158
637800034	-0.067515366
637800035	-0.249357289
637800037	-0.01327592
637800038	0.304446094
637800039	-0.255205451
637800040	-0.274182017
637800041	0.236634514
637800042	0.068407677
637800043	0.370036115
637800044	-1.011915385
637800045	-1.54457774
637800046	-1.366424577
637800047	-0.256903461
637800048	0.188788748
637800049	0.107391903
637800052	0.066026019
637800053	0.080857541
637800054	0.551136393
637800055	0.367731208
637800056	0.265338838
637800057	-0.321041963
637800058	0.032536271
637800059	0.055796429
637800060	0.031290256
637800061	-0.145033557
637800062	-0.500091321
637800063	-0.399708663
637800064	0.13302447
637800065	0.031813036
637800066	-0.241228777
637800067	-0.101895895
637800068	0.053656351
637800070	-0.178686507
637800071	-0.270727507
637800072	-0.185374139
637800073	-0.68817972
637800074	-0.091134748
637800075	0.305691406
637800076	0.390822074
637800077	-0.124363041
637800078	-0.079493457
637800079	-0.081900137
637800080	-0.211471861
637800081	-0.27053287
637800082	0.161668523
637800083	-0.963492196
637800084	0.040233801
637800085	-0.053354446
637800086	0.294564509
637800087	0.165798762
637800088	0.141016297
637800089	0.202869196
637800090	-0.33868068
637800091	-0.38128966
637800092	-0.86466222
637800093	-0.820268103
637800094	-0.22944202
637800095	-0.012423753
637800096	-0.09170969
637800097	-0.112918522
637800098	-2.432326663
637800099	-0.028991872
637800101	-0.095825758
637800102	0.368792676
637800103	0.162245286
637800104	-0.200272753
637800105	0.11319616
637800106	-0.872052651
637800107	-0.726721385
637800108	-0.489871329
637800109	-0.550574088
637800110	0.208798148
637800111	0.204635314
637800112	0.176598157
637800113	-0.055372644
637800114	0.095322768
637800115	-0.035761955
637800116	-0.215123827
637800117	0.092118071
637800118	-0.424190181
637800119	-0.201835323
637800120	0.06701486
637800121	-0.045249916
637800122	-0.199074198
637800123	-0.064079756
637800124	-0.231240642
637800125	0.083302608
637800126	0.035069992
637800127	-0.217365797
637800128	-0.160968077
637800129	-0.141399035
637800130	-0.028840304
637800131	0.115055693
637800132	0.087375699
637800133	0.162500727
637800134	-0.366014924
637800135	-0.128087467
637800136	-0.079982088
637800137	-0.072129585
637800138	0.175645415
637800139	-0.195175609
637800140	-0.058181259
637800141	0.074057065
637800142	0.023784481
637800143	0.387616351
637800144	-0.000690516
637800145	0.267551765
637800146	0.000742275
637800147	-0.01928119
637800148	-0.11221011
637800149	0.146583336
637800150	0.042190994
637800151	-0.168698319
637800152	-0.15777964
637800153	0.245350673
637800154	-0.225003064
637800156	0.277258954
637800157	0.105576015
637800158	-0.06849848
637800159	0.164151812
637800160	0.067098125
637800161	-0.047344273
637800162	0.106296793
637800163	-0.2104678
637800164	-0.240293358
637800165	0.339989705
637800166	0.427088566
637800167	-0.07881626
637800168	0.048215709
637800169	-0.013935969
637800170	0.070702154
637800171	0.178185314
637800172	-0.125910557
637800173	-0.262536924
637800174	-0.413740712
637800175	-0.19959181
637800176	-0.230073467
637800177	0.033947414
637800178	-0.063342476
637800179	0.126751752
637800180	-0.079876726
637800181	0.464015275
637800182	0.045712328
637800183	0.062726679
637800184	-0.202171381
637800185	-0.142180354
637800186	-0.011924007
637800187	-0.08631972
637800188	-0.219418289
637800189	-0.127973094
637800190	-0.05633171
637800191	0.127803371
637800192	0.206392465
637800194	0.184838154
637800195	-0.350604004
637800197	-0.353655141
637800198	-0.96247776
637800199	-0.064452318
637800200	-0.113542277
637800201	0.08984592
637800202	0.009494997
637800203	-0.192095572
637800204	-0.077342833
637800205	0.143142301
637800206	0.132331575
637800207	-0.028081488
637800208	0.075126065
637800209	-0.257524539
637800210	-0.392519891
637800211	-0.061650902
637800212	-0.158449737
637800213	0.038331252
637800214	-0.036892262
637800215	0.232136898
637800216	0.153957845
637800217	-0.437918199
637800218	-0.451986326
637800219	0.012973506
637800220	0.057072249
637800221	-0.585570883
637800222	0.372738978
637800223	0.14954643
637800224	-0.137929081
637800225	-1.384159818
637800226	0.098148705
637800227	0.256260311
637800228	0.388400691
637800229	-0.164470683
637800230	0.008877778
637800231	0.071570892
637800232	-0.219678413
637800233	-0.025609484
637800234	0.062285306
637800235	0.231438554
637800236	0.240954168
637800237	-0.082213052
637800238	-0.089929056
637800239	-0.190417651
637800240	-0.082727865
637800241	-0.194652459
637800242	0.041489511
637800243	0.22415558
637800244	0.016276049
637800245	0.029323344
637800246	-0.029964345
637800247	0.013453665
637800248	-0.147244761
637800249	-0.008244851
637800250	-0.043560584
637800251	0.136890239
637800252	-0.129341547
637800253	-0.173980621
637800254	-0.244166132
637800255	0.098023245
637800256	0.250073248
637800257	-0.016329898
637800258	0.056691154
637800259	0.061268039
637800260	-0.011220636
637800261	-0.051837336
637800262	-0.082760109
637800263	0.03650824
637800264	0.3282993
637800265	-0.099925241
637800266	0.127236085
637800267	0.094396996
637800268	-0.244405261
637800269	-0.069478816
637800270	0.137850228
637800271	-0.16433421
637800272	0.209275544
637800273	0.289974511
637800274	0.042083909
637800275	0.364129911
637800276	0.110348322
637800277	0.042376596
637800278	0.213971535
637800279	-0.483058322
637800280	-0.060660217
637800281	0.258262226
637800282	-0.098569405
637800283	-0.091510891
637800284	0.11190901
637800285	0.249079383
637800286	0.173245214
637800287	-0.238721495
637800288	-0.049633374
637800289	0.016240724
637800290	-1.933629355
637800291	-0.606120567
637800292	0.102245791
637800293	0.13444027
637800294	0.14521326
637800295	0.311514059
637800296	0.133461322
637800297	0.075788498
637800298	0.068257868
637800299	0.360274363
637800300	0.004764316
637800301	-0.059549379
637800302	0.188971368
637800303	-0.272019651
637800304	0.108682453
637800305	0.006736243
637800306	-0.168509739
637800307	-0.172618561
637800308	0.033431712
637800309	-0.064680693
637800310	-0.065826182
637800311	0.132873021
637800312	-0.52938413
637800313	-0.193151948
637800314	-0.177483764
637800315	0.178375593
637800316	-0.185472784
637800317	0.070669342
637800318	-0.109327571
637800319	-0.06440385
637800320	0.004945041
637800321	0.09952063
637800322	0.097501771
637800323	0.236588524
637800324	0.125547172
637800325	0.195207186
637800326	-0.187738311
637800327	-0.212246044
637800328	0.032330252
637800329	-0.040009219
637800330	-0.652091175
637800331	-0.422567252
637800332	0.019002964
637800333	-0.254088563
637800334	-0.131592082
637800335	-0.302066135
637800336	-0.225324041
637800337	-0.177767331
637800338	0.197656145
637800339	0.079272624
637800340	0.169429161
637800341	0.248468393
637800342	0.114755439
637800343	-0.083886345
637800344	-0.26886272
637800345	-0.26534356
637800346	-0.084601843
637800347	-0.112548543
637800348	0.001353525
637800349	0.03526728
637800350	-0.048519784
637800351	0.088266932
637800352	0.096110363
637800353	0.253073203
637800354	-0.018987913
637800355	-0.297562811
637800356	-0.499593773
637800357	0.285382376
637800358	0.061482399
637800359	0.012702602
637800360	-0.21549523
637800361	0.034297731
637800362	0.392707789
637800363	0.186330813
637800364	-0.250828463
637800365	-0.123189075
637800366	0.002200542
637800367	0.309759744
637800368	0.059676784
637800369	0.310390415
637800370	-0.093565268
637800371	-0.086019946
637800372	0.032086752
637800373	0.205711632
637800374	0.221398176
637800375	0.025731086
637800376	0.135976096
637800377	-0.202232849
637800378	-0.014515166
637800379	-0.298638141
637800380	-0.165454135
637800381	-0.159226358
637800382	0.062269973
637800383	0.14575441
637800384	0.051517525
637800385	0.213886566
637800386	0.265828976
637800387	0.060076366
637800389	-0.240895981
637800390	-0.017109783
637800391	-0.103603729
637800392	-0.963131446
637800393	-0.853314188
637800394	0.187130905
637800395	0.039047946
637800396	-0.047529482
637800397	0.318934792
637800398	0.22810707
637800399	0.255387962
637800400	0.065076029
637800401	0.03015981
637800402	0.1619351
637800403	-0.279238509
637800404	-0.026352587
637800405	0.20268769
637800406	0.459298049
637800407	0.234775763
637800408	0.075196898
637800411	-0.028366869
637800412	0.071511423
637800413	-0.1025787
637800414	0.222512581
637800415	0.141369417
637800416	-0.067227457
637800417	0.170407705
637800418	0.239015572
637800419	0.086706919
637800420	-0.205505633
637800421	-0.764512989
637800422	0.208256256
637800423	0.052816219
637800424	0.082736312
637800425	-0.007998473
637800426	-0.06807204
637800427	0.471310278
637800428	0.38922647
637800429	0.411413863
637800430	0.06142787
637800431	-0.257547981
637800432	-0.39686848
637800433	0.124359804
637800434	-0.163249494
637800435	-0.250472634
637800436	-0.498458866
637800437	0.18182294
637800438	-0.199056632
637800439	0.182556461
637800440	0.113866163
637800441	0.144034119
637800442	-0.100676468
637800443	-0.045250491
637800444	0.270085053
637800445	0.276332672
637800446	0.243170828
637800447	-0.502135481
637800448	-0.267064603
637800449	0.089948696
637800450	-0.071905056
637800451	0.096416338
637800452	-0.175700243
637800453	0.081584753
637800454	-0.190580932
637800455	0.354670844
637800456	-0.055379183
637800457	0.198035472
637800458	0.177010858
637800459	0.112111153
637800460	0.015546514
637800461	0.112098065
637800462	-0.028536429
637800463	0.212671626
637800464	-0.180587245
637800465	0.021750875
637800466	0.019233935
637800467	-0.065582963
637800468	-0.133841326
637800469	0.073611555
637800470	0.05851306
637800471	0.183865606
637800472	0.020123183
637800473	-0.029176653
637800474	-0.177841924
637800475	0.216439276
637800476	0.122695048
637800477	0.079959374
637800478	0.095393066
637800479	0.026295793
637800480	-0.133323406
637800481	-0.156591763
637800482	0.116694031
637800483	0.02240086
637800484	0.086271939
637800485	0.295241911
637800486	0.279388898
637800487	-0.083888222
637800488	0.435156453
637800489	-0.250965021
637800490	0.084821727
637800491	-0.210189983
637800492	-0.094966616
637800493	0.147013509
637800494	-0.200954205
637800495	0.236773982
637800496	0.136354648
637800497	-0.025963668
637800498	-0.152543704
637800499	0.221545382
637800500	0.036201726
637800501	-0.103584894
637800502	0.274213593
637800503	0.163998082
637800504	0.02396115
637800505	0.161186332
637800506	0.715928716
637800507	0.122886712
637800508	-0.035261399
637800509	0.124618415
637800510	-0.155029857
637800511	0.071987878
637800512	0.007895696
637800513	-0.292759776
637800514	-0.220943423
637800515	-0.270425947
637800516	-0.050992681
637800517	-0.052646331
637800518	-0.106033208
637800519	0.020795809
637800520	0.300234816
637800521	0.18095704
637800522	0.005415343
637800523	-0.337370294
637800524	-0.618769091
637800525	-0.401772393
637800526	0.189603952
637800527	-1.166872969
637800528	0.025010036
637800529	0.143138753
637800530	0.260269571
637800531	0.84746466
637800532	0.070308391
637800533	-0.181820578
637800534	0.041026336
637800535	0.142633011
637800536	0.007805096
637800537	-0.031695218
637800538	-0.033060123
637800539	-0.031942477
637800540	0.016048565
637800541	-0.298305375
637800542	-0.001076658
637800543	-0.022868675
637800544	-0.058932817
637800545	0.115318985
637800546	0.00632627
637800547	0.046505608
637800548	-0.113843865
637800549	0.176868402
637800550	0.091285744
637800551	-0.062840416
637800552	0.00364922
637800553	0.033609223
637800554	-0.238405895
637800555	0.391969971
637800556	0.211445499
637800557	0.107859961
637800558	0.133944079
637800559	0.073058
637800560	-0.074363965
637800561	0.081494528
637800562	0.199203576
637800563	-0.103388108
637800564	-0.350112061
637800565	-0.08597456
637800566	-0.094366894
637800567	0.008613869
637800568	-0.087447606
637800569	-0.076711549
637800570	0.210384455
637800571	-0.210426204
637800572	-0.391908905
637800573	-0.145955947
637800574	0.002313009
637800575	-0.192785829
637800576	0.361286106
637800577	0.185364235
637800578	-0.01208857
637800579	0.328403103
637800580	-0.016445664
637800581	0.132661846
637800582	-0.15031272
637800583	-0.348496533
637800584	-0.161160351
637800585	-0.098490738
637800586	-0.185160669
637800587	-0.130628385
637800588	-0.11708118
637800589	-0.380624572
637800590	0.10434956
637800591	-0.090626637
637800592	-0.016766227
637800593	0.03727569
637800594	-0.291525295
637800595	-0.189420024
637800596	-0.408796005
637800597	-0.786288192
637800598	0.143681334
637800599	-0.155486505
637800600	-0.046370962
637800601	0.22393223
637800602	0.114099309
637800603	0.46346213
637800604	0.092820877
637800605	0.010415506
637800606	-0.059558029
637800607	-0.08606195
637800608	0.060517616
637800609	0.058523754
637800610	-0.097214056
637800611	0.008442354
637800612	-0.103091918
637800613	0.161910177
637800614	0.085488203
637800615	-0.03548392
637800616	-0.642608338
637800617	-0.23795024
637800618	-0.255658425
637800619	0.565834243
637800620	0.161918297
637800621	0.137849106
637800622	0.284074075
637800623	0.150695624
637800624	-0.059784468
637800625	-0.049862658
637800626	-0.481205353
637800627	0.028680317
637800628	-0.002254812
637800629	0.034837327
637800630	-0.666771552
637800631	-0.387353253
637800632	-0.25474608
637800633	-0.074832908
637800634	0.110294486
637800635	-0.353329345
637800636	0.012210624
637800637	-0.308018343
637800638	0.074748021
637800639	0.157834609
637800640	-0.066028804
637800641	-0.332773091
637800642	0.027725002
637800643	0.129691552
637800644	-0.209250378
637800645	-0.406300675
637800646	0.18726022
637800647	-0.193341611
637800648	-0.068533865
637800650	-0.002867239
637800651	-0.02650391
637800652	0.018274706
637800653	0.178165952
637800654	0.124268843
637800655	-0.001696197
637800657	-0.062038159
637800658	-0.077688457
637800659	-0.033728675
637800660	-0.000840157
637800661	-0.113533654
637800662	0.199391789
637800663	0.087192079
637800664	0.034445593
637800665	0.054571928
637800666	0.032967709
637800667	0.055645723
637800668	-0.124989421
637800669	0.017010394
637800670	-0.156339704
637800671	-0.193357774
637800672	-0.090302759
637800673	-0.14153435
637800674	-0.101198147
637800675	0.016502683
637800676	0.046946475
637800677	-0.043845992
637800678	0.14417385
637800679	0.105353037
637800680	0.066057004
637800681	-0.0068752
637800682	-0.077752743
637800683	0.172729114
637800684	-0.325811739
637800685	-0.667520032
637800686	0.268794757
637800687	0.194385335
637800688	-0.24677412
637800689	0.03081263
637800690	-0.011012772
637800691	0.154050742
637800692	0.189796318
637800693	0.111705273
637800694	0.069051038
637800695	0.00983529
637800696	0.215186609
637800697	0.250884998
637800698	-0.102431594
637800699	0.110757172
637800700	-0.692982928
637800701	-0.756705624
637800702	-0.235437356
637800703	-0.015742832
637800704	0.212267664
637800705	-0.058018395
637800706	0.105644663
637800707	-0.062144702
637800708	-0.103189145
637800709	0.206079606
637800710	0.111781009
637800711	-0.08978034
637800712	-0.188976566
637800713	0.160788015
637800714	-1.187922747
637800715	-0.656648632
637800716	0.140778734
637800717	-0.026155762
637800718	-0.261156753
637800719	0.127196212
637800720	-0.633286446
637800721	0.150311198
637800722	-0.102767407
637800723	-0.114054989
637800724	0.272947108
637800725	-0.288806622
637800726	-0.080341424
637800727	0.137643976
637800728	0.315871067
637800729	0.092188386
637800730	0.087605446
637800731	0.119074325
637800732	-0.37958359
637800733	0.00172547
637800734	-0.218732668
637800735	0.073983668
637800736	0.016623065
637800737	-0.292289465
637800738	0.101904603
637800740	-0.033468994
637800741	-0.26167996
637800742	-0.145092675
637800743	-0.098389216
637800744	0.060844339
637800745	-0.935987477
637800746	0.081915792
637800747	0.12421914
637800748	0.054649468
637800749	-0.523127713
637800750	-0.017151177
637800751	-0.094202699
637800752	0.178802602
637800753	-0.114966731
637800754	-1.141396021
637800755	-1.227991732
637800756	-0.61256772
637800757	0.178134046
637800758	0.123606016
637800759	-0.025082104
637800760	-0.240627399
637800761	-0.436884327
637800762	-0.647059328
637800763	0.111545077
637800764	0.349374968
637800765	-0.253603487
637800766	-0.072470587
637800767	-0.159662692
637800768	0.038481416
637800769	-0.472584718
637800770	-0.068637606
637800771	-0.08997357
637800772	-0.220939902
637800773	0.501196688
637800774	-1.009931341
637800775	0.076763573
637800776	0.070148153
637800777	-0.053981412
637800778	-0.070623712
637800779	0.056645758
637800780	0.699936909
637800781	-1.042876658
637800782	-1.483338275
637800783	-1.263791218
637800784	-1.181611643
637800785	-0.515993027
637800786	-0.094587401
637800787	0.12680649
637800788	-0.109941474
637800789	0.051642427
637800790	-0.021014052
637800791	-0.066483356
637800792	-0.138602165
637800793	0.636677934
637800794	-0.366402452
637800795	-0.16478868
637800796	0.02539462
637800797	-0.462972724
637800798	-0.061006745
637800799	-0.112968769
637800800	-0.520555761
637800801	0.043780147
637800802	0.047678729
637800803	0.005513384
637800804	0.135697674
637800805	0.080015723
637800806	-0.211702343
637800807	0.04741137
637800808	0.109973925
637800809	0.012730112
637800810	0.597576064
637800811	-0.136270682
637800812	-0.188236899
637800813	0.130452969
637800814	-0.01340908
637800815	0.040659665
637800816	-0.382374867
637800817	-0.14974896
637800818	0.203814003
637800819	-0.042474972
637800820	0.074668372
637800821	0.014585053
637800822	0.170934985
637800823	0.32936749
637800824	0.386049184
637800825	0.012825563
637800826	0.071878616
637800827	0.032806786
637800828	-0.234392204
637800829	0.116831408
637800830	0.077329763
637800831	-0.212337053
637800832	-0.766661512
637800833	-0.683032292
637800834	-0.19904159
637800835	-0.715176308
637800836	-1.158572753
637800837	-0.282843382
637800838	-0.044761728
637800839	-0.330189639
637800840	-0.416231412
637800841	0.238647982
637800842	-0.240569381
637800843	0.271686333
637800844	0.128108409
637800845	0.234097222
637800846	0.07535804
637800847	0.056101344
637800848	0.444548092
637800849	-0.051924318
637800850	0.119820799
637800851	0.077967846
637800852	-0.053110835
637800853	0.119041918
637800854	-0.345037075
637800855	-0.231792241
637800856	0.155158893
637800857	0.192189532
637800858	-0.050145318
637800859	-0.112977124
637800860	-0.671174504
637800861	-0.016380275
637800862	0.011376376
637800863	0.322026619
637800864	-0.198522351
637800865	0.033275097
637800866	0.019023813
637800867	0.339864695
637800868	-0.115893799
637800869	0.290462198
637800870	-0.099006156
637800871	-0.015051868
637800872	-0.283752063
637800873	0.178786481
637800874	0.260479813
637800875	-0.074649775
637800876	-0.225284248
637800877	-0.049771569
637800878	-0.046298803
637800879	-0.273528255
637800880	-0.250399451
637800881	-0.055334631
637800882	0.079029963
637800883	0.170204652
637800884	-0.086495687
637800885	0.261773451
637800886	0.298182483
637800887	-0.058801465
637800888	-0.239911533
637800889	-0.022028858
637800890	-0.129534936
637800891	-0.119881167
637800892	0.02616844
637800893	-0.040348764
637800894	-0.053043736
637800895	-0.260140283
637800896	-0.188804261
637800897	-0.558439528
637800898	-0.268029676
637800899	-0.397481739
637800900	-0.210909542
637800901	-0.137311167
637800902	-0.11242417
637800903	0.079603398
637800905	-0.040618365
637800906	0.325149684
637800907	-0.321234223
637800908	-0.003554354
637800909	-0.125541946
637800910	-1.140175681
637800911	-0.088164211
637800912	0.058239506
637800913	0.011586036
637800914	-0.205567172
637800915	0.200878532
637800916	-0.004379541
637800917	0.202644249
637800918	0.036664024
637800919	-0.006457006
637800920	0.014372857
637800921	0.07060045
637800922	0.165103694
637800923	0.060082483
637800924	0.124239024
637800925	-0.584045146
637800926	0.019636941
637800927	-0.182870039
637800928	-0.073905196
637800929	-0.170411735
637800930	-0.140379895
637800931	-0.105310191
637800932	-0.203804184
637800933	-0.228561403
637800934	-0.5338256
637800935	-0.484599158
637800936	-0.263061567
637800937	-0.192113018
637800938	0.139985001
637800939	0.15609323
637800940	-0.09116664
637800941	0.256956308
637800942	0.043819191
637800943	-0.16636993
637800944	0.017756484
637800945	0.077538846
637800946	0.252748852
637800947	-0.501969664
637800948	-0.59650111
637800949	-0.618917655
637800950	-0.239889119
637800951	0.050070534
637800952	-0.09293353
637800953	0.217411
637800954	-0.103663616
637800955	-0.085766632
637800956	-0.480040658
637800957	0.02404647
637800958	0.160272456
637800959	0.263399219
637800960	0.794063589
637800961	0.342806958
637800962	0.036119131
637800963	0.304844661
637800964	0.032669023
637800965	-0.155817019
637800966	0.061773966
637800967	0.019720804
637800968	-0.110909993
637800969	0.228642856
637800970	0.072116024
637800971	-0.094103923
637800972	0.273979076
637800973	-0.161227393
637800974	0.144483938
637800975	-0.281051752
637800976	0.009607538
637800978	-0.114010506
637800979	-0.435420396
637800980	0.174321695
637800981	0.093493003
637800982	-0.142038184
637800983	-0.141458258
637800984	-0.099505237
637800985	-0.249713314
637800986	0.165630488
637800987	0.07539161
637800988	-0.053059552
637800989	0.353627185
637800990	-0.416137343
637800991	0.465539586
637800992	-0.063348323
637800993	0.181609756
637800994	-0.26812452
637800995	0.342783523
637800996	-0.116759747
637800997	-0.135588854
637800998	-0.225348508
637800999	-0.103286353
637801000	0.206757967
637801001	-0.596911622
637801002	-0.306772579
637801003	-0.228819678
637801004	-0.343224157
637801005	-0.706991447
637801006	-0.790623014
637801007	-1.060525376
637801008	-0.212878149
637801009	0.335404457
637801010	0.407918902
637801011	-0.109087935
637801012	0.12970353
637801013	-0.161421813
637801014	0.328356675
637801015	0.324739055
637801016	-0.065908448
637801017	0.1037539
637801018	0.141520519
637801019	0.3892881
637801020	0.683035149
637801021	-0.084668933
637801022	-0.12245867
637801023	0.183709727
637801024	0.431032471
637801025	0.154227466
637801029	-0.122990646
637801030	-0.025263208
637801031	0.115968747
637801032	0.221174147
637801033	0.23592235
637801034	0.304421046
637801035	0.028096655
637801036	-0.183928725
637801037	0.046294253
637801038	0.021033373
637801040	-0.058978211
637801041	-0.227756336
637801042	0.069348464
637801043	-0.02844544
637801044	-2.087028804
637801045	-1.792766722
637801046	0.247594178
637801047	-0.193969331
637801048	0.134064893
637801049	0.22194579
637801050	0.101758693
637801051	-0.062766816
637801052	0.107139329
637801053	0.165909837
637801054	-0.05884563
637801055	-0.140558197
637801056	-0.532651405
637801057	-0.551667222
637801058	-0.545321229
637801059	-0.639208095
637801060	0.078395904
637801061	-0.595778445
637801062	-0.013635407
637801063	-0.576535095
637801064	-0.096365115
637801065	0.156193962
637801066	0.219718384
637801067	-0.13314578
640711016	0.143958273
640711017	0.144843746
640711018	0.062944823
640711019	0.513458666
640711020	-0.151993723
640711021	-0.09007061
640711022	0.307391677
640711023	0.716564168
640711024	0
640711025	0
640711026	0
640711027	0
640711028	0
640711029	0.127338092
640711030	0.246779357
640711031	0.262433
640711032	0.597274331
640711033	0.791818308
640711034	0.084538222
640711035	0.179449269
640711036	0.05446247
640711037	-0.355410653
640711038	-0.430800061
640711039	0.39253299
640711040	0.55310105
640711041	0.015481338
640711042	0.235948701
640711043	0.297488932
640711044	0.296196725
640711045	0.286122727
640711046	0.551760362
640711047	-0.575353995
640711048	0.155084495
640711049	0.689853784
640711050	0.254426879
640711051	0.245544173
640711052	0.075405435
640711053	0.003307961
640711054	0.781251059
640711055	0.818406532
640711056	-0.04588657
640711057	-0.080922156
640711058	0.042285684
640711059	0.124483411
640711060	-0.016358702
640711061	1.084638252
640711062	0.559189406
640711063	-0.073003967
640711064	-0.084889811
640711065	-0.2813903
640711066	-0.507194481
640711067	0.355470835
640711068	0.02940323
637798356	0.053280531
637798357	0.728767129
637798358	-0.018918133
637798359	0.243295285
637798360	0.094375827
637798361	0.313156733
637798362	-0.243054257
637798363	-0.121881895
637798364	-0.035301162
637798365	-0.030751418
637798366	-0.022698945
637798367	0.044348993
637798368	-0.141741382
637798369	-0.014959717
637798370	-0.031723372
637798371	-0.243420044
637798372	-0.020358251
637798373	0.010909157
637798374	0.059886132
637798375	-0.140833966
637798376	-0.052706511
637798377	-0.089423042
637798378	-0.086413977
637798379	0.006228918
637798380	-0.12088267
637798381	0.161384143
637798382	-0.790468867
637798383	-0.738095623
637798384	-0.257421023
637798385	-0.187205252
637798386	0.200391036
637798387	-0.385395558
637798388	0.174811302
637798389	-0.062006751
637798390	-0.108461795
637798391	-0.240491194
637798392	0.005995743
637798393	0.181492157
637798394	-0.178109923
637798395	-0.201744685
637798396	0.101225027
637798397	-0.110385549
637798398	0.225191747
637798399	0.169720638
637798400	0.430060005
637798401	-0.254827668
637798402	0.156295616
637798403	0.046604301
637798404	0.616175747
637798405	0.136080749
pANS_predictedORF_1	-0.014204939
pANS_predictedORF_2	-0.203339732
pANS_predictedORF_3	0.168371803
pANS_predictedORF_4	-0.092708412
pANS_predictedORF_5	-0.040902838
pANS_predictedORF_6	-0.205693279
pANS_predictedORF_7	-0.046770616
pANS_predictedORF_8	-0.033589975
