Reporter Identifier	VALUE
637798406	0.153158688
637798407	0.205177851
637798408	0.049609419
637798409	-1.21555783
637798410	0.345480021
637798411	-0.151412902
637798412	-0.055333313
637798413	-0.163046549
637798414	-0.194963318
637798415	-0.10865795
637798416	-1.092475477
637798417	0.069113257
637798418	-0.489856149
637798419	-0.22430733
637798420	0.088762698
637798421	-0.195229498
637798422	-0.032172354
637798423	-0.025048857
637798424	0.378351495
637798425	0.03511269
637798426	-0.292896642
637798427	-0.316255475
637798428	-0.448658487
637798429	-0.13112176
637798430	0.059058085
637798431	0.036457763
637798432	0.064116358
637798433	0.213886685
637798434	0.30244605
637798435	0.093870435
637798436	0.075009258
637798437	0.307004548
637798438	-0.213350608
637798439	0.095826645
637798440	0.145730547
637798441	0.022337416
637798442	-0.410271612
637798443	-0.178816139
637798444	0.775963173
637798445	0.438339474
637798446	-0.158638088
637798448	-0.282929068
637798449	0.101106376
637798450	-0.307254533
637798451	0.055523968
637798452	-0.318714318
637798453	-0.038660684
637798454	-0.542268126
637798455	-1.418289044
637798456	-0.557520792
637798457	-0.290039556
637798458	-0.485612671
637798459	-0.470560687
637798460	-0.329231292
637798461	-0.392507358
637798462	-0.267194768
637798463	-0.197677937
637798464	0.036797605
637798465	0.076492941
637798466	0.01003759
637798467	0.213914625
637798468	-0.167272723
637798469	0.075144395
637798470	0.096846622
637798471	-0.230601641
637798472	-0.00490848
637798473	-0.268600426
637798474	-0.347975483
637798475	0.525810151
637798476	0.038799123
637798477	-0.138978256
637798478	-0.10987781
637798479	-0.332699887
637798480	-0.228011502
637798481	-0.168349392
637798482	-0.051836215
637798483	-0.24364227
637798484	-0.020117504
637798485	-0.095500411
637798486	-0.091459713
637798487	-0.295236055
637798488	-0.250421522
637798489	-0.05979389
637798490	-0.155037608
637798491	0.33352735
637798492	0.36903397
637798493	0.090105438
637798494	0.089535928
637798495	-0.234848831
637798496	-0.170570676
637798497	-0.034296329
637798498	-0.909361239
637798499	-0.197824966
637798500	0.036408975
637798501	-0.390585861
637798502	-0.304986231
637798503	-0.078901833
637798504	-0.245464542
637798505	-0.233372073
637798506	0.376874132
637798507	-0.214555655
637798508	0.276355459
637798509	0.0546878
637798510	-0.039827851
637798511	-0.07433745
637798512	0.033138925
637798513	0.011713877
637798514	-0.005158089
637798515	-0.002664054
637798516	0.308751848
637798517	0.161307489
637798518	-0.027709609
637798519	-0.039209128
637798520	-0.690638877
637798521	-0.077757872
637798522	-0.003574902
637798523	-0.106609827
637798524	-0.130883309
637798525	-0.240127989
637798526	-0.254098279
637798527	0.13218679
637798528	-0.084223491
637798529	-0.054234783
637798530	0.126596922
637798531	0.095064874
637798532	-0.304313234
637798533	-0.35051477
637798534	-0.115736865
637798535	-0.047975278
637798536	0.147107556
637798537	-0.060402555
637798538	0.023679663
637798539	0.095726071
637798540	0.226880889
637798541	-0.062307383
637798542	-0.006955794
637798543	-0.097313275
637798544	-0.724625371
637798545	-0.380511631
637798546	-0.313905669
637798547	-0.195162822
637798548	-0.024161996
637798549	-0.162397018
637798550	-0.121301804
637798551	0.30866955
637798552	-0.175725913
637798553	0.065600572
637798554	0.33030639
637798555	-0.125114501
637798556	-0.223571506
637798557	-0.192138881
637798558	-0.077290669
637798559	-0.102561572
637798560	-0.028560254
637798561	0.005549822
637798562	-1.003868974
637798563	-0.083181221
637798564	-0.122181658
637798565	-0.029885218
637798566	0.249011079
637798567	-0.211908864
637798568	-0.077160418
637798569	0.0178361
637798570	-0.134522351
637798571	0.031884269
637798572	0.174314183
637798573	-0.656205193
637798574	-0.44584715
637798575	0.23379419
637798576	-0.023256038
637798577	-0.015101588
637798578	0.26059273
637798579	-0.125222605
637798580	0.206780902
637798581	-0.190825131
637798582	-0.201457997
637798583	-0.106320386
637798584	-0.099369679
637798585	-0.505710832
637798586	-0.103591714
637798587	-0.185644802
637798588	-0.000245358
637798589	-0.026012919
637798590	-0.024933271
637798591	0.084618887
637798592	0.161752885
637798593	-0.091009504
637798594	-0.103996106
637798595	-0.050031381
637798596	-0.248247087
637798597	-0.089428962
637798598	-0.30889775
637798599	-0.178800813
637798600	-0.077196817
637798601	0.228758478
637798602	-0.067277497
637798603	-0.028293159
637798604	0.24838795
637798605	0.09734378
637798606	0.261000421
637798607	0.202014659
637798608	0.203767368
637798609	0.13894264
637798610	0.117846486
637798611	0.000398599
637798612	-0.010767662
637798613	-0.119371055
637798614	-0.076921191
637798615	-0.111017085
637798616	0.076817928
637798617	0.142972063
637798618	-0.004770889
637798619	0.237240092
637798620	-0.188213395
637798621	-0.165107262
637798622	0.001378296
637798623	-0.092008363
637798624	0.101112936
637798625	0.124484966
637798626	-0.268582509
637798627	-0.075856082
637798628	-0.023240032
637798629	-0.220745506
637798630	-0.232025034
637798631	-0.243914417
637798632	-0.31220238
637798633	-0.024615175
637798634	-0.127429671
637798635	-0.430875909
637798636	-0.171837913
637798637	0.138312785
637798638	0.095887265
637798639	-0.163582471
637798640	-0.015234522
637798641	-0.248044013
637798642	-0.726170566
637798643	-0.10847401
637798644	-0.005911379
637798645	-0.17432669
637798646	-0.336875068
637798647	0.268726813
637798648	-0.10865879
637798649	0.343267252
637798650	1.024756439
637798651	0.835470936
637798652	-0.309392011
637798653	-0.238176681
637798654	-0.100088991
637798655	-0.362301374
637798656	-0.168334445
637798657	-0.065364445
637798658	0.19948992
637798659	-0.137779935
637798660	-0.167910083
637798661	0.240546785
637798662	0.257229626
637798663	-0.004394258
637798664	-0.257190013
637798665	-1.055095525
637798666	-0.010098025
637798667	0.137204271
637798668	-0.186372174
637798669	0.01510399
637798670	-0.061837991
637798671	-0.136861882
637798672	-0.113762434
637798673	0.171018084
637798674	-0.156970622
637798675	-0.271977918
637798676	-0.211825782
637798677	-0.024887364
637798678	-0.013779203
637798679	-0.249749308
637798680	-0.259155961
637798681	-0.232943272
637798682	-0.259002248
637798683	0.028038846
637798684	0.62179412
637798685	0.657257715
637798686	-0.092135524
637798687	-0.049594459
637798688	-0.062882884
637798689	-0.0841354
637798690	-0.32995393
637798691	-0.480071737
637798692	-0.258794138
637798693	-0.096264191
637798694	-0.281626215
637798695	-0.174432405
637798696	-0.008621992
637798697	0.353504748
637798698	0.218533134
637798699	-0.632734973
637798700	-0.23456015
637798701	-0.609777881
637798702	0.004633143
637798703	-0.079351834
637798704	-0.137920507
637798705	-0.222527213
637798706	-0.165414753
637798707	-0.030039735
637798708	0.666465749
637798709	0.073393772
637798710	0.810174189
637798711	0.315250719
637798712	0.019318767
637798713	-0.03083598
637798714	-0.336652973
637798715	-0.273196512
637798716	-0.001952937
637798717	0.066293582
637798718	0.502070609
637798719	-0.015121715
637798720	0.025843268
637798721	0.051804245
637798722	0.229160638
637798723	-0.035920837
637798724	-0.529088804
637798725	0.043491701
637798726	-0.116624337
637798727	0.029124176
637798728	0.041944132
637798729	-0.062613337
637798730	-0.017164129
637798731	-0.318732772
637798732	-0.257032566
637798733	-0.179485319
637798734	-0.020901223
637798735	-0.142475226
637798736	-0.545850672
637798737	-0.449301445
637798738	-0.416818062
637798739	-0.399989643
637798740	-0.325260012
637798741	-0.74386289
637798742	-0.481541818
637798743	-0.322728213
637798744	-0.046461947
637798745	-0.257694639
637798746	0.096140449
637798747	0.010648008
637798748	0.078378364
637798749	-0.053681756
637798750	-0.457600092
637798751	-0.208615499
637798752	-0.236446254
637798753	0.095017755
637798754	0.110245256
637798755	0.131158126
637798756	-0.242261938
637798757	-0.521428484
637798758	-0.050492634
637798759	-0.221819295
637798760	-0.029392436
637798761	0.028591642
637798762	-0.013035318
637798763	-0.029344266
637798764	-0.096893824
637798765	-0.292977207
637798766	-0.078633231
637798767	-0.47737563
637798768	-0.081076436
637798769	-0.037794137
637798770	-0.074792285
637798771	-0.272977772
637798772	-0.028695873
637798773	-0.259577289
637798774	0.030211907
637798775	0.628959953
637798776	0.575349279
637798777	0.443565467
637798778	-0.263248589
637798779	-0.186913378
637798780	-0.386223997
637798781	-0.290005689
637798782	-0.328048884
637798783	-0.618392646
637798784	0.140974724
637798785	-0.199236153
637798786	-0.028536751
637798787	-0.310729552
637798788	-0.30453217
637798789	0.138564581
637798790	0.069177763
637798791	-0.68241904
637798792	-0.053413229
637798793	-0.05604647
637798794	-0.462460482
637798795	-0.563489047
637798796	0.272445673
637798797	0.372053946
637798798	-0.067623894
637798799	-0.115854192
637798800	0.180848286
637798801	-0.273649009
637798802	0.122832652
637798803	-0.047163598
637798804	-0.262700568
637798805	-0.715603606
637798806	-0.240357708
637798807	0.176415241
637798808	-0.141283788
637798809	-0.323993166
637798810	-0.308341827
637798811	-0.144231128
637798812	0.090934688
637798813	-0.504920938
637798814	-0.036622125
637798815	-0.278358164
637798816	-0.315308619
637798817	-0.251603484
637798818	-0.040056682
637798819	-0.036277253
637798820	-0.033693557
637798821	-0.311351276
637798822	-0.405353662
637798823	-0.043854949
637798824	-0.394879412
637798825	-0.352401112
637798826	0.149073766
637798827	-0.316993736
637798828	0.234239515
637798829	0.408969033
637798830	-0.284528539
637798831	-0.937068478
637798832	-0.124582699
637798833	-0.116232713
637798834	0.107615313
637798835	-0.684033131
637798836	-0.247896491
637798837	-0.028789561
637798838	0.164461307
637798839	-0.247872901
637798840	-0.273711887
637798841	-0.158897954
637798842	0.031538611
637798843	-0.259143812
637798844	-0.147558494
637798845	-0.377733686
637798846	-0.123938756
637798847	-0.125313664
637798848	-0.27000424
637798849	-0.152204634
637798850	-0.228669447
637798851	-0.019100697
637798852	-0.073397664
637798853	0.215847235
637798854	-0.015174978
637798855	-0.226047289
637798856	-0.311745244
637798857	0.070035933
637798858	-0.077592814
637798860	0.023515335
637798861	0.091359589
637798862	0.114202318
637798863	-0.767981717
637798864	-0.127596124
637798865	0.305235541
637798866	-0.066158854
637798867	0.230744186
637798868	-0.156698684
637798869	-0.217123482
637798870	0.014551988
637798871	-0.482535971
637798872	-2.576278293
637798873	-0.626376243
637798874	0.057778917
637798875	-0.059171041
637798876	-0.651054647
637798877	-0.015203365
637798878	-0.28450331
637798879	0.025096745
637798880	-0.677650585
637798881	-0.28661141
637798882	-0.019926757
637798883	0.263101198
637798884	0.128909188
637798885	0.039290136
637798886	-0.065928495
637798887	0.030472432
637798888	-0.115418382
637798889	-1.031858678
637798890	-1.093880931
637798891	-0.17958149
637798892	-0.320586205
637798893	-0.279009595
637798894	-0.61963393
637798895	0.357468321
637798896	-0.173294916
637798897	-0.158180827
637798898	0.098091419
637798899	-0.096442683
637798900	0.468343659
637798901	-0.104762942
637798902	-0.396581411
637798903	-0.007775633
637798904	-0.076836268
637798905	0.442825261
637798906	0.652332729
637798907	0.031199121
637798908	0.016827442
637798909	-0.023068425
637798910	-0.01385551
637798911	-0.215507006
637798912	-0.668165544
637798913	-0.470744403
637798914	-0.382563196
637798915	-0.10832028
637798916	-0.210271112
637798917	-0.031652528
637798918	-0.276156364
637798919	-0.14689558
637798920	-0.015268532
637798921	-0.301047921
637798922	-0.160264706
637798923	-0.286549468
637798924	0.140298844
637798926	-0.224199079
637798927	-0.131958917
637798928	-0.138472563
637798929	-0.125196242
637798930	0.207991935
637798931	-0.013329085
637798932	-0.112816964
637798933	-0.053782112
637798934	-0.212270758
637798935	0.393862352
637798936	0.150937058
637798937	0.317942896
637798938	0.073445892
637798939	0.02515908
637798940	-0.36061046
637798941	-0.291267359
637798942	-0.257277524
637798943	-0.148668149
637798944	-0.200591042
637798945	-0.143166581
637798946	-0.385264602
637798947	-0.031084795
637798948	-0.350042758
637798949	-0.157458595
637798950	0.026781587
637798951	0.10573768
637798952	-0.332496238
637798953	-0.090565006
637798954	0.036122294
637798955	-0.073599554
637798956	-0.2162613
637798957	-0.212066425
637798958	-0.083029065
637798959	-0.0934993
637798960	-0.132906902
637798961	-0.241089939
637798962	-0.243489739
637798963	-0.103444962
637798964	0.40898676
637798965	0.055128097
637798966	-0.236499618
637798967	0.05467591
637798968	-0.141377894
637798969	-0.026074162
637798970	-0.062057631
637798971	-0.124099952
637798972	-0.017058771
637798973	0.021361696
637798974	0.027340847
637798975	0.177306676
637798976	-0.700825516
637798977	-0.762715218
637798978	0.062722934
637798979	0.258733138
637798980	0.27398605
637798981	0.665037773
637798982	0.044811879
637798983	-0.37700709
637798984	0.28771537
637798985	-0.620311811
637798986	-0.388295247
637798987	-0.122469552
637798988	0.025437294
637798989	0.444788135
637798990	0.015563497
637798991	0.044784644
637798992	-0.426284243
637798993	-0.483782343
637798994	-0.067383599
637798998	-0.36566728
637798999	-0.053994847
637799000	-0.058020423
637799001	0.203794022
637799002	0.220003495
637799003	0.094845046
637799004	-0.464973072
637799005	0.08234373
637799006	-0.368757292
637799007	0.079981082
637799008	-0.081326081
637799009	-0.943551054
637799010	1.34850094
637799011	0.142043087
637799012	-0.110238494
637799013	-0.587956864
637799014	-0.527725563
637799015	-0.678180476
637799016	-0.042069045
637799017	-0.156573999
637799018	-0.10368181
637799019	-0.259937406
637799020	-0.155126655
637799021	-0.318507554
637799022	-0.029371761
637799023	-0.250872923
637799024	-0.144982475
637799025	-0.086963097
637799026	-0.228055709
637799027	-0.012770325
637799028	0.142256779
637799029	-0.235714258
637799030	-0.121031554
637799031	0.109515652
637799032	0.144102
637799033	-0.004550812
637799035	-0.247966166
637799036	0.063912955
637799037	-0.070512601
637799038	-0.084457119
637799039	0.060167328
637799040	-0.110597796
637799041	0.013898349
637799042	-0.672987816
637799043	0.396666528
637799044	0.306628298
637799045	0.013016232
637799046	0.020089809
637799047	0.162331112
637799048	0.033288572
637799049	0.186642238
637799050	-0.111223776
637799051	-0.436656296
637799052	0.090403143
637799053	0.078513738
637799054	-0.066325396
637799055	0.128839901
637799056	0.382556644
637799057	-0.202777021
637799058	-0.067610708
637799059	0.405514774
637799060	0.271763263
637799061	-0.052671171
637799062	-0.192151088
637799063	0.269523002
637799064	0.186357415
637799065	-0.016391299
637799066	-0.02307956
637799067	-0.420538575
637799068	-0.428759041
637799069	-0.632162117
637799070	-0.097011681
637799071	0.063164218
637799072	0.130962278
637799073	-0.098575139
637799074	0.209817043
637799075	-0.080475398
637799076	-0.084196227
637799077	-0.056963532
637799078	0.249629139
637799079	-0.32201642
637799080	0.137073079
637799081	-0.005402162
637799082	0.131229299
637799083	0.141708041
637799084	0.216801937
637799085	0.086466202
637799086	-0.607291528
637799087	-0.026389453
637799088	0.02607743
637799089	0.387904006
637799090	-0.251968372
637799091	-0.586966735
637799092	0.044276902
637799093	-0.131906094
637799094	-0.185998679
637799095	-0.010800102
637799096	-0.188176859
637799097	0.487630403
637799098	0.094288065
637799099	0.171044167
637799100	0.108238935
637799101	0.104054843
637799102	-0.191625423
637799103	0.066971786
637799104	0.18334476
637799105	0.149163584
637799106	-0.046118731
637799107	-0.180407816
637799108	-0.006573728
637799109	-0.039144473
637799110	-0.030738191
637799111	-0.362448814
637799112	-0.17297867
637799113	-0.137890406
637799114	0.10262632
637799115	0.625029754
637799116	0.479661597
637799117	0.289265722
637799118	-0.271875039
637799119	-0.069355972
637799121	-0.307656432
637799122	-0.267505998
637799123	0.019467802
637799124	-0.021717025
637799125	-0.239472616
637799126	-0.196795645
637799127	-0.069729221
637799128	-0.794397012
637799129	-0.078703239
637799130	-0.023615773
637799131	-0.13183876
637799132	-0.071476005
637799133	-0.031454181
637799134	0.128491441
637799135	-0.120342163
637799136	-0.150116636
637799137	0.06613511
637799138	-0.188018778
637799139	0.105932973
637799140	-0.120462914
637799141	-0.089930867
637799142	0.107452344
637799143	0.006119401
637799144	0.135190667
637799146	0.044491969
637799147	-0.047952721
637799148	-0.046219468
637799149	-0.012069983
637799150	-0.087540152
637799151	-0.088993962
637799152	0.027087638
637799153	0.11333268
637799154	-0.209651222
637799155	-0.040982131
637799157	0.033573136
637799158	0.076215027
637799159	0.151503925
637799160	-0.14457591
637799161	0.256577149
637799162	-0.071647397
637799163	0.083566408
637799164	0.060179771
637799165	0.117223566
637799166	0.033911296
637799167	0.032101104
637799168	0.136708628
637799169	-0.023862244
637799170	-0.15357031
637799171	0.011171256
637799172	-0.198106807
637799173	-0.296865149
637799174	-0.598539988
637799175	-0.38157333
637799176	-0.443475317
637799177	-0.377430561
637799178	0.043480184
637799179	-0.131865951
637799180	0.077407973
637799181	0.105631181
637799182	-0.151279451
637799184	0.391607738
637799185	0.281796243
637799186	0.300540667
637799187	-0.195523648
637799188	0.022566456
637799189	-0.078270748
637799190	-0.030215144
637799191	-0.078940678
637799192	-0.321401223
637799193	0.087294111
637799194	0.049143104
637799195	-0.187553895
637799196	0.124543534
637799197	0.455376415
637799198	-0.08193383
637799199	0.032379282
637799200	-0.111512043
637799201	-0.038665425
637799202	-0.411159622
637799203	-0.153028516
637799204	-0.4908609
637799205	-0.346412977
637799206	-0.193649321
637799207	-0.082239695
637799208	-0.004835732
637799209	-0.280706352
637799210	0.149377396
637799211	-0.14400402
637799212	0.289315093
637799213	0.533025458
637799214	0.12719029
637799215	0.080413718
637799216	-0.291523873
637799217	-0.151315129
637799218	0.044951348
637799220	-0.038894021
637799221	-0.027863591
637799222	-0.101366791
637799223	-0.069140886
637799224	0.159193949
637799225	-0.192866989
637799226	-0.147614855
637799227	-0.040991977
637799228	-0.024127043
637799229	-0.137162954
637799230	0.055489882
637799231	0.020993429
637799232	0.225641788
637799233	-0.135083936
637799234	0.07389575
637799235	-0.206407859
637799236	-0.084196506
637799237	0.042264149
637799238	-0.006037597
637799239	-0.030522371
637799240	0.133956029
637799241	0.065969652
637799242	-0.14086724
637799243	-0.242143724
637799244	0.238556182
637799245	0.317417308
637799246	0.286217229
637799247	0.087236721
637799248	-0.053154887
637799249	-0.141848958
637799250	1.818315537
637799251	-0.333841624
637799252	0.084524652
637799253	-0.086759174
637799254	-0.215095946
637799255	-0.193307038
637799256	-0.277179521
637799257	-0.170720569
637799258	-0.035693383
637799259	-0.142545408
637799260	-0.294987132
637799261	-0.230044887
637799262	-0.061130541
637799263	-0.444638164
637799264	-0.348248205
637799265	-0.201901425
637799266	-0.556113086
637799267	-0.181867344
637799268	-0.217827278
637799270	-0.162242381
637799271	-1.753956111
637799272	-1.525200966
637799273	-1.422263918
637799274	-0.841399833
637799275	-0.879142684
637799276	-0.669612366
637799277	0.157320404
637799278	0.449118703
637799279	0.069399135
637799280	-0.25242959
637799281	0.033035577
637799282	-0.580277423
637799283	-0.133375225
637799284	-0.278488281
637799285	-0.120973166
637799286	-0.299324663
637799287	-0.585614561
637799288	-0.077524959
637799289	-0.407562806
637799290	-0.089379588
637799291	-0.089283515
637799292	0.004296219
637799293	0.068679474
637799294	-0.116838502
637799295	0.017006538
637799296	-0.101298706
637799297	-0.263123379
637799298	0.080094519
637799299	-0.021543408
637799300	0.257266028
637799301	-0.474346945
637799302	-0.051966597
637799303	-0.039553961
637799304	0.180096489
637799305	0.144394321
637799307	-0.212201026
637799308	-0.041358133
637799309	0.067105256
637799310	-0.495622535
637799311	-0.08014105
637799312	-0.003459454
637799313	0.092144783
637799314	0.005773524
637799315	0.149398736
637799316	-0.011209393
637799317	0.139969238
637799318	-0.324601318
637799319	-0.126539519
637799320	-0.068496556
637799321	0.052898315
637799322	-2.380038932
637799323	-1.588766323
637799324	-0.523514958
637799325	-0.786803407
637799326	-0.149070995
637799327	-0.304934793
637799328	-0.191713629
637799329	-7.10E-05
637799330	0.173185795
637799331	0.032154158
637799332	-0.21466412
637799333	-0.127120767
637799334	-0.508585449
637799335	-0.13351584
637799336	-0.086961454
637799337	-1.111668999
637799338	-0.072142351
637799339	0.028848504
637799340	0.109012695
637799341	0.027711247
637799343	0.077331587
637799344	-0.179486858
637799345	-0.29859127
637799346	-0.758943972
637799347	-0.257117306
637799348	-0.270716167
637799349	-0.207069048
637799350	0.13188395
637799351	-0.11624232
637799352	0.157956106
637799353	-0.072323836
637799354	0.049900276
637799355	-0.036732212
637799356	0.148359123
637799357	-0.135327588
637799358	-0.199177951
637799359	-0.459271548
637799360	0.122309011
637799361	0.014151045
637799362	-0.090763558
637799363	-0.286997905
637799364	-0.282771624
637799366	0.135468397
637799367	0.128458021
637799368	0.263271132
637799369	0.375822339
637799370	-0.004455233
637799371	-0.031773899
637799372	-0.158238486
637799373	-0.022575921
637799374	-0.083742225
637799375	-0.115169711
637799376	-0.029430335
637799377	0.19634516
637799378	0.053960115
637799379	-0.106442563
637799380	-0.121782853
637799381	0.035867002
637799382	0.165085636
637799383	-0.531793836
637799384	-0.057703809
637799385	0.140707798
637799386	-0.154621488
637799387	0.100412693
637799388	-0.171213266
637799389	-0.197749777
637799390	0.222148898
637799391	-0.088765634
637799392	0.08554135
637799393	-0.221390721
637799394	-0.075076633
637799395	0.092357113
637799396	0.014407225
637799397	0.056533194
637799398	-0.067337464
637799399	-0.035655151
637799400	-0.077797836
637799401	-0.025981012
637799402	0.15100571
637799403	-0.279992509
637799404	-0.012697479
637799405	-0.07930833
637799406	-0.233597926
637799407	-0.030930462
637799408	0.373699482
637799409	-0.094190219
637799410	-0.056411222
637799411	0.043690311
637799412	-0.068501258
637799413	0.0860265
637799414	-0.193094651
637799415	-0.132044512
637799416	-0.046016618
637799417	-0.003236168
637799418	-0.282568216
637799419	-0.055105913
637799420	-0.215731499
637799422	0.005041456
637799423	0.033513876
637799424	-0.168476832
637799425	-0.119726714
637799426	-0.621748141
637799427	-0.367785225
637799428	-0.14198079
637799429	0.009387967
637799430	0.178940812
637799431	0.002069575
637799432	0.11792426
637799433	-0.170040445
637799434	-0.350327448
637799435	-0.344257235
637799436	-0.65135176
637799437	0.196494666
637799438	-0.174358765
637799439	0.156583971
637799440	0.149448997
637799441	0.065885042
637799442	0.050754982
637799443	-0.076828827
637799444	0.145419595
637799445	-0.154372077
637799448	-0.302696082
637799449	-0.244864503
637799450	-0.02681972
637799451	-0.327111253
637799452	-0.029330671
637799453	-0.862401147
637799454	0.21141598
637799455	0.125992432
637799456	0.176001267
637799457	-0.149288673
637799458	-0.029575598
637799459	-0.04294889
637799460	-0.054047284
637799461	-0.335254019
637799462	0.504510362
637799463	-0.006306553
637799464	-0.790076891
637799465	-0.050647109
637799466	0.292340379
637799467	0.126074183
637799468	-0.199131971
637799469	0
637799470	0
637799471	0.063211047
637799472	0.056378589
637799473	0.015595643
637799474	-0.330672908
637799475	-0.250885305
637799476	-0.076086168
637799477	-0.055644745
637799478	0.049777195
637799479	0.143819252
637799480	0.182382945
637799481	0.018649382
637799482	-0.009118016
637799483	-0.030796741
637799484	0.000329789
637799485	-0.032706058
637799486	0.143621024
637799489	-0.005831495
637799490	-0.094596136
637799491	0.049905689
637799492	-0.272344687
637799493	-0.164417718
637799494	0.088710521
637799495	0.131353654
637799497	-0.037939788
637799498	0.061191901
637799499	0.167904229
637799500	-0.146863933
637799501	0.04615231
637799502	-0.02206086
637799503	-0.254249634
637799504	0.132720539
637799505	-0.157244099
637799506	-0.36292304
637799508	-0.116219167
637799509	-0.023422773
637799510	-0.135525347
637799511	0.060870937
637799512	-0.450210583
637799513	-0.049151435
637799514	-0.102891124
637799515	0.076200315
637799516	-0.106154609
637799517	-0.370662677
637799518	-0.109218285
637799519	0.046616025
637799520	0.525383714
637799521	0.496009203
637799522	0.736149137
637799523	-0.05840382
637799524	-0.108078172
637799525	-0.078436751
637799526	-0.308739323
637799527	-0.168256737
637799528	0.069677372
637799529	0.191167679
637799530	-0.133275479
637799531	-0.051756683
637799532	-0.000741531
637799533	-0.083898333
637799534	0.241242024
637799535	-0.00056544
637799536	-0.099773253
637799537	0.038758062
637799538	0.034012695
637799539	0.096789368
637799540	0.021910277
637799541	0.06032261
637799542	-0.169704677
637799543	-1.052060829
637799544	-0.139418289
637799545	-0.092235626
637799546	-0.266921836
637799547	-0.036617657
637799548	-0.00538243
637799549	0.021216913
637799550	0.217870148
637799551	-0.615084623
637799552	-0.210989525
637799553	-0.019438323
637799554	0.000213848
637799555	-0.12729913
637799556	-0.187798455
637799557	-0.188431242
637799558	-0.128077091
637799559	-0.148750898
637799560	0.157359417
637799561	-0.765442535
637799562	-0.068798804
637799563	-0.127459952
637799564	-0.028491168
637799565	0.062057979
637799566	0.169873306
637799567	-0.383890039
637799568	-0.275449447
637799569	-0.375908362
637799570	-0.157381412
637799571	-0.043223926
637799572	-0.091793785
637799573	0.028089344
637799574	0.309600536
637799575	-0.557050703
637799576	0.475212078
637799577	-0.120114618
637799578	-0.704775622
637799579	-0.141807063
637799580	0.050826339
637799581	0.000365812
637799582	1.016520411
637799583	0.724876943
637799584	-0.279838807
637799585	0.086796852
637799586	0.002492706
637799587	0.078443084
637799588	0.1468809
637799589	0.194662863
637799590	0.518792639
637799591	0.106930454
637799592	0.085093364
637799594	-0.106767195
637799595	-0.020586481
637799596	-0.065209974
637799597	0.085940652
637799598	0.095265619
637799599	-0.047841537
637799600	0.034405965
637799601	-0.379553341
637799602	-0.335767385
637799603	-0.418763105
637799604	-0.60766426
637799605	0.172379986
637799606	0.024646586
637799607	-0.235471625
637799608	-0.122001796
637799609	-0.153267393
637799610	-0.1030486
637799611	-0.168558285
637799612	-0.067424586
637799613	0.056989627
637799614	-0.134672023
637799615	-0.237030635
637799616	-0.013794095
637799617	0.164517293
637799618	-0.100341277
637799619	-0.428767535
637799620	-0.209260593
637799621	0.04866652
637799622	0.408647746
637799623	0.014477416
637799624	0.149541928
637799625	-0.082569192
637799626	0.015429095
637799627	-0.069702546
637799628	0.055885154
637799629	-0.183067171
637799630	0.107725262
637799631	0.108071105
637799632	0.012851817
637799634	-0.170827527
637799635	-0.213533749
637799636	-0.466030776
637799637	0.022605707
637799638	0.293693454
637799639	0.202076098
637799640	0.090063193
637799641	-0.15987585
637799643	0.151382878
637799644	0.035773445
637799645	0.580856477
637799646	0.355363213
637799647	-0.356117633
637799648	0.256467087
637799649	0.290385955
637799650	-0.534808042
637799651	0.121582308
637799652	-0.161782431
637799653	0.053427111
637799654	-0.355279654
637799655	0.352453339
637799656	0.566679915
637799657	-0.119861051
637799658	-0.127893843
637799659	0.143227307
637799660	-0.252727718
637799661	-0.32100728
637799662	-0.07592782
637799663	0.299396711
637799664	0.20058573
637799665	-0.17447384
637799666	-0.388945567
637799667	-0.809483417
637799668	-0.373058317
637799669	-1.188059034
637799670	-0.08309576
637799671	0.132014184
637799672	-0.110885715
637799673	-0.393306023
637799674	-0.213939956
637799675	-0.201844456
637799676	-0.037140578
637799677	-0.03539109
637799678	-0.285309412
637799679	-0.141751935
637799680	-0.026928492
637799681	-0.121427009
637799682	0.099672744
637799683	-0.734913428
637799684	0.011072529
637799685	-0.036738082
637799687	-0.120787954
637799688	0.093481837
637799689	-0.134329478
637799690	-0.15614843
637799691	-0.047066748
637799692	-0.0102592
637799693	0.064981654
637799694	-0.052196494
637799695	-0.044109557
637799696	-0.110992516
637799697	-0.43811606
637799698	0.071779656
637799699	-0.253398969
637799700	-0.753289886
637799701	-0.261991669
637799702	0.006102658
637799703	-0.05326091
637799704	-0.415000901
637799705	-0.25987089
637799706	0.021192277
637799707	-0.061617837
637799708	0.071034586
637799709	-0.01476103
637799710	0.254789843
637799711	-0.147692598
637799712	0.057040302
637799713	-0.100689365
637799714	-0.277797303
637799715	-0.035900244
637799716	0.08013707
637799717	-1.040173741
637799718	0.158541603
637799719	-0.101769124
637799720	-0.251387939
637799721	0.010363097
637799722	0.188239524
637799723	-0.281722643
637799724	-0.172539873
637799725	0.299936644
637799726	0.065528988
637799727	0.0969272
637799728	-0.208840959
637799729	-0.016506968
637799730	0.10628943
637799731	0.358135504
637799732	-0.066399433
637799733	-0.348505901
637799734	-0.782495707
637799735	0.040067829
637799737	0.103147206
637799738	-0.176104416
637799739	-0.043917187
637799740	0.202830171
637799741	-0.086519476
637799742	-0.168115646
637799743	-0.132911383
637799744	-0.037758028
637799745	-0.138343852
637799746	0.056389159
637799747	0.080267372
637799748	0.178071617
637799749	0.130172081
637799750	0.04013169
637799751	-0.028285584
637799752	-0.038396934
637799753	0.03480035
637799754	-0.119805708
637799755	0.190361737
637799756	0.025682119
637799757	0.08424428
637799758	0.294938574
637799759	0.146686539
637799760	-0.143913649
637799761	-0.110977044
637799762	-0.069451734
637799763	0.201017691
637799764	0.104956944
637799765	0.250087174
637799766	0.023038508
637799767	0.31706514
637799768	0.238361285
637799769	-0.698343046
637799770	-0.692191853
637799771	-0.11698882
637799772	-0.260394131
637799773	-0.152546693
637799774	-0.266706154
637799775	-0.443262844
637799776	-0.15754382
637799777	-0.129956688
637799778	-0.022857219
637799779	-0.103405341
637799780	-0.108014394
637799781	-0.208616833
637799782	-0.278087235
637799783	-0.101797413
637799784	0.10510493
637799785	0.512328561
637799786	-0.272821148
637799787	-0.217236006
637799788	-0.378540703
637799789	0.233843299
637799790	-0.121292705
637799791	-0.141926174
637799793	-0.255513039
637799794	-0.116846595
637799795	-0.416482
637799796	-0.233738482
637799797	0.085600528
637799798	-0.082089839
637799799	0.016087314
637799800	-0.289506315
637799801	-0.232624783
637799802	-0.152422065
637799803	-0.129253381
637799804	-0.126024877
637799805	-0.306442027
637799806	0.202898315
637799807	-0.112472483
637799808	-0.409115955
637799809	0.010687322
637799810	0.103434089
637799811	-0.049287857
637799812	0.048615297
637799813	-0.320792424
637799814	-0.039926384
637799815	-0.231321449
637799816	0.072869693
637799817	-0.027408624
637799818	-0.192748108
637799819	0.063041632
637799820	-0.116928839
637799821	-0.10881226
637799822	-0.484482525
637799823	0.368024654
637799824	-0.045984205
637799825	0.126627335
637799826	-0.062794539
637799827	0.10942416
637799828	0.103851921
637799829	0.339784486
637799830	-0.358251446
637799831	-0.029553311
637799832	-0.231904349
637799833	0.163319254
637799834	0.323889107
637799835	0.091224985
637799836	0.018940629
637799837	0.00669496
637799838	-0.156255815
637799839	-0.415489863
637799840	-0.31309787
637799841	-0.162306789
637799842	-0.202654692
637799843	0.408168443
637799844	0.284088397
637799845	-0.013190094
637799846	-0.400736235
637799847	-0.156876778
637799848	0.195256405
637799849	0.209604255
637799850	0.142238145
637799851	0.420985616
637799852	0.466187195
637799853	-0.914660075
637799854	-1.004000008
637799855	-0.688614094
637799856	-0.357074425
637799857	-0.235709732
637799858	-0.453189072
637799859	-0.431400438
637799860	-0.018896766
637799861	0.072966873
637799862	-0.090281784
637799863	0.225432436
637799864	-0.027162225
637799865	-0.18636156
637799866	-0.329193629
637799867	-0.168928967
637799868	-0.11470262
637799869	-0.14331995
637799870	0.020975135
637799871	0.0272116
637799872	0.062602161
637799873	0.170779697
637799874	-0.074620284
637799875	0.045595137
637799876	0.188386451
637799877	0.260069456
637799878	0.017530988
637799879	-0.220953437
637799880	-0.00287129
637799881	-0.015308315
637799882	-0.094732449
637799883	-0.064004012
637799884	0.195812013
637799885	-0.202032021
637799886	-0.122695198
637799887	-0.089821332
637799888	0.085273791
637799889	-0.098467295
637799890	-0.131669358
637799891	0.088420842
637799892	0.030416541
637799893	-0.540725668
637799894	-0.674399202
637799895	-0.923864253
637799896	-1.435386352
637799897	-0.301909063
637799898	0.197991149
637799899	0.197830429
637799900	-0.335727044
637799901	-0.252073841
637799902	-0.187907308
637799903	-0.306301503
637799904	-0.459894966
637799905	-0.055216502
637799906	-0.248931161
637799907	-0.781303429
637799908	-0.134682974
637799909	-0.130587593
637799910	-0.082819486
637799911	-0.371121516
637799912	0.121181061
637799913	-0.294772055
637799914	0.033702863
637799915	-0.093378652
637799916	-0.145445016
637799917	-0.206503999
637799918	-0.35671701
637799919	0.131451262
637799921	0.063850596
637799922	-0.211089087
637799923	-0.214969528
637799924	0.118465046
637799925	-0.253626645
637799926	-0.035102339
637799927	-0.020449321
637799928	0.054861804
637799929	0.206388913
637799930	0.218498182
637799931	-0.100390124
637799932	0.621054281
637799933	0.208587833
637799934	0.075005088
637799935	0.059743318
637799936	0.118095252
637799937	0.209991612
637799938	0.067138008
637799939	0.23646155
637799940	-0.081228572
637799941	-0.597774733
637799942	0.070958937
637799943	0.167597114
637799944	-0.05491026
637799945	-0.038611873
637799946	-0.264081157
637799947	-0.205165535
637799948	-0.058014015
637799949	0.302700638
637799950	0.20846735
637799951	0.03372437
637799952	0.013298866
637799953	0.020369668
637799954	0.070732945
637799955	0.192202379
637799956	0.131661848
637799957	0.219232592
637799958	-0.259323799
637799959	0.116875153
637799960	0.120454317
637799961	0.171910759
637799962	-0.135030525
637799963	-0.059405105
637799964	-0.070009508
637799965	-0.136040456
637799966	0.056091426
637799967	-0.645426076
637799968	-0.263861857
637799969	-0.062504203
637799970	-0.05581782
637799971	0.048270719
637799972	-1.22845328
637799973	-1.264827406
637799974	-0.867694421
637799975	-0.447886581
637799976	-0.292648731
637799977	-0.130866162
637799978	-0.093950644
637799979	0.135460334
637799980	-0.106361181
637799981	-0.562449806
637799982	-0.148966093
637799983	0.16855791
637799984	-0.037763473
637799985	-0.117699821
637799986	0.02352733
637799987	-0.285767626
637799988	-0.237986137
637799989	0.738520163
637799990	0.122700539
637799991	-0.051327794
637799992	0.030827685
637799993	0.06844313
637799994	-0.231384257
637799995	-0.334364934
637799996	-0.096890275
637799997	-0.167297936
637799998	-0.059107539
637799999	0.071121556
637800000	0.517093015
637800001	-0.320212644
637800002	-1.007970206
637800003	-1.418626617
637800004	0.085571004
637800005	0.729483031
637800006	0.72271721
637800007	0.836865421
637800008	0.359192034
637800009	0.090376524
637800010	-0.153143014
637800011	0.005527553
637800012	0.132663789
637800013	0.005064839
637800014	-0.005524706
637800015	0.042575797
637800016	-0.200122361
637800017	0.0106446
637800018	-0.056496184
637800019	-0.068643696
637800020	-0.076976928
637800021	-0.423458637
637800022	-0.093670089
637800023	0.081062208
637800024	0.122050239
637800025	-0.032857098
637800026	-0.015959743
637800027	-0.184117432
637800028	0.005573568
637800029	-0.332951274
637800030	-0.086045537
637800031	-0.154791317
637800032	-0.252228495
637800033	0.022712089
637800034	0.036657833
637800035	0.36057566
637800037	-0.653884882
637800038	-0.250153689
637800039	0.063676328
637800040	-0.6174044
637800041	-1.116113851
637800042	-0.285780454
637800043	-0.494573653
637800044	0.974649185
637800045	1.227074254
637800046	1.399325284
637800047	-0.516204723
637800048	-0.226364608
637800049	0.068740154
637800052	-0.397650585
637800053	-0.149171263
637800054	-0.11573924
637800055	-0.048416604
637800056	-0.048573303
637800057	-0.811779246
637800058	0.141639024
637800059	0.136658579
637800060	0.096970442
637800061	0.033022541
637800062	-0.119703818
637800063	-0.241886368
637800064	-0.790793878
637800065	0.100898947
637800066	-0.232844286
637800067	-0.088063604
637800068	-0.094207605
637800070	-0.86233451
637800071	-0.948540311
637800072	-0.702174787
637800073	0.060144121
637800074	-0.530482377
637800075	-0.182458782
637800076	0.274949845
637800077	-0.034740702
637800078	-0.185492152
637800079	0.089783748
637800080	-0.021098162
637800081	0.268867661
637800082	0.276338227
637800083	0.320616933
637800084	0.185600871
637800085	0.056117544
637800086	-0.038815259
637800087	-0.038097033
637800088	-0.092409784
637800089	-0.012654545
637800090	0.370295518
637800091	0.388877134
637800092	0.320593243
637800093	0.378889501
637800094	-0.292501748
637800095	-0.100356377
637800096	-0.161043223
637800097	0.085001483
637800098	1.797919327
637800099	0.02933523
637800101	-0.110932825
637800102	-0.424964381
637800103	0.021227383
637800104	-0.113935683
637800105	-0.134509728
637800106	0.427751955
637800107	0.520990728
637800108	0.352130365
637800109	0.33749483
637800110	-0.147063641
637800111	-0.110475446
637800112	-0.207020724
637800113	-0.011916574
637800114	-0.153236385
637800115	0.217440208
637800116	0.085709487
637800117	-0.097429199
637800118	-0.138851121
637800119	-0.018260098
637800120	0.069758479
637800121	0.007235024
637800122	0.104946357
637800123	0.009939167
637800124	0.143722145
637800125	-0.022957573
637800126	0.054664373
637800127	-0.040610462
637800128	0.039576833
637800129	-0.09243436
637800130	-0.046216204
637800131	-0.202344631
637800132	-0.08816155
637800133	-0.552748691
637800134	0.432136688
637800135	0.138923189
637800136	-0.066448168
637800137	0.084338787
637800138	-0.329211874
637800139	0.314883491
637800140	0.309587456
637800141	-0.15223043
637800142	-0.00746359
637800143	-0.458275193
637800144	-0.436346533
637800145	-0.403165964
637800146	-0.022726507
637800147	0.04049083
637800148	-0.706251051
637800149	-0.047690426
637800150	-0.10458219
637800151	-0.366230853
637800152	0.033140778
637800153	-0.038300237
637800154	0.039407718
637800156	-0.260249053
637800157	-0.147061437
637800158	-0.260850528
637800159	-0.072009389
637800160	-0.162942021
637800161	0.150016554
637800162	-0.045165923
637800163	-0.034322101
637800164	-0.032566985
637800165	-0.197001549
637800166	-0.230483708
637800167	0.134457981
637800168	0.091129273
637800169	0.017362023
637800170	0.013103373
637800171	0.036456461
637800172	-0.378028757
637800173	0.022479574
637800174	-0.273236421
637800175	-0.102554907
637800176	-0.286498382
637800177	-0.074923138
637800178	-0.054279582
637800179	-0.095157554
637800180	-0.36697913
637800181	-0.351099748
637800182	-0.164323376
637800183	0.067213808
637800184	-0.01679929
637800185	-0.297960936
637800186	-0.009220104
637800187	0.276936187
637800188	-0.165765525
637800189	-0.040981858
637800190	-0.048273985
637800191	-0.02800057
637800192	0.153287915
637800194	-0.041211811
637800195	0.093109565
637800197	0.384066082
637800198	0.966467389
637800199	0.186099628
637800200	-0.054239003
637800201	-0.36900775
637800202	-0.855046198
637800203	-0.20262449
637800204	-0.057102173
637800205	-0.141734889
637800206	-0.038365412
637800207	-0.261240106
637800208	-0.207696742
637800209	0.430335786
637800210	0.344702557
637800211	-0.072727761
637800212	-0.001234781
637800213	-0.179988231
637800214	-0.044174541
637800215	-0.097584643
637800216	0.148568975
637800217	0.334178586
637800218	0.337435817
637800219	-0.297866459
637800220	0.028772786
637800221	0.065310184
637800222	0.144053758
637800223	-0.020045378
637800224	0.199181615
637800225	1.069022637
637800226	-0.068229178
637800227	-0.150048113
637800228	-0.163339898
637800229	-0.221517644
637800230	-0.082558791
637800231	-0.046597384
637800232	0.166527024
637800233	-0.349556822
637800234	-0.590001927
637800235	-0.095902299
637800236	-0.049872919
637800237	0.082386997
637800238	-0.643672071
637800239	-0.149791701
637800240	0.032935347
637800241	-0.474760485
637800242	0.006114037
637800243	-0.149154497
637800244	-0.047648931
637800245	0.248844753
637800246	0.098988007
637800247	0.031316257
637800248	0.040110571
637800249	0.148119125
637800250	-0.08556893
637800251	0.022850689
637800252	-0.524753128
637800253	-0.513909493
637800254	-0.472544048
637800255	0.103361465
637800256	-0.034367812
637800257	-0.140326342
637800258	-0.646705481
637800259	-0.832855542
637800260	-0.0685106
637800261	0.306751218
637800262	-0.35974501
637800263	-0.245029384
637800264	-0.23978595
637800265	0.025489276
637800266	-0.154546933
637800267	-0.134938286
637800268	-0.213811486
637800269	-0.16480557
637800270	-0.093639341
637800271	0.275772481
637800272	-0.309259206
637800273	-0.983730105
637800274	-0.170707945
637800275	-0.313744636
637800276	-0.184787197
637800277	-0.402425908
637800278	-0.325579416
637800279	0.698742268
637800280	0.109799479
637800281	-0.162335902
637800282	0.005679322
637800283	0.153407027
637800284	-0.021669409
637800285	0.136145348
637800286	0.119099793
637800287	0.020723872
637800288	0.184432051
637800289	0.17205571
637800290	1.181594119
637800291	1.03435317
637800292	-0.533886259
637800293	-0.35714555
637800294	-0.153122911
637800295	-0.074020517
637800296	-0.040437025
637800297	-0.013673203
637800298	-0.112310997
637800299	0.020084991
637800300	0.049144382
637800301	-0.055067124
637800302	0.069156429
637800303	-0.795261071
637800304	-0.216551897
637800305	-0.184227216
637800306	0.472804744
637800307	-0.153498041
637800308	0.148981163
637800309	0.038786665
637800310	-0.140729784
637800311	-0.024830453
637800312	0.186328481
637800313	-0.094781433
637800314	-0.13974493
637800315	-0.202167759
637800316	0.003876582
637800317	-0.509734495
637800318	-0.060527331
637800319	-0.041840638
637800320	-0.041489525
637800321	-0.056440724
637800322	-0.179596428
637800323	-0.487154983
637800324	-0.060999359
637800325	0.158240342
637800326	-0.384814093
637800327	-0.12116631
637800328	-0.138720386
637800329	-0.142388223
637800330	-1.198411425
637800331	-0.677484199
637800332	-0.714378359
637800333	0.164308467
637800334	0.170024189
637800335	-0.224806201
637800336	-0.332013994
637800337	0.203899472
637800338	0.036350581
637800339	0.02564063
637800340	-0.054563785
637800341	-0.035394896
637800342	-0.239559933
637800343	-0.186891198
637800344	-0.629290481
637800345	-0.60127698
637800346	-0.682851518
637800347	-0.469143135
637800348	-0.317034355
637800349	-0.390594893
637800350	-0.074426935
637800351	-0.078299082
637800352	0.074693986
637800353	-0.034403857
637800354	-0.611247626
637800355	-0.746554341
637800356	0.221580818
637800357	-0.172726118
637800358	-0.221918075
637800359	-0.060679967
637800360	0.077029237
637800361	-0.181027429
637800362	-0.118390433
637800363	-0.057825253
637800364	-0.10815829
637800365	-0.412715686
637800366	-0.083621224
637800367	-0.205303204
637800368	-0.340843976
637800369	-0.092403755
637800370	-0.070726335
637800371	-0.005334444
637800372	0.066074603
637800373	0.122798024
637800374	-0.328104915
637800375	-0.172081845
637800376	-0.233995385
637800377	0.095648681
637800378	-0.184231173
637800379	0.109157278
637800380	0.06167728
637800381	-0.042509969
637800382	0.130190488
637800383	0.019964095
637800384	-0.227678961
637800385	-0.154337234
637800386	-0.181783717
637800387	-0.342691489
637800389	0.197618535
637800390	-0.049567019
637800391	-0.335022999
637800392	0.34891324
637800393	0.255759945
637800394	-0.076356161
637800395	-0.155343624
637800396	0.055450832
637800397	-0.128844044
637800398	-0.18122333
637800399	-0.093263963
637800400	0.055167752
637800401	0.190963926
637800402	-0.157890242
637800403	0.47440737
637800404	-0.011222105
637800405	-0.250481356
637800406	0.077039818
637800407	-0.086487317
637800408	-0.085802222
637800411	-0.124709926
637800412	-0.256769906
637800413	0.140088715
637800414	-0.402804569
637800415	0.103041723
637800416	0.259313866
637800417	-0.137802046
637800418	-0.513356761
637800419	-0.124233903
637800420	0.049741532
637800421	0.245028797
637800422	-0.006876435
637800423	-0.435325693
637800424	-0.27985927
637800425	0.064078154
637800426	-0.053408039
637800427	-0.06160928
637800428	-0.286940823
637800429	-0.142200135
637800430	0.176962053
637800431	-0.329711894
637800432	0.293774349
637800433	-0.438237615
637800434	-0.232117539
637800435	-0.042155162
637800436	0.354009093
637800437	0.057673024
637800438	-0.021521187
637800439	-0.180426543
637800440	0.292510982
637800441	-0.596402051
637800442	-0.224364314
637800443	-0.183204372
637800444	0.236631191
637800445	-0.207423282
637800446	-0.11117405
637800447	0.212788701
637800448	-0.129527676
637800449	-0.31846732
637800450	-0.268125199
637800451	-0.142692764
637800452	-0.025857073
637800453	0.03473234
637800454	0.01622297
637800455	-0.356829518
637800456	0.043954041
637800457	-0.982147182
637800458	0.070385387
637800459	-0.016620366
637800460	-0.273972073
637800461	-0.477157261
637800462	-0.15536129
637800463	0.074441376
637800464	0.009604211
637800465	-0.018456363
637800466	0.151643949
637800467	0.159378799
637800468	0.243580931
637800469	-0.122703859
637800470	-0.014322523
637800471	-0.459954725
637800472	-0.149866703
637800473	0.056310425
637800474	0.394416448
637800475	-0.171050726
637800476	0.085585251
637800477	-0.04923842
637800478	-0.361640182
637800479	-0.281685878
637800480	-0.13916684
637800481	-0.216712663
637800482	-0.131937217
637800483	-0.415378346
637800484	-0.079167243
637800485	-0.033476491
637800486	-0.129770763
637800487	0.04509296
637800488	-0.222603073
637800489	-0.258627264
637800490	-0.243903984
637800491	-0.00422798
637800492	-0.122770352
637800493	-0.107538781
637800494	-0.055969307
637800495	0.269590793
637800496	0.004133273
637800497	-0.353589085
637800498	0.395554014
637800499	-0.151003897
637800500	0.078287956
637800501	-0.96171395
637800502	-0.214099679
637800503	-0.140244601
637800504	-1.444708215
637800505	-0.115390059
637800506	-0.626465762
637800507	-0.032849776
637800508	0.003082648
637800509	-0.243972975
637800510	0.205049346
637800511	0.108377996
637800512	0.022246248
637800513	-0.019370345
637800514	-0.134096943
637800515	-0.051317974
637800516	-0.11485718
637800517	-0.197473314
637800518	-0.34519592
637800519	-0.052852482
637800520	0.117018849
637800521	0.039069146
637800522	-0.091091517
637800523	0.388560279
637800524	0.096223026
637800525	0.214732042
637800526	-0.291659667
637800527	1.131549886
637800528	0.130521225
637800529	0.131051575
637800530	-0.154393886
637800531	-0.172962156
637800532	-0.008553874
637800533	0.07044787
637800534	-0.391473777
637800535	-0.395479086
637800536	-0.13680979
637800537	0.063298275
637800538	0.041372267
637800539	-0.061596181
637800540	-0.054137396
637800541	0.149592316
637800542	-0.092401464
637800543	-0.101183077
637800544	-0.119858854
637800545	-0.317789359
637800546	-0.163709625
637800547	-0.204307166
637800548	0.205644981
637800549	-0.039255966
637800550	-0.179288374
637800551	-0.099042787
637800552	-0.936630046
637800553	0.050908925
637800554	0.282571685
637800555	-0.026552344
637800556	-0.11941694
637800557	-0.048512695
637800558	0.04218043
637800559	-0.133904377
637800560	-0.010776216
637800561	0.055477767
637800562	0.242585932
637800563	-0.167303085
637800564	-0.417824103
637800565	-0.10713492
637800566	-0.362681583
637800567	-0.200363284
637800568	0.009755604
637800569	0.213710068
637800570	0.194657506
637800571	-0.253441162
637800572	-0.119153911
637800573	-0.392627169
637800574	-0.024829149
637800575	-0.11765227
637800576	-0.251237379
637800577	-0.294474956
637800578	0.08657522
637800579	-0.129465007
637800580	-0.011520155
637800581	-0.085901144
637800582	-0.601707515
637800583	-0.737224726
637800584	-0.341384292
637800585	0.056436574
637800586	-0.595759793
637800587	-0.030711524
637800588	0.038242935
637800589	0.051862903
637800590	0.032162229
637800591	-0.010440355
637800592	-0.065524487
637800593	0.138080347
637800594	-0.174044929
637800595	0.033058179
637800596	-0.175034319
637800597	-0.30869487
637800598	-0.080544614
637800599	-0.223757561
637800600	-0.235708817
637800601	-0.339283266
637800602	-0.270457988
637800603	-0.251981025
637800604	-0.081314259
637800605	-0.395097547
637800606	-0.672415441
637800607	0.19685933
637800608	-0.734692036
637800609	-0.045238837
637800610	-0.087845573
637800611	0.045715145
637800612	-0.007224301
637800613	-0.255498114
637800614	-0.051276175
637800615	-0.310336719
637800616	-0.515698771
637800617	-0.574124709
637800618	-0.261440481
637800619	0.076152111
637800620	0.07562392
637800621	0.194016279
637800622	-0.034320729
637800623	-0.311817184
637800624	0.022755454
637800625	-0.115515486
637800626	0.147890888
637800627	0.154998434
637800628	-0.022870613
637800629	-0.106907896
637800630	0.66128421
637800631	-0.142376274
637800632	0.174074881
637800633	0.452398735
637800634	0.028442207
637800635	0.227000054
637800636	-0.014984184
637800637	0.452096618
637800638	0.030633856
637800639	-0.22471531
637800640	0.095672558
637800641	0.127437265
637800642	-0.109508121
637800643	0.14367785
637800644	0.116847729
637800645	0.272935773
637800646	-0.041067529
637800647	-0.361522164
637800648	0.218684892
637800650	0.053987645
637800651	0.224630818
637800652	0.226000744
637800653	0.213708189
637800654	0.128340268
637800655	0.066771208
637800657	-0.120186217
637800658	-0.075474695
637800659	-0.034665641
637800660	0.246445545
637800661	0.126104382
637800662	0.272759251
637800663	0.337731739
637800664	0.152154157
637800665	0.380913143
637800666	0.280017797
637800667	0.216853134
637800668	0.230978614
637800669	0.263485958
637800670	0.175282313
637800671	0.093289106
637800672	0.239322593
637800673	0.218593795
637800674	0.156066673
637800675	0.171995887
637800676	0.129906389
637800677	0.067481845
637800678	0.238679538
637800679	0.107447581
637800680	0.031538319
637800681	-0.066954901
637800682	-0.016153183
637800683	-0.014662575
637800684	0.23876135
637800685	0.493707813
637800686	-0.238864744
637800687	-0.048447564
637800688	0.060517885
637800689	-0.074793484
637800690	-0.248329693
637800691	-0.326327882
637800692	-0.395683648
637800693	-0.027931
637800694	-0.000966355
637800695	0.120034074
637800696	-0.529349911
637800697	0.034939656
637800698	-0.074639153
637800699	-0.0251271
637800700	0.324627017
637800701	1.081296864
637800702	-0.387413263
637800703	-0.038937468
637800704	-0.207459371
637800705	-0.219215874
637800706	-0.021641301
637800707	0.154666831
637800708	-0.02678264
637800709	-0.017748983
637800710	0.181041315
637800711	0.098019815
637800712	0.104639855
637800713	0.048696944
637800714	0.798861011
637800715	-0.151854463
637800716	0.028705672
637800717	0.107750508
637800718	-0.142084609
637800719	-0.057542287
637800720	-0.250006116
637800721	0.141050552
637800722	0.054877375
637800723	-0.084375551
637800724	-0.077126073
637800725	-0.058662881
637800726	0.473698533
637800727	-0.176272776
637800728	-0.327605061
637800729	-0.261914784
637800730	0.00796346
637800731	0.017722874
637800732	-0.102253248
637800733	0.085731036
637800734	0.191928158
637800735	0.221937287
637800736	0.164402659
637800737	-0.147242057
637800738	0.032359087
637800740	-0.236963796
637800741	-0.157777761
637800742	-0.130883143
637800743	0.024533187
637800744	0.187663734
637800745	0.489364492
637800746	0.10876328
637800747	0.048224212
637800748	-0.223463969
637800749	0.247426943
637800750	0.029775255
637800751	-0.077499369
637800752	-0.149577876
637800753	-0.061444448
637800754	0.493577091
637800755	0.549654346
637800756	0.462784948
637800757	-0.463715757
637800758	-0.001918614
637800759	-0.132342
637800760	0.2044486
637800761	0.59941467
637800762	0.711902366
637800763	-0.505348888
637800764	-0.679977994
637800765	-0.056717036
637800766	-0.149113118
637800767	0.242843139
637800768	-0.033623228
637800769	-0.434176399
637800770	-0.231287969
637800771	-0.033238536
637800772	-0.118949264
637800773	-0.257773597
637800774	0.467073443
637800775	-0.208586087
637800776	0.062295676
637800777	0.094100902
637800778	0.177249604
637800779	-0.117050493
637800780	-0.436456139
637800781	0.972854773
637800782	0.967435908
637800783	1.003198468
637800784	1.176539122
637800785	-0.220141858
637800786	-0.35655509
637800787	-0.23443347
637800788	0.179827146
637800789	0.050917187
637800790	-0.383898546
637800791	-0.316847965
637800792	0.023343935
637800793	0.234120289
637800794	0.286792245
637800795	0.050532031
637800796	0.145852501
637800797	0.195660211
637800798	-0.164864234
637800799	0.018685681
637800800	0.235104378
637800801	0.148135075
637800802	-0.394261243
637800803	0.128514306
637800804	0.165857845
637800805	-0.215615014
637800806	-0.143991152
637800807	-0.507924427
637800808	-0.131099848
637800809	-0.080601484
637800810	0.09218007
637800811	0.290156899
637800812	-0.000503871
637800813	-0.104489166
637800814	-0.119558812
637800815	-0.085801122
637800816	-0.520884609
637800817	-0.193052622
637800818	-0.052071228
637800819	-0.114584922
637800820	0.112953213
637800821	-0.146713196
637800822	-0.252019221
637800823	-0.106309667
637800824	-0.16058937
637800825	0.119430529
637800826	-0.355406136
637800827	0.032276267
637800828	0.136337843
637800829	-0.102359688
637800830	-0.079977071
637800831	-0.122484351
637800832	1.000786852
637800833	0.736239646
637800834	0.419350839
637800835	0.46005324
637800836	0.730391683
637800837	0.251288693
637800838	-0.023711165
637800839	0.096254329
637800840	-0.281705078
637800841	0.246700964
637800842	0.186376755
637800843	-0.013016663
637800844	-0.368870854
637800845	-0.344963756
637800846	0.140917253
637800847	0.093194669
637800848	-0.167948115
637800849	0.139349504
637800850	0.084768863
637800851	-0.099598502
637800852	0.332159432
637800853	-0.075505592
637800854	0.011265649
637800855	0.360222396
637800856	0.099579044
637800857	-0.084734481
637800858	-0.14641688
637800859	-0.077189058
637800860	0.188695257
637800861	-0.036029036
637800862	-0.003170278
637800863	0.021150741
637800864	-0.038734178
637800865	-0.321491658
637800866	0.185033203
637800867	-0.024903216
637800868	-0.039365937
637800869	-0.111639597
637800870	-0.576437053
637800871	0.076480264
637800872	0.230758039
637800873	-0.195042098
637800874	-0.61417891
637800875	0.244595404
637800876	-0.108197154
637800877	0.033546772
637800878	0.147535425
637800879	0.102903742
637800880	0.212970546
637800881	0.061823116
637800882	-0.048324206
637800883	0.247771248
637800884	0.036395418
637800885	0.124131285
637800886	0.076679838
637800887	-0.550498942
637800888	0.162656635
637800889	0.053201902
637800890	-0.025988321
637800891	-0.119304749
637800892	-0.28048258
637800893	0.2991625
637800894	-0.23897933
637800895	-0.245846823
637800896	0.007141065
637800897	0.147262646
637800898	-1.745278088
637800899	-0.930521643
637800900	-0.73980707
637800901	-0.618895214
637800902	0.207699159
637800903	-0.017887993
637800905	-0.032901416
637800906	-0.143269474
637800907	0.34995576
637800908	-0.995198843
637800909	-0.081356586
637800910	0.85490341
637800911	-0.076721852
637800912	-0.972640447
637800913	-0.024175539
637800914	-0.072007224
637800915	-0.191157293
637800916	0.093310542
637800917	0.190950844
637800918	-0.206070909
637800919	0.079015042
637800920	-0.19655875
637800921	-0.026031643
637800922	-0.183344021
637800923	-0.005740214
637800924	-0.143124354
637800925	-0.619861623
637800926	0.096635071
637800927	0.040298521
637800928	-0.593191902
637800929	-0.54357948
637800930	-0.434602015
637800931	-0.330151379
637800932	-0.325980734
637800933	0.107150109
637800934	-0.030251097
637800935	0.019593465
637800936	-0.795775111
637800937	0.03197286
637800938	-0.075063905
637800939	-0.047762384
637800940	-0.340637766
637800941	0.063987091
637800942	-0.068899599
637800943	0.107437248
637800944	-0.032642132
637800945	-0.008639022
637800946	-0.289176125
637800947	0.23295513
637800948	0.316161847
637800949	0.139209011
637800950	-0.40875894
637800951	-0.298850502
637800952	-0.789307006
637800953	0.031406504
637800954	-0.074424448
637800955	0.279765713
637800956	0.167717627
637800957	0.073944254
637800958	-0.203819655
637800959	-0.533045814
637800960	-0.028103357
637800961	-0.036980373
637800962	-0.102227826
637800963	-0.400410707
637800964	0.038526211
637800965	0.069181823
637800966	-0.050726656
637800967	-0.160157252
637800968	-0.119789775
637800969	-0.235516943
637800970	-0.186998976
637800971	0.329013029
637800972	0.040922761
637800973	0.08692046
637800974	-0.17099525
637800975	0.07748301
637800976	0.160940409
637800978	-0.057188613
637800979	0.175393884
637800980	-0.201189995
637800981	-0.101695112
637800982	-0.108553529
637800983	0.046404432
637800984	-0.141351677
637800985	0.387109264
637800986	0.021941447
637800987	-0.103505242
637800988	-0.275102024
637800989	-0.055738191
637800990	-0.010953621
637800991	-0.23307006
637800992	0.190434798
637800993	0.122746663
637800994	-0.110123539
637800995	-0.043483088
637800996	-0.370301696
637800997	-0.589793254
637800998	0.118845399
637800999	-0.20265725
637801000	0.014597879
637801001	0.054162459
637801002	0.377718831
637801003	0.43947845
637801004	0.498641239
637801005	0.732926106
637801006	0.639572483
637801007	0.921763719
637801008	0.09787998
637801009	0.21960705
637801010	-0.041144686
637801011	-0.363862155
637801012	-0.020751055
637801013	-0.045666042
637801014	-0.348317508
637801015	-0.367101875
637801016	0.168880047
637801017	0.019393883
637801018	-0.36732559
637801019	-0.497341241
637801020	-0.313625216
637801021	-0.12764816
637801022	-0.343401565
637801023	-0.007783122
637801024	-0.017883993
637801025	-0.147583227
637801029	-0.18717688
637801030	0.049296921
637801031	0.064593789
637801032	-0.049264211
637801033	-0.078116493
637801034	-0.134477916
637801035	0.02129006
637801036	-0.173190253
637801037	-0.042659753
637801038	-0.255163668
637801040	-0.098311732
637801041	0.072700554
637801042	-0.126511881
637801043	-0.188662755
637801044	1.362075059
637801045	1.340108209
637801046	-0.17071953
637801047	-0.437561729
637801048	-0.21603054
637801049	-0.010969236
637801050	-0.535456587
637801051	-0.101907793
637801052	0.01188717
637801053	-0.030113747
637801054	0.14826394
637801055	0.09183759
637801056	0.194137688
637801057	0.210107538
637801058	0.203004357
637801059	-0.222984298
637801060	-0.200263353
637801061	-0.157951071
637801062	-0.964811844
637801063	0.165458336
637801064	-0.401539957
637801065	-0.055309607
637801066	-0.308186336
637801067	0.25048522
640711016	-0.038784758
640711017	-0.103876426
640711018	-0.16443058
640711019	-0.107254235
640711020	-0.494986659
640711021	-0.031024655
640711022	0.110838086
640711023	0.106100354
640711024	0
640711025	0
640711026	0
640711027	0
640711028	0
640711029	-0.444390451
640711030	0.479625034
640711031	0.339767153
640711032	-0.226339401
640711033	-0.030071002
640711034	0.191591538
640711035	0.438393424
640711036	-0.376196626
640711037	0.293512599
640711038	-0.145850429
640711039	0.011036845
640711040	-0.188642454
640711041	0.011194779
640711042	-0.101176639
640711043	-0.033482951
640711044	0.005554974
640711045	0.114353261
640711046	-0.249802532
640711047	-0.428033743
640711048	-0.0244237
640711049	0.250169526
640711050	0.23626321
640711051	0.126056946
640711052	-0.190647748
640711053	-0.073362431
640711054	0.540015756
640711055	0.016449802
640711056	-0.003072907
640711057	-0.05934625
640711058	0.094657487
640711059	-0.083151555
640711060	0.348799259
640711061	0.480153989
640711062	-0.166465948
640711063	0.049700961
640711064	-0.147584333
640711065	0.146999518
640711066	-0.932690646
640711067	-0.18414659
640711068	-0.314694807
637798356	0.023239333
637798357	0.073642597
637798358	-0.153883168
637798359	-0.060215815
637798360	-0.070774432
637798361	-0.185085739
637798362	-0.115650947
637798363	0.037741016
637798364	-0.04116752
637798365	0.139354739
637798366	-0.166091209
637798367	0.008520736
637798368	0.235658523
637798369	-0.019316458
637798370	-0.193198031
637798371	-0.120655837
637798372	-0.062366242
637798373	0.098132035
637798374	-0.129373958
637798375	-0.172620604
637798376	-0.127628763
637798377	-0.112216233
637798378	-0.067921473
637798379	0.028504243
637798380	-0.160358025
637798381	-0.10453258
637798382	0.187683578
637798383	0.491859083
637798384	0.112984399
637798385	-0.07349556
637798386	0.079169161
637798387	0.042965372
637798388	-0.129994433
637798389	-0.048827278
637798390	0.038115052
637798391	-0.238361219
637798392	-0.060237832
637798393	0.021889728
637798394	-0.02739874
637798395	-0.138775853
637798396	-0.034211571
637798397	-0.190594144
637798398	-0.201467841
637798399	-0.083448954
637798400	-0.358924739
637798401	-0.029240322
637798402	-0.305523985
637798403	-0.367972448
637798404	-0.211799038
637798405	0.20864321
pANS_predictedORF_1	-0.042150399
pANS_predictedORF_2	0.014030774
pANS_predictedORF_3	0.080281388
pANS_predictedORF_4	0.109583195
pANS_predictedORF_5	-0.201028787
pANS_predictedORF_6	0.162353107
pANS_predictedORF_7	0.086714089
pANS_predictedORF_8	-0.04611933
