Reporter Identifier	VALUE
637798406	-0.134272508
637798407	-0.209960603
637798408	-0.097582312
637798409	-0.464356462
637798410	0.297734678
637798411	-0.164144489
637798412	0.241458347
637798413	-0.051168705
637798414	-0.611761573
637798415	0.068866554
637798416	-0.8575075
637798417	-0.211223505
637798418	-0.499991746
637798419	0.005766192
637798420	-0.049119902
637798421	-0.00086619
637798422	-0.092184036
637798423	-0.413589206
637798424	0.405011178
637798425	0.08267894
637798426	0.069569273
637798427	0.272019168
637798428	0.212870531
637798429	0.133853443
637798430	0.211113897
637798431	0.129599834
637798432	-0.08704678
637798433	0.23771776
637798434	-0.113329809
637798435	-0.134611519
637798436	-0.11095415
637798437	0.280415588
637798438	-0.018328424
637798439	-0.054468744
637798440	0.318430155
637798441	0.026812662
637798442	-0.142946582
637798443	-0.082299343
637798444	0.956376886
637798445	0.11517551
637798446	0.36382537
637798448	-1.716100101
637798449	-0.02362617
637798450	-0.122003333
637798451	0.075712881
637798452	-0.35586932
637798453	-0.162503034
637798454	-0.417643032
637798455	-0.927813747
637798456	-0.132600499
637798457	0.132718594
637798458	0.055356734
637798459	0.215479178
637798460	-0.05785865
637798461	-0.110991581
637798462	0.25012579
637798463	0.015842977
637798464	0.118350062
637798465	-0.149804065
637798466	-0.016566589
637798467	0.062358344
637798468	0.004647763
637798469	-0.044523431
637798470	-0.08394579
637798471	0.317433407
637798472	0.026669071
637798473	-0.005279141
637798474	-0.050496481
637798475	0.161916841
637798476	0.065974561
637798477	-0.17108708
637798478	0.011474536
637798479	-0.172351485
637798480	0.100159556
637798481	-0.087248912
637798482	-0.14359931
637798483	-0.087612688
637798484	-0.02621149
637798485	0.125653957
637798486	-0.109856055
637798487	-0.32037599
637798488	-0.391523939
637798489	-0.147638129
637798490	-0.148554362
637798491	-0.00620075
637798492	0.122297575
637798493	-0.043420102
637798494	0.028365213
637798495	-0.006739663
637798496	-0.112913191
637798497	-0.16420778
637798498	-0.327870599
637798499	-0.006825448
637798500	-0.035740943
637798501	0.105385572
637798502	0.440821474
637798503	0.100043897
637798504	-0.478733959
637798505	-0.223121456
637798506	0.43844993
637798507	-0.307836239
637798508	0.128128998
637798509	-0.102930654
637798510	0.226924228
637798511	0.025679062
637798512	0.169085351
637798513	-0.021617265
637798514	0.136709278
637798515	0.10264271
637798516	0.459161124
637798517	0.036572908
637798518	-0.072498351
637798519	0.052839632
637798520	-0.521691892
637798521	0.122636929
637798522	0.083004602
637798523	0.235336001
637798524	-0.342475544
637798525	-0.165022815
637798526	-0.533795196
637798527	-0.005374168
637798528	0.19238586
637798529	0.035253442
637798530	0.109061608
637798531	-0.163603774
637798532	-0.394724269
637798533	-0.228817255
637798534	0.083693976
637798535	0.13864788
637798536	0.20038348
637798537	0.068013116
637798538	-0.205033893
637798539	0.117100002
637798540	0.081551774
637798541	-0.047852655
637798542	-0.195295241
637798543	-0.264569518
637798544	0.385478741
637798545	0.013096705
637798546	-0.020176993
637798547	-0.345618539
637798548	-0.127029738
637798549	-0.058533387
637798550	0.018583048
637798551	0.194124926
637798552	-0.114551776
637798553	-0.278716117
637798554	0.12292552
637798555	-0.16005962
637798556	-0.338563035
637798557	0.146469709
637798558	-0.092082948
637798559	0.065738975
637798560	0.044382346
637798561	0.222750765
637798562	-0.230560622
637798563	0.686649109
637798564	-0.2867995
637798565	0.108766128
637798566	0.101222221
637798567	-0.470816938
637798568	0.104875109
637798569	0.064823705
637798570	-0.275600728
637798571	-0.000921365
637798572	0.166445835
637798573	-0.18225992
637798574	0.116578066
637798575	-0.208216128
637798576	-0.024263358
637798577	-0.129197087
637798578	-0.129465887
637798579	-0.074192847
637798580	-0.072238673
637798581	-0.141821783
637798582	-0.085991905
637798583	-0.007018982
637798584	0.054635959
637798585	-0.123493041
637798586	0.357155398
637798587	0.18134034
637798588	-0.135093329
637798589	-0.048679044
637798590	-0.13567685
637798591	0.076539192
637798592	-0.008077331
637798593	-0.012460036
637798594	0.209491999
637798595	-0.245597585
637798596	-0.044191947
637798597	-0.370645348
637798598	0.064730205
637798599	-0.138835823
637798600	-0.108816336
637798601	-0.15181265
637798602	0.233233042
637798603	-0.130001938
637798604	0.732804781
637798605	0.553900218
637798606	0.860397208
637798607	0.419184978
637798608	0.848097064
637798609	0.12687073
637798610	0.156372097
637798611	0.199915965
637798612	0.059041217
637798613	0.243101491
637798614	0.104700293
637798615	-0.34460669
637798616	-0.180083245
637798617	-0.090177739
637798618	0.077276042
637798619	0.07672487
637798620	-0.057559994
637798621	0.057074875
637798622	0.000655909
637798623	-0.38883555
637798624	-0.163280241
637798625	-0.23522987
637798626	-0.225884211
637798627	-0.030354614
637798628	-0.097843036
637798629	-0.00776974
637798630	-0.252723029
637798631	-0.383200385
637798632	-0.219386164
637798633	0.076366217
637798634	-0.280185752
637798635	-0.048874479
637798636	0.308351913
637798637	0.059279661
637798638	-0.12483093
637798639	-0.25132577
637798640	0.08584042
637798641	0.146497707
637798642	0.135609748
637798643	-0.028465017
637798644	0.114830398
637798645	0.181065705
637798646	0.034130162
637798647	0.119609614
637798648	-0.17238128
637798649	-0.12585257
637798650	0.187138358
637798651	0.09797992
637798652	-0.257561455
637798653	-0.086125236
637798654	0.022153268
637798655	-0.018083982
637798656	0.201157259
637798657	0.107380621
637798658	-0.424673017
637798659	-0.440215459
637798660	-0.097462164
637798661	0.28158826
637798662	0.039834185
637798663	0.050771921
637798664	0.056929209
637798665	-0.099959381
637798666	0.222690149
637798667	0.011930708
637798668	-0.431949058
637798669	0.109881729
637798670	0.071380753
637798671	-0.082272045
637798672	0.103883353
637798673	0.326638397
637798674	-0.049414258
637798675	-0.785067835
637798676	-0.199023918
637798677	0.016607476
637798678	-0.17446651
637798679	0.231747786
637798680	0.112212293
637798681	0.160105957
637798682	0.005505879
637798683	-0.028637654
637798684	0.25388214
637798685	0.368651362
637798686	-0.072666742
637798687	-0.180905936
637798688	-0.324463142
637798689	-0.034042155
637798690	-0.129284681
637798691	-0.789788726
637798692	-0.109725765
637798693	-0.067635399
637798694	-0.142903513
637798695	-0.221441769
637798696	0.055975962
637798697	-0.135851659
637798698	-0.058024359
637798699	-0.183276361
637798700	-0.323790818
637798701	-0.62171982
637798702	0.027922282
637798703	-0.175989382
637798704	0.000846427
637798705	-0.186149749
637798706	-0.046228536
637798707	-0.007549052
637798708	-0.054619387
637798709	0.10781359
637798710	0.454871288
637798711	0.118273718
637798712	0.023835295
637798713	0.339905268
637798714	0.189889084
637798715	0.324832829
637798716	0.125233073
637798717	-0.04832982
637798718	0.257491272
637798719	-0.4203105
637798720	-0.037913234
637798721	-0.280484211
637798722	0.638832033
637798723	0.263942433
637798724	0.22687235
637798725	0.147112655
637798726	-0.107949974
637798727	0.03223777
637798728	-0.078978556
637798729	-0.16361994
637798730	0.240745175
637798731	0.334063983
637798732	-0.11414988
637798733	0.137997114
637798734	0.127716387
637798735	0.026681762
637798736	-1.129644599
637798737	-0.813445273
637798738	-0.700520421
637798739	-0.589248776
637798740	-0.281269096
637798741	-0.748891383
637798742	-0.61796544
637798743	-0.440505236
637798744	-0.226916409
637798745	-0.034111157
637798746	0.189440314
637798747	-0.078688428
637798748	0.072200593
637798749	-0.634651133
637798750	-0.187443562
637798751	-0.111470874
637798752	-0.064442753
637798753	-0.943906477
637798754	0.022862908
637798755	0.135941376
637798756	-0.416938838
637798757	0.094434186
637798758	0.082122679
637798759	0.349872235
637798760	-0.020470723
637798761	-0.344845358
637798762	-0.203685597
637798763	-0.04440622
637798764	-0.067662847
637798765	-0.273143422
637798766	-0.110880529
637798767	-0.242643948
637798768	-0.024251035
637798769	0.034264637
637798770	-0.133488323
637798771	-0.661573987
637798772	-0.054152543
637798773	-0.298481208
637798774	0.348041515
637798775	0.479790497
637798776	0.348349799
637798777	0.347997258
637798778	-0.170031418
637798779	0.070731684
637798780	0.318496762
637798781	-0.151328854
637798782	-0.095648028
637798783	-0.403669432
637798784	-0.235483388
637798785	-0.498945659
637798786	-0.322441307
637798787	-0.067633344
637798788	0.334231113
637798789	0.378172494
637798790	0.239387654
637798791	-0.168540793
637798792	0.13838909
637798793	-0.13859973
637798794	-0.337050267
637798795	-0.1352222
637798796	-0.005701748
637798797	-0.053866178
637798798	0.052613393
637798799	-0.118646529
637798800	-0.03032722
637798801	-0.182643299
637798802	-0.222169253
637798803	-0.033751615
637798804	-0.355827657
637798805	-0.358584829
637798806	-0.186651813
637798807	-0.074717788
637798808	-0.135405875
637798809	-0.424805188
637798810	-0.356661189
637798811	-0.013257664
637798812	-0.143861095
637798813	0.133507298
637798814	-0.09340077
637798815	0.425667377
637798816	0.709719656
637798817	-0.164607673
637798818	-0.107490122
637798819	-0.420463581
637798820	-0.123035392
637798821	-0.278085546
637798822	-0.128723326
637798823	0.138882389
637798824	-0.131449863
637798825	-0.586572559
637798826	0.306315545
637798827	-0.105995067
637798828	0.080739188
637798829	-0.124456269
637798830	0.393867138
637798831	-0.351707718
637798832	-0.307810092
637798833	-0.240950264
637798834	0.020898466
637798835	0.342435523
637798836	-0.384481249
637798837	-0.140837183
637798838	0.04662447
637798839	0.454488829
637798840	-0.144971561
637798841	-0.129134474
637798842	0.070549196
637798843	0.352396992
637798844	0.302408174
637798845	-0.570062917
637798846	-0.093420296
637798847	-0.173339834
637798848	-0.492152112
637798849	0.046457755
637798850	-0.037497069
637798851	0.009294393
637798852	-0.082423769
637798853	0.08024678
637798854	-0.073665429
637798855	-0.438713511
637798856	-0.843427136
637798857	0.102096042
637798858	0.059535747
637798860	-0.030411131
637798861	-0.105459996
637798862	-0.024506015
637798863	-0.008458553
637798864	-0.075643212
637798865	-0.138742723
637798866	-0.116621098
637798867	0.038117864
637798868	0.031448614
637798869	0.15725282
637798870	0.082577712
637798871	-0.686230414
637798872	-0.569154416
637798873	-0.33865201
637798874	-0.052446752
637798875	-0.095338106
637798876	-0.433150779
637798877	0.086345921
637798878	-0.14306027
637798879	0.062577952
637798880	-0.718186696
637798881	-0.172384858
637798882	0.030008174
637798883	-0.267066159
637798884	-0.052058647
637798885	-0.006335854
637798886	-0.114841127
637798887	0.391629535
637798888	0.449669657
637798889	-0.16351116
637798890	-0.188191124
637798891	-0.523331308
637798892	-0.168502141
637798893	-0.277172418
637798894	-0.49301897
637798895	0.235495826
637798896	-0.070440156
637798897	0.003396392
637798898	-0.163530152
637798899	-0.187689001
637798900	0.127893306
637798901	-0.035451328
637798902	-0.392842255
637798903	0.023914332
637798904	-0.252206
637798905	0.144530505
637798906	0.267131241
637798907	0.151527228
637798908	-0.057279892
637798909	0.00690105
637798910	0.192505983
637798911	0.195841863
637798912	-0.920974303
637798913	-0.360795281
637798914	-0.533916942
637798915	-0.206022106
637798916	-0.16750827
637798917	0.003858406
637798918	-0.283199076
637798919	-0.073321186
637798920	-0.129173393
637798921	-0.172642143
637798922	0.17840289
637798923	0.086249932
637798924	0.011946566
637798926	-0.172384957
637798927	0.002661683
637798928	-0.1448443
637798929	-0.197506181
637798930	0.035968663
637798931	-0.241966926
637798932	-0.525636526
637798933	-0.213215571
637798934	0.147159861
637798935	0.171777685
637798936	0.1098285
637798937	0.067470468
637798938	-0.123622733
637798939	-0.056269741
637798940	0.087551407
637798941	0.039602479
637798942	-0.112892977
637798943	-0.012632148
637798944	-0.546149982
637798945	-0.136486035
637798946	-0.447858312
637798947	0.041876508
637798948	-0.235630381
637798949	0.102534294
637798950	-0.109571962
637798951	0.235881137
637798952	-0.284141168
637798953	-0.012296003
637798954	0.471565671
637798955	-0.052895002
637798956	0.080944892
637798957	-0.541066631
637798958	-0.065820414
637798959	0.298731619
637798960	-0.048172125
637798961	-0.278068377
637798962	-0.223266346
637798963	0.023485908
637798964	0.769210551
637798965	0.651580923
637798966	0.010062114
637798967	-0.270985622
637798968	-0.17200994
637798969	0.138678347
637798970	0.038941432
637798971	0.079133842
637798972	-0.120789072
637798973	0.087293125
637798974	-0.11933487
637798975	0.066383042
637798976	0.051097658
637798977	0.096474353
637798978	-0.144775143
637798979	0.211227873
637798980	0.111815199
637798981	0.108823002
637798982	-0.008460531
637798983	-0.208531472
637798984	0.139300302
637798985	0.257207668
637798986	-0.827396689
637798987	-0.177519122
637798988	0.076496065
637798989	0.211079672
637798990	-0.085862914
637798991	-0.116021954
637798992	-0.431148674
637798993	-0.13760792
637798994	0.022644669
637798998	-0.123068401
637798999	0.057977022
637799000	-0.090347104
637799001	0.010502098
637799002	0.238662618
637799003	0.231521026
637799004	0.308368552
637799005	0.234681421
637799006	0.255363445
637799007	0.166733563
637799008	-0.456394472
637799009	-0.636939755
637799010	0.179670576
637799011	-0.082397509
637799012	-0.233142783
637799013	-0.323367351
637799014	-0.706196129
637799015	-0.457722387
637799016	-0.069182699
637799017	-0.155124965
637799018	-0.104564106
637799019	-0.253139371
637799020	-0.081201713
637799021	-0.156357103
637799022	0.069542938
637799023	-0.421019511
637799024	-0.068547535
637799025	-0.159669631
637799026	-0.091036257
637799027	0.047899766
637799028	-0.005855285
637799029	-0.369038936
637799030	-0.285860123
637799031	0.209598834
637799032	0.056344169
637799033	-0.230393862
637799035	0.064150036
637799036	0.013982839
637799037	-0.144589438
637799038	-0.24203528
637799039	-0.071629791
637799040	-0.096989284
637799041	0.096706065
637799042	-0.066457214
637799043	-0.065009153
637799044	-0.03253315
637799045	-0.61024496
637799046	-0.026071956
637799047	-0.134581708
637799048	-0.526255588
637799049	-0.062117724
637799050	-0.131714008
637799051	-0.102671817
637799052	0.031999663
637799053	-0.175486299
637799054	0.021924898
637799055	-0.327130637
637799056	0.175606205
637799057	-0.215889584
637799058	-0.097320117
637799059	0.32320086
637799060	0.224327995
637799061	0.168628891
637799062	-0.259487469
637799063	0.277499804
637799064	0.401728574
637799065	-0.454720561
637799066	-0.449920308
637799067	0.273374432
637799068	0.260919859
637799069	-0.946215037
637799070	-0.951214802
637799071	-0.226296849
637799072	-0.053693099
637799073	0.261372119
637799074	0.278300241
637799075	0.056772958
637799076	-0.069409746
637799077	0.077908414
637799078	0.123181384
637799079	-0.65232725
637799080	0.530494132
637799081	-0.041298257
637799082	0.09625222
637799083	0.163038266
637799084	0.275077925
637799085	-0.073557335
637799086	-0.323715901
637799087	-0.055439158
637799088	-0.022536939
637799089	-0.158488137
637799090	-0.333742714
637799091	0.007473293
637799092	0.722412814
637799093	-0.020319956
637799094	-0.257413578
637799095	0.071309337
637799096	-0.218357713
637799097	0.258710115
637799098	0.640731712
637799099	0.414902897
637799100	0.188586853
637799101	-0.03207776
637799102	-0.586509745
637799103	0.169544455
637799104	0.181794371
637799105	-0.0256729
637799106	-0.149776606
637799107	0.014436287
637799108	-0.312418402
637799109	0.238329263
637799110	0.151926518
637799111	-0.726912292
637799112	0.225638908
637799113	-0.280451962
637799114	-0.1355903
637799115	0.187013805
637799116	0.3497945
637799117	0.184798972
637799118	0.051006682
637799119	-0.034186176
637799121	-0.361522604
637799122	-0.659203558
637799123	0.205272881
637799124	-0.08677511
637799125	-0.130455315
637799126	-0.014618415
637799127	-0.215358324
637799128	0.079242961
637799129	-0.018042909
637799130	-0.021947578
637799131	-0.23367094
637799132	-0.032655303
637799133	-0.140600223
637799134	0.086515306
637799135	0.02766676
637799136	0.023935148
637799137	-0.126777544
637799138	-0.108472489
637799139	0.044723558
637799140	-0.015060956
637799141	-0.087066339
637799142	-0.088726015
637799143	0.132049777
637799144	0.113667595
637799146	-0.071094406
637799147	-0.110852711
637799148	0.038413779
637799149	0.2532168
637799150	0.396128288
637799151	0.147721112
637799152	0.221366322
637799153	-0.029086977
637799154	0.068571105
637799155	0.019553247
637799157	0.308843267
637799158	-0.225127117
637799159	-0.012445973
637799160	-0.087572094
637799161	0.189836616
637799162	0.153329904
637799163	0.061810095
637799164	0.060701211
637799165	0.217091876
637799166	0.200604542
637799167	0.328171259
637799168	-0.100455379
637799169	-0.18580594
637799170	0.288338592
637799171	0.66161641
637799172	0.219674541
637799173	0.286845248
637799174	0.32463204
637799175	0.395715574
637799176	0.225787232
637799177	0.179538135
637799178	0.121967479
637799179	-0.034601919
637799180	0.054658251
637799181	0.009119264
637799182	0.049790649
637799184	0.471251013
637799185	0.411735473
637799186	0.503714174
637799187	0.010904445
637799188	-0.213574135
637799189	-0.369790442
637799190	-0.226826647
637799191	-0.26700679
637799192	-0.463357096
637799193	0.029532414
637799194	0.148724436
637799195	-0.639984274
637799196	0.109847398
637799197	0.747909244
637799198	-0.252594924
637799199	-0.173383237
637799200	0.328357948
637799201	0.00439176
637799202	-0.280239755
637799203	-0.162077694
637799204	-0.455463544
637799205	0.148044837
637799206	-0.683385591
637799207	-0.027118808
637799208	-0.050641861
637799209	-0.212405378
637799210	0.112288193
637799211	0.124308221
637799212	0.059476928
637799213	0.841187077
637799214	0.089087586
637799215	-0.01832451
637799216	-0.611751373
637799217	-0.576355838
637799218	-0.028533291
637799220	-0.012621928
637799221	0.081182924
637799222	0.044220994
637799223	0.037370445
637799224	-0.123952039
637799225	-0.125162292
637799226	0.108767264
637799227	0.094059277
637799228	-0.062721507
637799229	0.163944846
637799230	0.170285323
637799231	0.159767098
637799232	0.161477072
637799233	-0.273310843
637799234	-0.39336342
637799235	-0.214966106
637799236	-0.093142961
637799237	0.173356834
637799238	-0.003004542
637799239	0.06963218
637799240	-0.071265793
637799241	-0.03137046
637799242	0.027604396
637799243	0.143663934
637799244	-0.023084271
637799245	-0.088041921
637799246	-0.308786739
637799247	-0.000783377
637799248	-0.015947315
637799249	-0.154610945
637799250	-0.52000224
637799251	-0.074006474
637799252	-0.063637873
637799253	-0.035738389
637799254	0.098286566
637799255	-0.204592429
637799256	-0.239888765
637799257	-0.135453133
637799258	-0.021935878
637799259	-0.587844806
637799260	-0.29958005
637799261	-0.056967124
637799262	0.414891043
637799263	0.246914969
637799264	-0.250885047
637799265	0.004968515
637799266	-1.149064237
637799267	0.007059964
637799268	-0.060635801
637799270	-0.174720602
637799271	-0.146950747
637799272	-0.342650647
637799273	-0.289328388
637799274	-0.2721873
637799275	-0.050096999
637799276	-0.089792811
637799277	-0.230455726
637799278	-0.053254753
637799279	-0.067951236
637799280	-0.347270921
637799281	-0.247688666
637799282	-0.300925058
637799283	-0.255449519
637799284	-0.15017298
637799285	-0.223951058
637799286	0.311539418
637799287	0.058593114
637799288	0.080805518
637799289	0.336579507
637799290	0.073895297
637799291	-0.213004132
637799292	-0.089130676
637799293	-0.106430771
637799294	-0.145275104
637799295	-0.321971447
637799296	-0.210006968
637799297	-0.095926903
637799298	-0.082709701
637799299	0.014393197
637799300	-0.09901397
637799301	-1.033328918
637799302	-0.613300123
637799303	-0.781912452
637799304	0.193225666
637799305	0.10887541
637799307	-0.075578926
637799308	-0.292682571
637799309	-0.06302162
637799310	0.351039718
637799311	0.084881221
637799312	-0.00356995
637799313	-0.095699939
637799314	-0.196417574
637799315	0.119949171
637799316	-0.121809164
637799317	0.440926408
637799318	-0.20675761
637799319	0.11083874
637799320	-0.079869129
637799321	0.139131927
637799322	-0.209264509
637799323	-0.069450493
637799324	-0.091462119
637799325	0.050876567
637799326	-0.079591114
637799327	-0.239534233
637799328	0.102333477
637799329	-0.08644646
637799330	0.0118042
637799331	0.007382343
637799332	-0.098100327
637799333	0.044143304
637799334	0.159345246
637799335	0.197727564
637799336	-0.27533574
637799337	0.306680494
637799338	0.123864144
637799339	-0.157791689
637799340	-0.021196977
637799341	-0.147429809
637799343	0.020805245
637799344	-0.015989574
637799345	-0.239636444
637799346	-0.068612355
637799347	0.074029598
637799348	-0.064156858
637799349	-0.002983722
637799350	-0.061084701
637799351	-0.068821308
637799352	-0.094593662
637799353	0.044502797
637799354	0.018755871
637799355	0.272392806
637799356	0.130247934
637799357	-0.025865737
637799358	-0.196414447
637799359	-0.242564896
637799360	0.38363021
637799361	0.087399377
637799362	-0.183272333
637799363	0.116284052
637799364	-0.139059601
637799366	0.026718536
637799367	-0.060711508
637799368	0.325409
637799369	0.242773312
637799370	-0.17054057
637799371	0.310299453
637799372	0.283127795
637799373	-0.021282199
637799374	-0.096462702
637799375	-0.374323215
637799376	0.112061035
637799377	0.085932367
637799378	-0.164849298
637799379	0.147331368
637799380	0.029145677
637799381	0.002971646
637799382	-0.1989923
637799383	-0.363955456
637799384	0.114834136
637799385	0.113396027
637799386	-0.157839781
637799387	-0.039106987
637799388	0.016954002
637799389	-0.112987054
637799390	0.142939194
637799391	0.095447232
637799392	0.087373736
637799393	-0.42098792
637799394	-0.078041342
637799395	-0.036878076
637799396	-0.212568375
637799397	-0.831721608
637799398	0.131200996
637799399	-0.003313793
637799400	0.059611425
637799401	-0.05704331
637799402	0.175126307
637799403	-0.149551667
637799404	-0.063107823
637799405	-0.004990089
637799406	-0.248091755
637799407	-0.394890569
637799408	0.040139525
637799409	-0.086153615
637799410	-0.015311746
637799411	0.01289586
637799412	0.047146389
637799413	-0.055484538
637799414	-0.00406541
637799415	0.077651373
637799416	-0.552241462
637799417	0.053663648
637799418	0.041716321
637799419	-0.084501755
637799420	-0.238114618
637799422	0.003419706
637799423	-0.080231371
637799424	-0.114752291
637799425	0.130768658
637799426	-0.118874703
637799427	-0.024630927
637799428	-0.22001895
637799429	-0.14526312
637799430	-0.03299923
637799431	-0.164794158
637799432	-0.108724028
637799433	0.003426024
637799434	-0.314214157
637799435	-0.206599637
637799436	-0.318454515
637799437	0.16509883
637799438	-0.133251138
637799439	0.182990949
637799440	0.078879345
637799441	0.007627441
637799442	0.021001413
637799443	-0.103141588
637799444	0.021113831
637799445	0.25547907
637799448	-0.027940188
637799449	-0.471651195
637799450	0.253641991
637799451	-0.692011831
637799452	-0.266636857
637799453	0.207630374
637799454	-0.188186852
637799455	0.086705869
637799456	0.062946505
637799457	-0.189985069
637799458	-0.598230784
637799459	-0.132538812
637799460	0.083483299
637799461	-0.289785356
637799462	-0.332879557
637799463	0.11325873
637799464	0.466471878
637799465	-0.036325455
637799466	-0.002885056
637799467	0.019628716
637799468	0.088723197
637799469	0
637799470	0
637799471	0.036362178
637799472	0.169140803
637799473	-0.26950815
637799474	0.113986295
637799475	-0.406863415
637799476	0.029464915
637799477	0.184659324
637799478	-0.072527443
637799479	-0.068912701
637799480	-0.091132832
637799481	-0.178894891
637799482	0.148681887
637799483	0.050716282
637799484	-0.235859861
637799485	-0.040068792
637799486	0.194530525
637799489	0.052969898
637799490	-0.129886529
637799491	0.033855087
637799492	-0.530705606
637799493	-0.104365212
637799494	0.078316812
637799495	0.137795604
637799497	-0.190774767
637799498	-0.220356584
637799499	0.144153123
637799500	-0.157939183
637799501	0.008417613
637799502	0.127881121
637799503	-0.191105632
637799504	-0.044847525
637799505	-0.151612808
637799506	-0.454020054
637799508	0.131215486
637799509	-0.027777538
637799510	0.180988342
637799511	0.167645123
637799512	-0.74079868
637799513	-0.281845285
637799514	-0.600456451
637799515	0.099574709
637799516	0.016745166
637799517	0.064257714
637799518	-0.055997505
637799519	0.037642579
637799520	0.021866225
637799521	0.260333978
637799522	-0.073945204
637799523	0.178682165
637799524	0.069076865
637799525	0.140502401
637799526	-0.198764386
637799527	-0.044266593
637799528	-0.008872775
637799529	0.004332667
637799530	-0.207063589
637799531	-0.088110835
637799532	-0.288669269
637799533	0.078540375
637799534	0.37503155
637799535	0.118227532
637799536	0.158125584
637799537	0.251165149
637799538	0.206468325
637799539	0.044813781
637799540	0.120405668
637799541	0.250706656
637799542	-0.179210948
637799543	-0.183967438
637799544	0.141830529
637799545	-0.004656147
637799546	0.006950634
637799547	0.189286295
637799548	-0.628819494
637799549	-0.701565301
637799550	-0.08541182
637799551	0.188633693
637799552	-0.237396305
637799553	-0.152668802
637799554	0.100328197
637799555	0.042363644
637799556	-0.073231561
637799557	-0.212096209
637799558	0.172593376
637799559	0.303680446
637799560	0.642187409
637799561	-0.110473318
637799562	-0.172053088
637799563	-0.159659601
637799564	-0.0008451
637799565	-0.111458133
637799566	-0.206088423
637799567	0.215373418
637799568	-0.548783542
637799569	-0.08424313
637799570	-0.193156826
637799571	-0.443219688
637799572	-0.427552405
637799573	0.180833253
637799574	-0.041583553
637799575	-0.061339277
637799576	0.189951752
637799577	0.155641356
637799578	0.010241382
637799579	0.054343111
637799580	0.135011181
637799581	0.065849746
637799582	0.432991613
637799583	0.397762863
637799584	0.375272906
637799585	0.022431228
637799586	0.203808892
637799587	0.019043741
637799588	0.055474963
637799589	0.250579275
637799590	0.546977123
637799591	0.061241436
637799592	-0.085949428
637799594	-0.183720938
637799595	-0.014934469
637799596	-0.076548216
637799597	-0.046489947
637799598	0.098489985
637799599	-0.006720278
637799600	0.045617963
637799601	0.056527622
637799602	-0.448662855
637799603	-0.055918593
637799604	0.022852225
637799605	-0.472572545
637799606	-0.528195964
637799607	-0.566586179
637799608	-0.684385229
637799609	-0.266800726
637799610	0.042191204
637799611	-0.058350508
637799612	-0.141088532
637799613	0.085371129
637799614	-0.180895458
637799615	-0.504883383
637799616	-0.056901162
637799617	-0.035635527
637799618	-0.107041082
637799619	-0.162952088
637799620	0.283274497
637799621	-0.130638563
637799622	0.413594814
637799623	-0.120269238
637799624	-0.04753276
637799625	-0.231063664
637799626	-0.140548845
637799627	-0.060542366
637799628	-0.149665473
637799629	-0.101887126
637799630	-0.290034696
637799631	-0.005997805
637799632	-0.081506033
637799634	-0.017136753
637799635	-0.036009269
637799636	-0.221119721
637799637	0.09417492
637799638	0.187459439
637799639	0.280448391
637799640	0.058537601
637799641	-0.103642468
637799643	-0.185819972
637799644	-0.175055471
637799645	0.234012135
637799646	0.28413587
637799647	0.363228958
637799648	-0.10839812
637799649	-0.163663399
637799650	-0.847984574
637799651	0.177279985
637799652	-0.221994747
637799653	0.105470581
637799654	-0.274406228
637799655	-0.019892531
637799656	0.352861168
637799657	-0.023435017
637799658	-0.146078377
637799659	-0.056893198
637799660	-0.606816578
637799661	-0.414421335
637799662	0.152457034
637799663	0.301389433
637799664	0.117789961
637799665	-0.567512326
637799666	-0.255982283
637799667	-0.57385687
637799668	0.027604188
637799669	-0.895219432
637799670	-0.108954602
637799671	-0.146298433
637799672	0.138069746
637799673	-0.280133909
637799674	-0.224491986
637799675	-0.358927203
637799676	-0.187679805
637799677	-0.369218689
637799678	-0.073916618
637799679	0.254622347
637799680	0.081786907
637799681	0.150231716
637799682	-0.138290856
637799683	-0.382292465
637799684	-0.085183176
637799685	-0.209846785
637799687	-0.182711807
637799688	-0.040180839
637799689	-0.149440731
637799690	0.208487641
637799691	-0.24587188
637799692	-0.039198985
637799693	0.016596235
637799694	0.036864005
637799695	0.005170256
637799696	0.045315846
637799697	-0.177632036
637799698	0.035927016
637799699	-0.113457415
637799700	-0.548671634
637799701	-0.120849161
637799702	0.128708861
637799703	-0.007662032
637799704	0.060789328
637799705	0.338340315
637799706	-0.170176828
637799707	0.061055437
637799708	-0.604258933
637799709	-0.111278625
637799710	0.029104226
637799711	-0.073732142
637799712	0.09432534
637799713	-0.262515962
637799714	-0.051149314
637799715	0.036921452
637799716	-0.000179917
637799717	0.194127812
637799718	-0.073464321
637799719	-0.130118178
637799720	0.533032561
637799721	0.05389665
637799722	0.126616743
637799723	-0.143918346
637799724	0.114079036
637799725	0.132974078
637799726	-0.031048375
637799727	-0.049726646
637799728	0.081561054
637799729	0.40745539
637799730	0.047576852
637799731	0.138596959
637799732	0.021268369
637799733	-0.427447567
637799734	-0.560082738
637799735	-0.068943484
637799737	0.036552045
637799738	-0.166354731
637799739	-0.133536541
637799740	0.045941264
637799741	-0.072513388
637799742	-0.053976259
637799743	-0.114918992
637799744	-0.130851529
637799745	-0.162047505
637799746	0.000959632
637799747	0.146891049
637799748	-0.069179637
637799749	0.051916103
637799750	0.130011114
637799751	-0.066716799
637799752	-0.000764557
637799753	-0.339360995
637799754	-0.028042338
637799755	-0.222830339
637799756	-0.18386401
637799757	0.046586612
637799758	-0.273293868
637799759	0.013572344
637799760	-0.322228277
637799761	-0.345406641
637799762	-0.163322404
637799763	-0.029081654
637799764	-0.026579804
637799765	0.107299265
637799766	-0.012337528
637799767	0.372101878
637799768	0.131470275
637799769	0.069550364
637799770	-0.153804516
637799771	-0.219415911
637799772	-0.117463376
637799773	0.024310569
637799774	-0.760644854
637799775	-0.465763311
637799776	-0.582181483
637799777	-0.446123001
637799778	0.041356231
637799779	-0.17037475
637799780	-0.047077722
637799781	0.019941109
637799782	-0.328210274
637799783	0.065702225
637799784	0.038767435
637799785	0.206832391
637799786	-0.021015599
637799787	0.084770914
637799788	0.182834534
637799789	0.091346682
637799790	-0.197692956
637799791	0.058753497
637799793	-0.286594457
637799794	-0.191450432
637799795	0.104916441
637799796	-0.051197698
637799797	0.286873735
637799798	-0.149345068
637799799	-0.012951096
637799800	0.32710869
637799801	-0.191409898
637799802	-0.12287349
637799803	0.652579621
637799804	-0.147893036
637799805	-0.306436394
637799806	0.107747494
637799807	0.155403105
637799808	0.340939846
637799809	-0.155212276
637799810	-0.102768427
637799811	-0.286447271
637799812	-0.179990052
637799813	-0.079266379
637799814	0.255995367
637799815	-0.514355891
637799816	0.154213635
637799817	-0.122393212
637799818	-0.074129638
637799819	0.089644237
637799820	-0.008335599
637799821	0.389710327
637799822	-0.30285546
637799823	0.23593819
637799824	-0.058994427
637799825	0.139200595
637799826	0.05913443
637799827	-0.057152129
637799828	0.025784868
637799829	0.757495838
637799830	-0.010537891
637799831	-0.164565324
637799832	-0.265857676
637799833	0.174038496
637799834	0.38038424
637799835	-0.092996251
637799836	-0.101536975
637799837	-0.070102291
637799838	-0.442973991
637799839	-0.759169878
637799840	0.005258174
637799841	-0.711039607
637799842	-0.181380384
637799843	0.090750377
637799844	-0.130541365
637799845	0.113214076
637799846	-0.146444862
637799847	-0.582449941
637799848	-0.391880725
637799849	0.054537049
637799850	-0.151263995
637799851	0.010425135
637799852	0.11445659
637799853	-1.067926902
637799854	-0.958302379
637799855	-0.279992827
637799856	-0.165901091
637799857	-0.302744937
637799858	-0.883842546
637799859	-1.296970863
637799860	-0.183285957
637799861	-0.378607259
637799862	-0.515648607
637799863	-0.19639739
637799864	-0.397855187
637799865	-0.089695253
637799866	-0.200965283
637799867	0.026424494
637799868	-0.060643967
637799869	-0.071642056
637799870	0.027755926
637799871	-0.499939346
637799872	0.062053426
637799873	-0.044831845
637799874	-0.032550738
637799875	-0.698190074
637799876	0.216178997
637799877	0.391449536
637799878	0.138145933
637799879	-0.249268381
637799880	-0.257437345
637799881	-0.15509631
637799882	-0.003514243
637799883	-0.24688822
637799884	-0.112008354
637799885	0.163300694
637799886	0.071669259
637799887	-0.256744523
637799888	-0.245070233
637799889	-0.120690766
637799890	0.149736813
637799891	-0.0215067
637799892	0.146610718
637799893	-1.2334151
637799894	-1.319093321
637799895	-0.757682941
637799896	0.074988538
637799897	0.277455449
637799898	-0.048927309
637799899	-0.023444802
637799900	0.07577253
637799901	0.012985087
637799902	0.238804863
637799903	0.280215962
637799904	0.190501324
637799905	0.179409864
637799906	0.127021843
637799907	0.261749926
637799908	0.058878485
637799909	-0.0401008
637799910	-0.244056537
637799911	-0.31283915
637799912	-0.206561758
637799913	-0.1873706
637799914	-0.269047322
637799915	-0.067601826
637799916	-0.160373603
637799917	-0.584371898
637799918	-0.68778215
637799919	-0.391790036
637799921	0.003888464
637799922	0.018757909
637799923	0.072765708
637799924	0.123597163
637799925	-0.094721652
637799926	0.086445799
637799927	0.028210305
637799928	-0.140616837
637799929	-0.257751909
637799930	-0.124377378
637799931	-0.176095859
637799932	0.029771076
637799933	-0.226918455
637799934	-0.200899242
637799935	-0.0510975
637799936	-0.007674282
637799937	0.285472324
637799938	0.245754452
637799939	0.170802524
637799940	-0.032360909
637799941	0.084987338
637799942	-0.16478564
637799943	0.191365229
637799944	-0.118860463
637799945	-0.233437822
637799946	-0.453005859
637799947	-0.242903637
637799948	-0.166889641
637799949	0.148856006
637799950	0.145687994
637799951	-0.054022128
637799952	-0.255801561
637799953	-0.15967002
637799954	-0.149985612
637799955	0.027473641
637799956	0.006618519
637799957	0.046383035
637799958	-0.234919206
637799959	0.084816589
637799960	0.093628105
637799961	0.013832584
637799962	0.062172477
637799963	0.077922621
637799964	-0.107660366
637799965	-0.029555003
637799966	0.255244957
637799967	-0.152621227
637799968	0.162688002
637799969	0.130368855
637799970	0.074844113
637799971	0.070900257
637799972	-1.248908845
637799973	-2.107434049
637799974	-1.978709766
637799975	-2.370385495
637799976	-0.0899113
637799977	0.233642378
637799978	0.164923668
637799979	0.239751665
637799980	0.1535882
637799981	-0.360088948
637799982	0.166932347
637799983	0.207204008
637799984	-0.03050679
637799985	-0.199072179
637799986	0.242503671
637799987	-0.724553919
637799988	-0.318927281
637799989	0.241230025
637799990	1.262234202
637799991	0.165947821
637799992	0.163265859
637799993	0.158260163
637799994	0.325294541
637799995	0.281688435
637799996	0.146228061
637799997	-0.30070517
637799998	-0.247234497
637799999	-0.245849768
637800000	0.482424684
637800001	0.585414976
637800002	1.194185272
637800003	1.238480778
637800004	0.257051537
637800005	0.468654364
637800006	0.513266704
637800007	0.555070458
637800008	0.271765613
637800009	0.183622143
637800010	-0.122649633
637800011	-0.108760218
637800012	0.16569067
637800013	-0.048929226
637800014	0.078609425
637800015	0.47780351
637800016	0.058424366
637800017	-0.184308134
637800018	-0.150114037
637800019	-0.182266152
637800020	0.408670428
637800021	0.045821229
637800022	-0.187615367
637800023	-0.109232877
637800024	-0.047220581
637800025	-0.069442612
637800026	-0.064170686
637800027	-0.387658823
637800028	-0.08725293
637800029	-0.272874802
637800030	-0.399832428
637800031	-0.277845698
637800032	-0.200985442
637800033	-0.033777727
637800034	-0.074592946
637800035	-0.005773764
637800037	-0.168390538
637800038	0.229498663
637800039	-0.143749169
637800040	-0.342173142
637800041	-1.137027329
637800042	-0.082571183
637800043	-0.673459534
637800044	0.136176639
637800045	0.221224078
637800046	0.299110129
637800047	-0.125576111
637800048	-0.356799587
637800049	-0.261761581
637800052	-0.301049435
637800053	-0.414285764
637800054	-0.143419055
637800055	-0.429726916
637800056	-0.112629514
637800057	-0.093159833
637800058	-0.008600459
637800059	0.409972923
637800060	0.014209394
637800061	0.02381289
637800062	-0.228834806
637800063	-0.030599251
637800064	-0.695542007
637800065	0.446584387
637800066	0.314832155
637800067	0.128554747
637800068	-0.103946485
637800070	0.106630855
637800071	0.403795301
637800072	0.752132971
637800073	0.254899074
637800074	0.29066479
637800075	-0.97188303
637800076	0.178853309
637800077	-0.092538435
637800078	0.127461351
637800079	0.129224458
637800080	-0.137645423
637800081	0.023916326
637800082	-0.08211905
637800083	0.211010263
637800084	-0.086734694
637800085	0.205460019
637800086	0.150216303
637800087	-0.106579133
637800088	0.029243139
637800089	-0.024803292
637800090	0.133980849
637800091	0.706847363
637800092	0.776755604
637800093	0.704335292
637800094	-0.127998144
637800095	0.032773363
637800096	-0.119549683
637800097	0.125875296
637800098	-1.706749592
637800099	-0.11671385
637800101	-0.243155082
637800102	-0.32774789
637800103	0.009155717
637800104	-0.111888652
637800105	-0.132012483
637800106	0.362907673
637800107	0.387749135
637800108	0.236736156
637800109	0.230587001
637800110	0.296736271
637800111	-0.08557314
637800112	-0.830524687
637800113	-0.071119447
637800114	-0.093772372
637800115	0.193236895
637800116	-0.327063063
637800117	-1.037384408
637800118	0.495591359
637800119	0.665320858
637800120	0.30711435
637800121	0.269323324
637800122	0.026866091
637800123	-0.183940616
637800124	0.115660766
637800125	0.114435714
637800126	0.081675953
637800127	0.174290793
637800128	0.033394604
637800129	-0.033347564
637800130	0.035837007
637800131	0.096082387
637800132	-0.212330478
637800133	-0.480614241
637800134	0.230400292
637800135	0.062582009
637800136	-0.039412231
637800137	-0.084023479
637800138	-0.239815788
637800139	0.003040416
637800140	0.058929023
637800141	-0.504037276
637800142	0.198935415
637800143	0.216581944
637800144	0.084314774
637800145	-0.133534133
637800146	0.054342103
637800147	0.017440846
637800148	-0.512684085
637800149	-0.04286762
637800150	-0.052765066
637800151	-0.509336165
637800152	-0.208302854
637800153	-0.131174508
637800154	0.299415232
637800156	0.054801845
637800157	-0.114054606
637800158	-0.214246945
637800159	-0.016115599
637800160	-0.349340991
637800161	0.119671127
637800162	0.079064454
637800163	0.12662255
637800164	0.151018104
637800165	0.033153982
637800166	0.306842513
637800167	0.287450554
637800168	0.151649241
637800169	0.170956842
637800170	0.065222465
637800171	0.132668447
637800172	-0.284275458
637800173	-0.33819162
637800174	-0.552261218
637800175	-0.193523261
637800176	-0.285526988
637800177	-0.03562998
637800178	-0.166986826
637800179	0.192933964
637800180	-0.078603282
637800181	-1.108734637
637800182	-0.317185396
637800183	-0.034552333
637800184	-0.053597577
637800185	-0.268573751
637800186	-0.110419178
637800187	0.18216585
637800188	0.026601864
637800189	0.100646718
637800190	0.1730985
637800191	-0.307111576
637800192	0.07023865
637800194	-0.009032983
637800195	-0.057614629
637800197	0.080247245
637800198	0.567462552
637800199	-0.057227752
637800200	-0.276097004
637800201	0.052515374
637800202	0.044848126
637800203	-0.068704057
637800204	-0.161645335
637800205	-0.198943975
637800206	0.230483523
637800207	0.309166865
637800208	0.24270748
637800209	0.138934608
637800210	0.069695395
637800211	-0.188425323
637800212	-0.213958468
637800213	-0.625114027
637800214	-0.260121814
637800215	-0.204349899
637800216	-0.098718526
637800217	0.103854844
637800218	0.156057026
637800219	-0.091343114
637800220	0.073418789
637800221	-0.412046745
637800222	0.20438402
637800223	-0.031583546
637800224	-0.117625378
637800225	0.513741204
637800226	-0.102138965
637800227	-0.087440583
637800228	-0.300831132
637800229	0.212324068
637800230	-0.002127381
637800231	0.120101958
637800232	-0.00223514
637800233	-0.309465447
637800234	-0.506462472
637800235	-0.070984292
637800236	-0.175550562
637800237	-0.056969053
637800238	-0.294734191
637800239	0.557769505
637800240	-0.055504594
637800241	-0.644767217
637800242	0.097835025
637800243	0.02695885
637800244	-0.374244893
637800245	0.44449339
637800246	-0.103325546
637800247	-0.218803525
637800248	0.131271876
637800249	0.094443904
637800250	0.199515153
637800251	0.153527889
637800252	0.049090682
637800253	0.210795238
637800254	-0.097071644
637800255	0.334137017
637800256	0.195263092
637800257	-0.00963637
637800258	0.162076655
637800259	0.277558645
637800260	0.03308802
637800261	-0.074193981
637800262	-0.657473814
637800263	-0.39539699
637800264	0.05192986
637800265	-0.18600258
637800266	0.030277496
637800267	-0.167918318
637800268	0.281324556
637800269	0.432099496
637800270	0.237698108
637800271	-0.000959855
637800272	0.051345877
637800273	-0.347837821
637800274	-0.147772932
637800275	-0.190681837
637800276	-0.171566358
637800277	-0.411204468
637800278	-0.161746149
637800279	0.157807851
637800280	-0.075410157
637800281	-0.131753658
637800282	-0.051218272
637800283	0.066902534
637800284	-0.183220417
637800285	-0.116999578
637800286	0.251030797
637800287	-0.217718135
637800288	-0.045471113
637800289	-0.10207939
637800290	0.761381071
637800291	-0.445080296
637800292	-0.175704323
637800293	-0.082680476
637800294	-0.14688427
637800295	-0.180765714
637800296	-0.101242376
637800297	0.108046555
637800298	0.152519688
637800299	-0.29096016
637800300	0.144021004
637800301	0.046484683
637800302	0.142828101
637800303	-0.541024092
637800304	-0.00970074
637800305	-0.159103906
637800306	0.027559206
637800307	-0.555205993
637800308	-0.165553034
637800309	-0.034241936
637800310	0.134058853
637800311	0.033255505
637800312	0.255777524
637800313	0.089834193
637800314	-0.040806311
637800315	-0.080811348
637800316	-0.119350559
637800317	0.215904653
637800318	0.016627254
637800319	0.051992695
637800320	-0.058853098
637800321	0.061355575
637800322	-0.047527666
637800323	-1.37329533
637800324	-0.098811061
637800325	-0.005077301
637800326	-0.406698352
637800327	0.001017347
637800328	0.008769308
637800329	0.036497673
637800330	-0.025854916
637800331	-0.605435269
637800332	-0.514236027
637800333	-0.318846025
637800334	0.205059072
637800335	-0.261753054
637800336	0.41680807
637800337	-0.212614249
637800338	0.032356735
637800339	-0.024637855
637800340	0.127202482
637800341	-0.241934109
637800342	0.013967044
637800343	0.235719149
637800344	0.17498252
637800345	-0.292099515
637800346	-0.192916187
637800347	-0.202492165
637800348	-0.365568281
637800349	-0.416863696
637800350	-0.122212251
637800351	-0.049549984
637800352	-0.086446503
637800353	-0.017609994
637800354	-0.054925398
637800355	-0.098789334
637800356	0.316062217
637800357	-0.337792206
637800358	-0.18129718
637800359	-0.133257779
637800360	-0.059561959
637800361	0.083021155
637800362	-0.350409083
637800363	-0.057999851
637800364	-0.067671984
637800365	-0.215449468
637800366	0.041571859
637800367	0.090132681
637800368	0.131944246
637800369	-0.160672305
637800370	-0.278492541
637800371	0.067956676
637800372	0.093369925
637800373	0.185621527
637800374	-0.331646765
637800375	-0.169475737
637800376	-0.123768124
637800377	0.054527284
637800378	-0.072102405
637800379	-0.494851897
637800380	-0.136994126
637800381	0.110978919
637800382	-0.019933788
637800383	0.104582763
637800384	-0.081878266
637800385	-0.069385948
637800386	-0.379020911
637800387	0.105194104
637800389	0.289658567
637800390	-0.094324303
637800391	-0.327446311
637800392	0.248154359
637800393	-0.004517201
637800394	-0.004729507
637800395	-0.026593111
637800396	-0.261300291
637800397	-0.312885793
637800398	-0.261777669
637800399	-0.470604011
637800400	0.071415596
637800401	0.582531845
637800402	0.085129374
637800403	0.513330336
637800404	0.167364311
637800405	0.132799504
637800406	-0.316035938
637800407	-0.15279044
637800408	-0.199793477
637800411	-0.178927416
637800412	0.046044149
637800413	-0.082255496
637800414	-0.150742598
637800415	0.052339328
637800416	0.137767953
637800417	-0.149118218
637800418	-0.252713264
637800419	0.011144777
637800420	0.161139622
637800421	0.420791663
637800422	0.097417747
637800423	0.273061107
637800424	-0.017333989
637800425	-0.110815471
637800426	0.190533771
637800427	-0.589731836
637800428	-0.368628465
637800429	-0.125825879
637800430	0.057459424
637800431	-0.502269495
637800432	0.864377934
637800433	-0.1341378
637800434	-0.058150345
637800435	-0.325868771
637800436	0.296826531
637800437	-0.151489536
637800438	-0.330138006
637800439	-0.181025957
637800440	-0.127661704
637800441	-0.858594853
637800442	-0.368212173
637800443	0.094759076
637800444	0.238733628
637800445	-0.140000157
637800446	-0.019662837
637800447	0.016645931
637800448	-0.423720445
637800449	-0.424900261
637800450	-0.392286482
637800451	-0.07886488
637800452	-0.01753863
637800453	-0.082612756
637800454	-0.139889966
637800455	-0.314750594
637800456	-0.045839722
637800457	0.410508594
637800458	0.042284774
637800459	-0.183716122
637800460	-0.341315301
637800461	-0.258389414
637800462	-0.258732808
637800463	0.108741148
637800464	-0.110586033
637800465	-0.167945512
637800466	0.042384698
637800467	-0.019934422
637800468	0.140448953
637800469	0.054410164
637800470	-0.07172086
637800471	-0.033537856
637800472	-0.05930084
637800473	-0.181066526
637800474	0.203498472
637800475	0.279002591
637800476	-0.125741019
637800477	-0.036727758
637800478	0.108557029
637800479	0.231498294
637800480	0.083370218
637800481	0.177711087
637800482	0.211553241
637800483	-0.356450702
637800484	0.10672331
637800485	-0.193129096
637800486	-0.03058011
637800487	-0.097075099
637800488	-1.124889325
637800489	-0.307542628
637800490	-0.070040254
637800491	-0.15892655
637800492	0.084121146
637800493	0.12339829
637800494	-0.077282234
637800495	-0.08538773
637800496	0.002996191
637800497	-0.199858539
637800498	0.074746632
637800499	-0.126986089
637800500	-0.074905628
637800501	0.153626173
637800502	-0.227588484
637800503	0.06262778
637800504	0.574660681
637800505	-0.151389879
637800506	-0.830887767
637800507	-0.166262226
637800508	-0.109167231
637800509	-0.258963863
637800510	-0.068773653
637800511	-0.062071737
637800512	-0.068995561
637800513	0.002712535
637800514	-0.111243091
637800515	0.233510748
637800516	0.091367158
637800517	-0.275508712
637800518	-0.075554061
637800519	-0.08250398
637800520	0.011281398
637800521	-0.02932569
637800522	-0.176058963
637800523	0.195133711
637800524	-0.112050576
637800525	0.177204851
637800526	-0.220113508
637800527	0.163238098
637800528	0.025129212
637800529	-0.237598414
637800530	-0.475627541
637800531	-0.777908218
637800532	-0.099339515
637800533	-0.195872102
637800534	-0.958885108
637800535	-0.693051464
637800536	-0.035569707
637800537	0.006145592
637800538	0.060826625
637800539	-0.057432255
637800540	-0.045022224
637800541	0.189794413
637800542	-0.048446057
637800543	-0.163524762
637800544	-0.141913089
637800545	-0.140206861
637800546	-0.103425263
637800547	-0.068038021
637800548	0.425841014
637800549	-0.210005738
637800550	-0.215882288
637800551	-0.426170901
637800552	-0.758270729
637800553	0.070568903
637800554	-0.10432742
637800555	0.254893547
637800556	-0.021549939
637800557	-0.005647866
637800558	0.015215711
637800559	0.062893535
637800560	0.140885747
637800561	0.072820506
637800562	-0.083889335
637800563	0.161814152
637800564	-0.195002156
637800565	-0.237224694
637800566	-0.652953672
637800567	-0.510447816
637800568	-0.1596765
637800569	-0.030020035
637800570	-0.203849441
637800571	-0.223392686
637800572	0.10008694
637800573	-0.266111297
637800574	-0.243072973
637800575	0.21533146
637800576	-0.129909204
637800577	0.12505417
637800578	0.163003322
637800579	0.012036844
637800580	-0.061372312
637800581	-0.053564332
637800582	-0.072436676
637800583	0.216817151
637800584	0.065750295
637800585	0.055865169
637800586	-0.036612887
637800587	-0.270697272
637800588	-0.102001111
637800589	-0.238527489
637800590	-0.074034036
637800591	-0.155695434
637800592	-0.002357111
637800593	-0.085200834
637800594	-0.092379714
637800595	0.20687728
637800596	0.669541826
637800597	0.586606644
637800598	0.128429964
637800599	-0.028355917
637800600	0.0131949
637800601	-0.268461604
637800602	-0.103878906
637800603	-0.227840052
637800604	-0.133397001
637800605	-0.159035912
637800606	0.025372707
637800607	0.189058499
637800608	-0.060991537
637800609	-0.060022205
637800610	0.10752142
637800611	0.038561888
637800612	-0.086330821
637800613	-0.264993879
637800614	-0.509333574
637800615	-0.180896052
637800616	-0.400614758
637800617	-1.309999204
637800618	-0.771619879
637800619	0.191494348
637800620	-0.712038525
637800621	0.120865229
637800622	0.103823719
637800623	-0.151237414
637800624	0.006920573
637800625	-1.589570075
637800626	-0.023107005
637800627	0.183462578
637800628	0.117408405
637800629	0.14972528
637800630	0.397489937
637800631	-0.343976288
637800632	0.076073306
637800633	-0.190395715
637800634	-0.134883544
637800635	-0.530042406
637800636	-0.105082468
637800637	0.039971004
637800638	0.048871494
637800639	-0.140207644
637800640	0.11709298
637800641	0.333122791
637800642	-0.195221554
637800643	-0.001913245
637800644	0.022648089
637800645	0.249888343
637800646	0.284443051
637800647	-0.019392552
637800648	0.057188967
637800650	-0.60330943
637800651	-0.846819982
637800652	-0.202069689
637800653	-0.257043173
637800654	-0.288053916
637800655	-0.403355194
637800657	-0.67903758
637800658	-0.412972092
637800659	-0.303815209
637800660	-0.221935903
637800661	-0.243897005
637800662	-0.199598623
637800663	-0.270194092
637800664	-0.236054216
637800665	-0.083245474
637800666	-0.328844384
637800667	-0.174258613
637800668	-0.113453594
637800669	-0.103887316
637800670	-0.227888594
637800671	-0.405844274
637800672	-0.216187066
637800673	-0.402936945
637800674	-0.314420186
637800675	-0.151381349
637800676	-0.14454266
637800677	-0.349436717
637800678	-0.095143252
637800679	-0.048481277
637800680	0.056331852
637800681	-0.136185969
637800682	-0.165951102
637800683	-0.079957996
637800684	-0.132642135
637800685	0.161178608
637800686	0.165446549
637800687	0.017868611
637800688	0.093405846
637800689	-0.06534849
637800690	0.177288636
637800691	-0.273656796
637800692	-0.378490367
637800693	-0.086266828
637800694	0.003656729
637800695	0.125994155
637800696	-0.248418508
637800697	0.061556039
637800698	-0.128935232
637800699	-0.238978136
637800700	-0.400083781
637800701	-0.460698336
637800702	-0.02594908
637800703	-0.079635713
637800704	-0.200659198
637800705	-0.272971319
637800706	-0.051412969
637800707	-0.133923926
637800708	-0.255130333
637800709	-0.107013461
637800710	0.087503593
637800711	0.010632656
637800712	-0.203833351
637800713	0.026417237
637800714	0.166326192
637800715	-0.496357806
637800716	-0.067943276
637800717	0.043535488
637800718	-0.100332528
637800719	0.035905378
637800720	-0.010312065
637800721	0.096140979
637800722	0.044444967
637800723	0.072499108
637800724	-0.159815718
637800725	0.140477213
637800726	-0.104979758
637800727	0.022170687
637800728	0.107938785
637800729	0.020352015
637800730	-0.044650882
637800731	-0.066142809
637800732	-0.80362765
637800733	0.040025145
637800734	-0.059291559
637800735	0.162146786
637800736	0.168332834
637800737	-0.373528551
637800738	0.146204008
637800740	0.044439852
637800741	-0.198020789
637800742	-0.05884513
637800743	0.082651682
637800744	0.030166545
637800745	0.478119313
637800746	0.073910688
637800747	-0.608849678
637800748	-0.570426146
637800749	-0.297453157
637800750	-0.155803234
637800751	-0.089010668
637800752	-0.13382297
637800753	0.043965833
637800754	0.374280256
637800755	0.551834986
637800756	0.234450408
637800757	-0.035599568
637800758	-0.019774746
637800759	-0.069328871
637800760	0.18326035
637800761	0.882733886
637800762	0.429428884
637800763	-0.253295701
637800764	-0.656649341
637800765	0.089421151
637800766	-0.01743756
637800767	0.172234884
637800768	-0.097353147
637800769	-0.503351525
637800770	-0.278196207
637800771	-0.277890169
637800772	0.163252777
637800773	-0.326910142
637800774	0.800841174
637800775	0.093162714
637800776	0.309440563
637800777	0.011831752
637800778	0.387737874
637800779	-0.404636149
637800780	-0.35718188
637800781	0.490876832
637800782	0.363022915
637800783	0.455827917
637800784	0.515692132
637800785	-0.746911421
637800786	-0.332629594
637800787	-0.320003448
637800788	0.181654583
637800789	-0.051278038
637800790	0.07136092
637800791	0.176647983
637800792	-0.301504667
637800793	-0.445261792
637800794	-0.043101359
637800795	-0.028083637
637800796	-0.163350026
637800797	0.096016725
637800798	-0.099435415
637800799	0.05421105
637800800	0.379381962
637800801	0.275393336
637800802	-0.488489773
637800803	0.187319889
637800804	0.136353246
637800805	0.101765623
637800806	-0.780440116
637800807	-0.656290247
637800808	-0.106567155
637800809	-0.112138579
637800810	-0.031273359
637800811	0.056043849
637800812	-0.206447167
637800813	-0.323833764
637800814	-0.916488103
637800815	0.416445368
637800816	-0.133729156
637800817	-0.05495104
637800818	0.135010265
637800819	-0.02618533
637800820	0.130753719
637800821	-0.075534665
637800822	-0.18793025
637800823	-0.152368063
637800824	-0.023975739
637800825	0.375933784
637800826	-0.144637473
637800827	0.101334771
637800828	-0.234139726
637800829	-0.117622728
637800830	-0.047398294
637800831	0.121876588
637800832	0.670628889
637800833	0.57000913
637800834	0.261385519
637800835	0.401649413
637800836	0.403239215
637800837	-0.103172426
637800838	-0.007514911
637800839	0.143913901
637800840	0.393611084
637800841	0.007190625
637800842	0.008152153
637800843	-0.158212541
637800844	-0.342156837
637800845	-0.846453442
637800846	0.096326852
637800847	-0.016058359
637800848	-0.134383631
637800849	-0.202091215
637800850	0.025847682
637800851	0.069061656
637800852	0.166912901
637800853	0.106934306
637800854	-0.01684326
637800855	-0.062230388
637800856	-0.168801979
637800857	-0.505879394
637800858	-0.173411784
637800859	0.132457564
637800860	0.344568981
637800861	0.050459198
637800862	0.078717622
637800863	-0.096428598
637800864	-0.0976689
637800865	-0.112570367
637800866	0.110085409
637800867	-0.019760945
637800868	0.021498757
637800869	-0.263993256
637800870	0.276959932
637800871	0.079480763
637800872	0.612341251
637800873	-0.066994098
637800874	-0.277642275
637800875	-0.116190543
637800876	-0.412462671
637800877	-0.129834872
637800878	0.154765152
637800879	0.432251272
637800880	-0.199820503
637800881	-0.01215121
637800882	-0.135578246
637800883	-0.069580882
637800884	0.033478303
637800885	-0.110902211
637800886	0.43221396
637800887	-0.628176963
637800888	0.283539669
637800889	-0.067626343
637800890	-0.407006393
637800891	-0.158552131
637800892	-0.170210223
637800893	0.381553378
637800894	-0.487038527
637800895	-0.168923441
637800896	-0.01974654
637800897	0.338556658
637800898	0.460708595
637800899	0.224411636
637800900	0.225787414
637800901	0.279436261
637800902	-0.331826784
637800903	-0.285757234
637800905	-0.241263694
637800906	-0.221301029
637800907	0.124673498
637800908	-0.172553681
637800909	0.041411653
637800910	0.270611293
637800911	-0.051245431
637800912	-0.405908766
637800913	-0.002541478
637800914	-0.256560339
637800915	0.134241971
637800916	0.123158197
637800917	-0.213903768
637800918	-0.17687132
637800919	-0.159976428
637800920	-0.237127793
637800921	0.104790321
637800922	-0.061421468
637800923	0.077320183
637800924	-0.220722444
637800925	-0.209197416
637800926	0.162297738
637800927	0.172900321
637800928	-0.214859818
637800929	-0.112729769
637800930	-0.346841233
637800931	-0.312752055
637800932	-0.545551173
637800933	0.125595546
637800934	-0.094765216
637800935	0.060997884
637800936	0.524971652
637800937	-0.296207697
637800938	-0.022759836
637800939	0.004012324
637800940	-0.470611741
637800941	0.036755567
637800942	-0.077436147
637800943	0.044804417
637800944	-0.02880849
637800945	-0.054907429
637800946	-0.42095958
637800947	0.529832928
637800948	0.666670014
637800949	0.284926512
637800950	-0.206605001
637800951	0.009553409
637800952	-0.148834713
637800953	0.173390543
637800954	-0.052406105
637800955	0.089166828
637800956	-0.041593758
637800957	0.020558113
637800958	-0.168108938
637800959	-0.317708489
637800960	0.287242215
637800961	0.022171943
637800962	-0.141129299
637800963	-0.375997894
637800964	0.019927454
637800965	-0.157891863
637800966	-0.024528728
637800967	-0.324167568
637800968	0.403650667
637800969	-0.192569598
637800970	-0.250180104
637800971	0.000399201
637800972	0.107715177
637800973	-0.390028254
637800974	-1.10482702
637800975	-0.276451169
637800976	0.054684728
637800978	-0.1146215
637800979	0.358517783
637800980	-0.322301945
637800981	-0.616651285
637800982	-0.089826626
637800983	0.129253551
637800984	0.069386186
637800985	0.226122831
637800986	-0.083357673
637800987	-0.084310169
637800988	-0.873996771
637800989	-0.157034452
637800990	0.035284219
637800991	-0.729770361
637800992	-0.043137277
637800993	-0.064796482
637800994	-0.211875975
637800995	-0.316872207
637800996	-0.261544575
637800997	-0.041663552
637800998	0.136989371
637800999	-0.361037871
637801000	-0.014768805
637801001	0.055946886
637801002	0.317394947
637801003	0.235212518
637801004	0.343005516
637801005	0.308220157
637801006	0.44097612
637801007	0.605314824
637801008	-0.157951988
637801009	0.11027913
637801010	-0.027866207
637801011	-0.500197193
637801012	0.084735666
637801013	0.063630607
637801014	-0.232224958
637801015	-0.244657074
637801016	-0.219559369
637801017	0.040662478
637801018	-0.322928727
637801019	-0.319148266
637801020	-0.610452435
637801021	-0.040491724
637801022	-0.027945012
637801023	0.101543603
637801024	0.020259979
637801025	-0.114871764
637801029	-0.048065654
637801030	0.029275635
637801031	0.068890867
637801032	0.031841084
637801033	-0.028950916
637801034	-0.157523292
637801035	-0.039600883
637801036	-0.317379249
637801037	0.097561311
637801038	-0.029473036
637801040	0.27626983
637801041	-0.104758989
637801042	-0.209242094
637801043	0.021359999
637801044	-0.194136694
637801045	-0.149297759
637801046	-0.250600684
637801047	0.182529621
637801048	0.300534268
637801049	0.233439345
637801050	-0.528991382
637801051	-0.126573166
637801052	0.103894616
637801053	-0.006221681
637801054	0.424350173
637801055	0.488419079
637801056	0.540542004
637801057	0.555297347
637801058	0.752940944
637801059	0.491327384
637801060	-0.179205144
637801061	-0.536854805
637801062	-0.63498411
637801063	-0.005422436
637801064	-0.270949474
637801065	0.054527108
637801066	-0.468127591
637801067	0.148903047
640711016	-0.312093811
640711017	0.125005968
640711018	0.155922477
640711019	0.044000317
640711020	-0.378820187
640711021	-0.216610954
640711022	0.029824625
640711023	-0.783617826
640711024	0
640711025	0
640711026	0
640711027	0
640711028	0
640711029	-0.401224713
640711030	0.32446782
640711031	-0.886887391
640711032	-0.817588639
640711033	-0.876013773
640711034	-0.494207814
640711035	-0.612032621
640711036	-0.216939832
640711037	-1.153942264
640711038	-0.468094644
640711039	0.212959451
640711040	-0.271368237
640711041	-0.289562143
640711042	-0.027625321
640711043	-0.14540554
640711044	-0.627281923
640711045	-0.762892942
640711046	-0.296509806
640711047	-0.521740487
640711048	-0.058728888
640711049	-0.558232099
640711050	-0.448179954
640711051	-0.411315661
640711052	-0.255841265
640711053	-0.346462206
640711054	-0.173057577
640711055	-0.220108045
640711056	0.058345033
640711057	-0.631012845
640711058	-0.60409323
640711059	0.059990298
640711060	-0.039658193
640711061	-1.141988903
640711062	-0.983013033
640711063	-0.588316339
640711064	-0.351337955
640711065	-0.504149696
640711066	-2.712871579
640711067	-0.032058565
640711068	-0.316377826
637798356	0.041852214
637798357	-0.07164046
637798358	-0.288892272
637798359	-0.133444825
637798360	-0.099015593
637798361	-0.114288476
637798362	-0.057454659
637798363	0.068714847
637798364	-0.027362403
637798365	0.224367838
637798366	0.016351886
637798367	0.064307533
637798368	0.091239225
637798369	0.05873126
637798370	0.040637276
637798371	-0.065025348
637798372	0.037526602
637798373	-0.000917464
637798374	0.001931424
637798375	-0.132387594
637798376	0.010685607
637798377	0.013790223
637798378	-0.050723156
637798379	0.017298341
637798380	0.108671409
637798381	0.185501564
637798382	0.189203067
637798383	0.39848052
637798384	0.220074182
637798385	0.284390428
637798386	0.040686844
637798387	0.063506612
637798388	0.059780342
637798389	0.017267259
637798390	-0.158525379
637798391	-0.039924891
637798392	0.219353785
637798393	0.044186616
637798394	-0.019668957
637798395	-0.023077794
637798396	0.059466447
637798397	-0.012368134
637798398	0.578901097
637798399	0.336132938
637798400	0.231378778
637798401	-0.220661736
637798402	-0.557042678
637798403	0.123326919
637798404	-0.042605647
637798405	0.139736653
pANS_predictedORF_1	-0.028458917
pANS_predictedORF_2	-0.034170685
pANS_predictedORF_3	-0.082859601
pANS_predictedORF_4	0.052582936
pANS_predictedORF_5	-0.059931156
pANS_predictedORF_6	0.007547616
pANS_predictedORF_7	-0.004897556
pANS_predictedORF_8	-0.057933885
