Reporter Identifier	VALUE
637798406	0.164576183
637798407	-0.107795897
637798408	0.242089749
637798409	0.017011881
637798410	-0.147747077
637798411	-0.199043863
637798412	-0.011017035
637798413	0.284251338
637798414	0.189678774
637798415	-0.046191019
637798416	-0.107146812
637798417	-0.343033511
637798418	0.09480816
637798419	-0.127310857
637798420	-0.076192119
637798421	-0.053985369
637798422	-0.216435955
637798423	0.125183999
637798424	-0.2376802
637798425	-0.239569127
637798426	-0.09383786
637798427	0.020800068
637798428	0.029430577
637798429	-0.228220937
637798430	0.078279342
637798431	0.101127763
637798432	0.044771299
637798433	0.549123929
637798434	-0.005915482
637798435	0.284971605
637798436	0.040093321
637798437	-0.296418058
637798438	-0.34252108
637798439	-0.194051012
637798440	-0.342454464
637798441	0.289739312
637798442	-0.141342948
637798443	-0.037685793
637798444	-0.793935361
637798445	0.075425317
637798446	-0.168097597
637798448	-0.170276516
637798449	-0.179214867
637798450	-0.226999561
637798451	-0.114775089
637798452	-0.159745076
637798453	0.043009112
637798454	-0.178876638
637798455	-0.143146067
637798456	-0.10207277
637798457	-0.038817982
637798458	-0.031630818
637798459	-0.006562569
637798460	-0.107772267
637798461	-0.39550733
637798462	-0.271820865
637798463	-0.156117134
637798464	-0.131297917
637798465	-0.072778961
637798466	-0.20319995
637798467	-0.041240746
637798468	-0.056769783
637798469	-0.110974689
637798470	-0.076892087
637798471	-0.193203082
637798472	-0.108278126
637798473	0.219404262
637798474	0.165574798
637798475	-0.320130617
637798476	-0.069655505
637798477	-0.056871366
637798478	-0.185283461
637798479	0.097497639
637798480	-0.187479654
637798481	-0.115602853
637798482	-0.048070234
637798483	0.080328633
637798484	-0.057694627
637798485	-0.032423007
637798486	-0.14569361
637798487	-0.173154823
637798488	0.212561376
637798489	0.07210566
637798490	0.139346297
637798491	-0.236976939
637798492	-0.426009827
637798493	0.073594071
637798494	-0.204110511
637798495	-6.45E-05
637798496	-0.099646113
637798497	-0.162716564
637798498	-0.201291115
637798499	-0.08435055
637798500	-0.227294534
637798501	-0.100748762
637798502	-0.202805066
637798503	-0.141543732
637798504	-0.014753023
637798505	0.234698503
637798506	-0.718282965
637798507	-0.29951682
637798508	-0.239174675
637798509	0.102458203
637798510	-0.027465047
637798511	-0.16055813
637798512	-0.235912153
637798513	0.047307832
637798514	-0.022016273
637798515	-0.051332287
637798516	-0.053474779
637798517	-0.130244311
637798518	-0.116719682
637798519	0.061366365
637798520	-0.067845284
637798521	-0.372614226
637798522	0.178473409
637798523	0.086555181
637798524	-0.086193468
637798525	-0.251932265
637798526	-0.036550629
637798527	-0.10999253
637798528	-0.145219833
637798529	-0.299552633
637798530	-0.106967688
637798531	0.077598006
637798532	0.150776525
637798533	-0.112872003
637798534	0.257211365
637798535	0.051357341
637798536	-0.253623077
637798537	0.031167925
637798538	0.472844348
637798539	-0.019788609
637798540	-0.06659292
637798541	0.079850277
637798542	0.130094864
637798543	0.267693273
637798544	0.161276806
637798545	-0.376746976
637798546	-0.258209556
637798547	0.152135624
637798548	0.071894109
637798549	-0.135728633
637798550	0.14820704
637798551	0.04421585
637798552	0.056472658
637798553	-0.030166404
637798554	-0.152070005
637798555	-0.162642906
637798556	-0.164787447
637798557	0.083941198
637798558	0.010733764
637798559	-0.206148914
637798560	0.044609256
637798561	-0.360643156
637798562	0.144386258
637798563	-0.176027865
637798564	-0.074154013
637798565	-0.185106049
637798566	-0.018753582
637798567	0.213189353
637798568	-0.010818978
637798569	0.027247905
637798570	-0.31825835
637798571	-0.167645173
637798572	-0.173554937
637798573	0.07194446
637798574	0.030588534
637798575	-0.140111102
637798576	-0.055142411
637798577	0.230916242
637798578	-0.030109716
637798579	-0.207308798
637798580	-0.095543668
637798581	-0.107951824
637798582	-0.256454236
637798583	-0.072176342
637798584	0.145846359
637798585	-0.078535525
637798586	-0.072263995
637798587	-0.268804802
637798588	0.070755218
637798589	-0.250073932
637798590	0.03307341
637798591	0.075825699
637798592	-0.095621753
637798593	-0.031122707
637798594	0.04207771
637798595	-0.048381501
637798596	0.014028637
637798597	-0.084150643
637798598	-0.254105326
637798599	-0.147199963
637798600	-0.032175197
637798601	0.101016167
637798602	-0.143574461
637798603	0.095359898
637798604	-0.301928688
637798605	-0.046178457
637798606	-0.128812994
637798607	-0.072547721
637798608	0.087254034
637798609	-0.033129564
637798610	0.213890112
637798611	-0.226153404
637798612	-0.215716784
637798613	-0.05109222
637798614	-0.106345628
637798615	0.288486392
637798616	0.173013966
637798617	0.22157311
637798618	0.020381753
637798619	-0.073637649
637798620	-0.107454019
637798621	-0.390786144
637798622	0.049392044
637798623	0.020210498
637798624	-0.259049616
637798625	-0.062842773
637798626	0.0357726
637798627	-0.013236171
637798628	0.102487602
637798629	0.060161492
637798630	-0.106956856
637798631	-0.160540509
637798632	0.261497503
637798633	0.001774036
637798634	0.020898235
637798635	-0.018112593
637798636	0.082113765
637798637	0.033930102
637798638	-0.162602276
637798639	-0.067986783
637798640	-0.112321711
637798641	-0.033420285
637798642	-0.236954388
637798643	0.064551784
637798644	-0.148963762
637798645	0.220742843
637798646	0.12137969
637798647	-0.185190954
637798648	0.14252241
637798649	-0.316860875
637798650	-0.418499112
637798651	-0.653546965
637798652	0.108003304
637798653	-0.156910918
637798654	-0.132164693
637798655	0.195373904
637798656	-0.117735171
637798657	0.015196133
637798658	-0.261930667
637798659	-0.132358305
637798660	0.039748768
637798661	-0.211694308
637798662	-0.269773535
637798663	-0.16261654
637798664	-0.165204618
637798665	-0.294162552
637798666	-0.156603774
637798667	-0.270555706
637798668	0.28992422
637798669	0.000290679
637798670	0.077392339
637798671	-0.010539407
637798672	-0.104898128
637798673	-0.080614826
637798674	-0.071675485
637798675	0.057404626
637798676	0.156738145
637798677	-0.126285355
637798678	-0.132385892
637798679	0.086349944
637798680	-0.126925924
637798681	-0.097053535
637798682	-0.005236818
637798683	-0.075408783
637798684	-0.12705335
637798685	-0.258668722
637798686	-0.051309806
637798687	0.270379922
637798688	-0.088820002
637798689	0.085713364
637798690	0.114646316
637798691	-0.092037312
637798692	0.130875858
637798693	0.120144795
637798694	0.316359197
637798695	-0.05161798
637798696	-0.106973354
637798697	-0.304303398
637798698	0.129692781
637798699	0.100266517
637798700	0.077702974
637798701	0.23488228
637798702	0.15138232
637798703	-0.269107681
637798704	-0.170212057
637798705	-0.01423846
637798706	0.126086042
637798707	-0.094583397
637798708	-0.573566818
637798709	-0.009755953
637798710	-0.572813885
637798711	-0.330561856
637798712	-0.370674739
637798713	-0.069768458
637798714	-0.070583309
637798715	0.220878043
637798716	-0.057160606
637798717	-0.018284604
637798718	-0.278588353
637798719	-0.000453196
637798720	-0.044167461
637798721	-0.069805022
637798722	-0.169940638
637798723	-0.116566714
637798724	-0.058312249
637798725	-0.062122383
637798726	-0.179874951
637798727	-0.057700786
637798728	0.142828542
637798729	0.312651558
637798730	0.009590307
637798731	-0.21886755
637798732	0.148029844
637798733	0.11613384
637798734	0.296022846
637798735	0.12190384
637798736	0.40186418
637798737	0.486871467
637798738	0.418982343
637798739	0.522712739
637798740	0.394202411
637798741	0.536360239
637798742	0.604877993
637798743	0.129145749
637798744	0.201893138
637798745	-0.121811211
637798746	-0.083041032
637798747	-0.178595893
637798748	-0.25298838
637798749	-0.433154275
637798750	-0.033461517
637798751	-0.115633391
637798752	-0.047929445
637798753	0.026990062
637798754	-0.013166974
637798755	-0.029529481
637798756	0.31768262
637798757	-0.017843815
637798758	-0.251890635
637798759	-0.023393432
637798760	-0.126722332
637798761	-0.026183947
637798762	-0.154348432
637798763	0.273988904
637798764	-0.012572344
637798765	0.248906118
637798766	-0.110941352
637798767	-0.349650619
637798768	0.1679245
637798769	0.081212016
637798770	0.316857844
637798771	-0.325341146
637798772	-0.069339093
637798773	-0.065594411
637798774	-0.032466782
637798775	-0.121689885
637798776	-0.132189341
637798777	-0.213502904
637798778	0.080869927
637798779	-0.046768627
637798780	-0.28228313
637798781	-0.094828894
637798782	-0.054327628
637798783	0.067772309
637798784	-0.226681891
637798785	-0.013605057
637798786	0.079430618
637798787	0.042945291
637798788	-0.022542763
637798789	-0.306414901
637798790	-0.257531842
637798791	0.031338276
637798792	0.206452842
637798793	-0.003438089
637798794	0.146561821
637798795	0.056350193
637798796	-0.240222241
637798797	-0.223866648
637798798	0.006611136
637798799	-0.049968126
637798800	-0.104044004
637798801	0.027790966
637798802	-0.099032471
637798803	-0.018029707
637798804	-0.015220428
637798805	0.234997245
637798806	-0.315466732
637798807	-0.017997987
637798808	0.014028296
637798809	-0.262925423
637798810	-0.171010616
637798811	0.022742281
637798812	-0.004113877
637798813	-0.094056566
637798814	0.076646924
637798815	0.086253738
637798816	-0.060080195
637798817	0.116867866
637798818	0.091130782
637798819	0.032292512
637798820	0.15850941
637798821	-0.002948127
637798822	-0.271212195
637798823	-0.202005005
637798824	-0.12324526
637798825	0.168055393
637798826	-0.126662452
637798827	0.049873013
637798828	-0.504825044
637798829	-0.661895062
637798830	-0.32673052
637798831	-0.441469455
637798832	0.38328367
637798833	-0.01997464
637798834	-0.244225917
637798835	0.112095031
637798836	-0.040757977
637798837	0.054214115
637798838	-0.102956279
637798839	-0.454069519
637798840	-0.109571668
637798841	0.100531692
637798842	-0.175512401
637798843	-0.131189698
637798844	-0.122153261
637798845	0.212943105
637798846	-0.006290168
637798847	-0.173187356
637798848	-0.160911251
637798849	-0.185416956
637798850	0.137614778
637798851	0.121548167
637798852	-0.154792057
637798853	-0.242872903
637798854	-0.034189957
637798855	0.051923788
637798856	-0.095953618
637798857	-0.155723147
637798858	-0.167057127
637798860	-0.016696405
637798861	-0.083978976
637798862	0.165425207
637798863	-0.097978597
637798864	0.077895854
637798865	-0.143336632
637798866	0.026037136
637798867	-0.146013288
637798868	0.049014757
637798869	-0.068388681
637798870	-0.047392671
637798871	-0.057255851
637798872	0.398234467
637798873	0.216393605
637798874	0.270908509
637798875	-0.134772244
637798876	0.006163097
637798877	-0.328368735
637798878	0.11240257
637798879	-0.13124835
637798880	0.167826728
637798881	-0.214162918
637798882	0.041537871
637798883	-0.110223449
637798884	-0.415430542
637798885	0.040909871
637798886	-0.030339355
637798887	-0.181260258
637798888	-0.004989797
637798889	0.128523865
637798890	-0.15394784
637798891	0.292646843
637798892	0.162868187
637798893	0.239869415
637798894	-0.034510567
637798895	-0.02665991
637798896	-0.030895324
637798897	-0.258756778
637798898	-0.219787719
637798899	-0.205336557
637798900	-0.092805466
637798901	0.104809721
637798902	-0.206501065
637798903	-0.079753006
637798904	0.209829489
637798905	-0.210614179
637798906	-0.411839629
637798907	-0.055063274
637798908	-0.124620692
637798909	0.038494424
637798910	0.023110062
637798911	-0.127003532
637798912	0.136583991
637798913	0.201709622
637798914	-0.105492193
637798915	0.152802634
637798916	0.015450617
637798917	-0.173644171
637798918	0.183316479
637798919	-0.152570396
637798920	0.035110792
637798921	0.040449968
637798922	0.092569105
637798923	-0.087511019
637798924	-0.130140047
637798926	0.25192747
637798927	-0.288519333
637798928	0.356954073
637798929	0.165289066
637798930	-0.28033518
637798931	-0.032718005
637798932	0.227783785
637798933	0.192817391
637798934	0.027057685
637798935	-0.422847493
637798936	-0.011460975
637798937	-0.037129319
637798938	-0.14469067
637798939	0.291881892
637798940	-0.068498857
637798941	-0.003494091
637798942	0.082961385
637798943	0.070452789
637798944	-0.011940715
637798945	0.103433155
637798946	0.195294223
637798947	0.000175814
637798948	0.100373351
637798949	0.021899893
637798950	-0.049744317
637798951	-0.228551259
637798952	0.375191275
637798953	-0.028300048
637798954	-0.206660004
637798955	-0.210327221
637798956	-0.224556
637798957	0.164100824
637798958	0.018931808
637798959	-0.20238196
637798960	0.183244829
637798961	-0.092176992
637798962	-0.05942748
637798963	0.43173597
637798964	-0.46831944
637798965	-0.176687671
637798966	-0.106876113
637798967	0.109973531
637798968	0.158491857
637798969	-0.150653624
637798970	-0.018040706
637798971	-0.003853563
637798972	-0.181883694
637798973	-0.249814764
637798974	-0.184202569
637798975	-0.250601206
637798976	-0.163904501
637798977	-0.116923858
637798978	-0.206064057
637798979	-0.12709248
637798980	-0.093596125
637798981	-0.392508276
637798982	-0.185477072
637798983	-0.106603546
637798984	-0.026054346
637798985	-0.118070263
637798986	0.010153646
637798987	-0.010363105
637798988	-0.030530573
637798989	-0.266141755
637798990	-0.093257952
637798991	0.055178504
637798992	0.14011617
637798993	0.080336179
637798994	0.119660138
637798998	0.012760109
637798999	0.107874991
637799000	-0.199633434
637799001	0.090875729
637799002	0.052949069
637799003	-0.119675019
637799004	0.493869352
637799005	-0.109461582
637799006	-0.092085721
637799007	-0.175057816
637799008	0.346401924
637799009	0.013892796
637799010	-0.444674253
637799011	-0.0462585
637799012	-0.040209497
637799013	-0.109954995
637799014	0.277566494
637799015	0.283405605
637799016	-0.163244102
637799017	0.153314084
637799018	-0.090541543
637799019	0.036659315
637799020	0.160921076
637799021	0.208787464
637799022	-0.154128904
637799023	0.164163988
637799024	0.086773164
637799025	0.219421523
637799026	0.13192039
637799027	-0.165117234
637799028	0.019672896
637799029	0.012631621
637799030	0.085969449
637799031	-0.112705756
637799032	0.031971559
637799033	0.097343876
637799035	-0.012176815
637799036	0.087622587
637799037	0.056437348
637799038	0.148710462
637799039	0.053381955
637799040	-0.06923193
637799041	0.14031202
637799042	0.002459339
637799043	0.149685602
637799044	0.182285392
637799045	0.125374246
637799046	0.040469111
637799047	0.125949266
637799048	0.040627705
637799049	0.052911883
637799050	0.238111421
637799051	0.327626753
637799052	0.218103637
637799053	0.03003815
637799054	0.045679958
637799055	0.026321895
637799056	-0.188362259
637799057	0.114190538
637799058	-0.062682749
637799059	-0.435329958
637799060	-0.464140532
637799061	0.064969038
637799062	-0.145193189
637799063	0.016781
637799064	-0.208103115
637799065	0.066489883
637799066	-0.024998996
637799067	0.138277785
637799068	0.178160712
637799069	-0.24522922
637799070	-0.030151385
637799071	0.226638889
637799072	-0.007003695
637799073	-0.149425128
637799074	-0.225232243
637799075	-0.078789631
637799076	-0.091398056
637799077	0.059023005
637799078	-0.171203635
637799079	-0.435776789
637799080	-0.534077479
637799081	0.035951077
637799082	-0.191526782
637799083	-0.0072145
637799084	-0.168454527
637799085	-0.155761264
637799086	0.008566329
637799087	0.009455154
637799088	-0.251011103
637799089	-0.368639118
637799090	0.036305238
637799091	-0.542483034
637799092	-0.231598789
637799093	0.064809206
637799094	0.125190321
637799095	-0.178828389
637799096	-0.116528171
637799097	-0.224256196
637799098	-0.300242864
637799099	-0.141415625
637799100	-0.081873381
637799101	0.031411367
637799102	-0.155473712
637799103	-0.334042591
637799104	-0.344189077
637799105	-0.209105461
637799106	-0.337088256
637799107	-0.158103546
637799108	0.197380044
637799109	0.225462846
637799110	0.054619856
637799111	-0.339238537
637799112	0.135850268
637799113	0.024001083
637799114	-0.03837221
637799115	-0.372746465
637799116	-0.266770085
637799117	-0.053682836
637799118	-0.065365849
637799119	-0.161758403
637799121	0.015931643
637799122	0.293737187
637799123	-0.210427165
637799124	0.055800594
637799125	-0.17695939
637799126	0.069306771
637799127	0.31655143
637799128	0.050461815
637799129	0.027917731
637799130	-0.186317025
637799131	0.016584543
637799132	-0.073218255
637799133	-0.205670108
637799134	0.108147809
637799135	-0.193362959
637799136	-0.006628243
637799137	-0.086519793
637799138	-0.366577227
637799139	0.223118219
637799140	-0.360762642
637799141	-0.103359418
637799142	0.052575223
637799143	-0.148350621
637799144	-0.109625371
637799146	0.161111211
637799147	0.129699514
637799148	0.202769155
637799149	0.136181778
637799150	0.155714831
637799151	0.323035253
637799152	0.233339766
637799153	0.105942792
637799154	-0.010823747
637799155	0.058281506
637799157	-0.06648446
637799158	0.028183487
637799159	0.053586313
637799160	-0.060344032
637799161	-0.05582204
637799162	0.073119483
637799163	0.080437171
637799164	0.278573344
637799165	0.038186942
637799166	-0.105177981
637799167	-0.291650787
637799168	-0.048720519
637799169	-0.114355146
637799170	-0.112689375
637799171	-0.052999262
637799172	-0.183410622
637799173	-0.121735389
637799174	-0.280977821
637799175	-0.164490571
637799176	-0.387805268
637799177	-0.379456452
637799178	-0.117460705
637799179	-0.020480247
637799180	-0.043438822
637799181	0.10253278
637799182	-0.173936228
637799184	-0.506880078
637799185	-0.127430805
637799186	-0.455009379
637799187	-0.007754102
637799188	0.207753674
637799189	0.066876434
637799190	-0.186619155
637799191	-0.028868915
637799192	-0.113098434
637799193	0.053435881
637799194	-0.264845911
637799195	-0.183975039
637799196	-0.446623784
637799197	-0.129903766
637799198	-0.010513428
637799199	0.174771775
637799200	0.0217573
637799201	-0.038731094
637799202	-0.121707929
637799203	0.198140209
637799204	0.064640005
637799205	0.049671881
637799206	-0.104751992
637799207	-0.196036411
637799208	-0.034436893
637799209	-0.227360039
637799210	-0.159681048
637799211	0.106480437
637799212	0.011957086
637799213	-0.490525073
637799214	-0.066137498
637799215	0.10920865
637799216	0.08293475
637799217	0.186953341
637799218	-0.068018847
637799220	0.007486071
637799221	0.055753175
637799222	0.058898999
637799223	-0.165517295
637799224	-0.263170511
637799225	-0.11365989
637799226	0.029352695
637799227	-0.060413364
637799228	-0.077039214
637799229	0.014577562
637799230	0.229731907
637799231	-0.113503123
637799232	0.092788597
637799233	-0.014938282
637799234	0.029749886
637799235	-0.078669029
637799236	-0.010005586
637799237	-0.060435488
637799238	-0.06985852
637799239	0.067247066
637799240	0.062937307
637799241	-0.158348076
637799242	0.016909619
637799243	-0.023130174
637799244	-0.013238949
637799245	0.017201602
637799246	-0.079480138
637799247	0.027584654
637799248	-0.367404635
637799249	0.136393983
637799250	-1.963535441
637799251	-0.178380463
637799252	-0.208090707
637799253	-0.146932385
637799254	-0.258941568
637799255	-0.02787446
637799256	-0.191161135
637799257	0.013967598
637799258	0.022820472
637799259	0.025912053
637799260	-0.244899079
637799261	-0.264560302
637799262	-0.107455162
637799263	0.083063087
637799264	0.13477804
637799265	0.189105855
637799266	-0.000963463
637799267	-0.218261497
637799268	0.158522731
637799270	0.120048516
637799271	0.08274942
637799272	0.044048977
637799273	0.044756978
637799274	-0.048178468
637799275	-0.011693376
637799276	-0.188146573
637799277	0.093091826
637799278	-0.450172068
637799279	-0.116063387
637799280	0.168739903
637799281	0.050300777
637799282	-0.0187643
637799283	-0.005048741
637799284	-0.131068665
637799285	0.118080174
637799286	-0.151399044
637799287	-0.230812806
637799288	-0.030917058
637799289	-0.110029108
637799290	-0.090427042
637799291	0.037653595
637799292	-0.006508817
637799293	-0.110716245
637799294	0.109615051
637799295	0.284102454
637799296	0.269081452
637799297	-0.029526061
637799298	-0.02540703
637799299	-0.390949598
637799300	-0.033071109
637799301	0.238199099
637799302	0.119964395
637799303	-0.126847662
637799304	0.196035405
637799305	0.167961252
637799307	-0.049635328
637799308	-0.764464282
637799309	0.078812277
637799310	-0.311561967
637799311	-0.366538265
637799312	-0.120357794
637799313	0.192827154
637799314	0.032144365
637799315	-0.173158916
637799316	-0.097403334
637799317	-0.916534829
637799318	-0.050955326
637799319	-0.037483761
637799320	-0.037930898
637799321	-0.486046627
637799322	0.152244347
637799323	0.024796766
637799324	-0.027972999
637799325	0.264126685
637799326	-0.090779113
637799327	-0.203789991
637799328	0.027836048
637799329	-0.055851145
637799330	-0.253119442
637799331	-0.166369745
637799332	-0.445711989
637799333	-0.233112012
637799334	-0.155916246
637799335	0.090845766
637799336	-0.138083512
637799337	0.164846255
637799338	-0.041755786
637799339	-0.047834991
637799340	-0.079404585
637799341	-0.018318418
637799343	-0.156396357
637799344	0.148803459
637799345	0.041751035
637799346	0.332847163
637799347	0.275866634
637799348	0.216229701
637799349	0.116623621
637799350	-0.260926274
637799351	-0.034885633
637799352	-0.246051277
637799353	-0.026316207
637799354	0.139182039
637799355	-0.018629375
637799356	-0.084230231
637799357	0.064596874
637799358	-0.218353942
637799359	-0.005987011
637799360	-0.03431751
637799361	0.18340062
637799362	-0.237466571
637799363	-0.11379563
637799364	-0.085678813
637799366	-0.15139162
637799367	-0.133351329
637799368	-0.130264392
637799369	0.06058862
637799370	0.116854566
637799371	-0.174700285
637799372	0.103543894
637799373	-0.193641922
637799374	0.185237782
637799375	0.074697602
637799376	-0.143973468
637799377	-0.064580589
637799378	-0.148444399
637799379	-0.170802266
637799380	0.05617804
637799381	-0.131237357
637799382	-0.155689668
637799383	0.032801693
637799384	0.113396643
637799385	-0.05356143
637799386	0.118287837
637799387	0.333863803
637799388	-0.169373286
637799389	-0.001524302
637799390	-0.069225999
637799391	-0.090300237
637799392	-0.276828936
637799393	0.08401469
637799394	-0.249872181
637799395	-0.175020045
637799396	0.124794317
637799397	0.127013155
637799398	0.055133492
637799399	-0.128877003
637799400	-0.167559276
637799401	-0.043941056
637799402	0.189346331
637799403	-0.098939564
637799404	0.06167992
637799405	0.108764557
637799406	-0.151877952
637799407	-0.311705369
637799408	-0.425995435
637799409	-0.156944196
637799410	0.137582981
637799411	-0.064417445
637799412	0.316645332
637799413	0.153796301
637799414	0.029239436
637799415	-0.109121785
637799416	-0.264752028
637799417	-0.31996088
637799418	-0.078603079
637799419	-0.085549587
637799420	0.135564648
637799422	0.066884585
637799423	0.054747759
637799424	-0.35789252
637799425	0.059902763
637799426	-0.017780835
637799427	0.072050351
637799428	0.275133875
637799429	-0.147253385
637799430	0.073157981
637799431	-0.062546191
637799432	0.380616764
637799433	-0.138133339
637799434	-0.145484128
637799435	-0.087305645
637799436	-0.002954931
637799437	0.01949799
637799438	0.018942789
637799439	-0.189378967
637799440	-0.089218866
637799441	-0.052265565
637799442	0.097190457
637799443	0.235214659
637799444	-0.02690198
637799445	0.135708993
637799448	0.092647594
637799449	0.074624936
637799450	0.153280945
637799451	0.208724745
637799452	0.03170956
637799453	-0.160925582
637799454	-0.040775939
637799455	-0.145105437
637799456	-0.266825186
637799457	0.103866873
637799458	-0.226868526
637799459	0.027957639
637799460	-0.08583178
637799461	-0.075948809
637799462	-0.237627437
637799463	-0.094762664
637799464	0.062390972
637799465	-0.024557678
637799466	-0.136778896
637799467	0.145360928
637799468	-0.05182066
637799469	0
637799470	0
637799471	0.085768449
637799472	0.128280344
637799473	0.277420315
637799474	-0.147440939
637799475	-0.46471912
637799476	-0.114342224
637799477	0.03649649
637799478	-0.199042988
637799479	0.010879575
637799480	0.046554746
637799481	-0.208230925
637799482	-0.160543956
637799483	-0.17808896
637799484	-0.271865052
637799485	-0.03886355
637799486	-0.366651718
637799489	-0.219853306
637799490	-0.355638832
637799491	-0.117951737
637799492	0.253050505
637799493	0.226035453
637799494	-0.360457444
637799495	0.010914927
637799497	0.181535307
637799498	0.071060218
637799499	-0.096365235
637799500	-0.023012329
637799501	-0.272479712
637799502	-0.162388587
637799503	-0.067448726
637799504	-0.118636794
637799505	-0.026897977
637799506	0.195480826
637799508	-0.031140343
637799509	0.142939473
637799510	-0.175157473
637799511	-0.042298922
637799512	-0.054249623
637799513	0.269380854
637799514	0.249248153
637799515	0.009887443
637799516	0.098147747
637799517	0.123130269
637799518	-0.204104891
637799519	-0.007138406
637799520	-0.151531708
637799521	-0.164375673
637799522	-0.294053269
637799523	-0.145965867
637799524	-0.165448579
637799525	-0.082755283
637799526	0.121488224
637799527	-0.205032289
637799528	-0.076720571
637799529	-0.042148934
637799530	0.103606581
637799531	-0.036033254
637799532	0.10648978
637799533	0.159617724
637799534	-0.143649764
637799535	-0.070026036
637799536	-0.174837555
637799537	-0.258640174
637799538	-0.175551998
637799539	0.067375547
637799540	0.270273091
637799541	0.186734292
637799542	0.099560053
637799543	-0.190618728
637799544	0.013191798
637799545	0.084584745
637799546	-0.241935269
637799547	0.052917438
637799548	-0.152321964
637799549	-0.037925206
637799550	-0.077558972
637799551	-0.138043469
637799552	-0.090384577
637799553	-0.252308586
637799554	-0.019383498
637799555	0.052572943
637799556	0.002051254
637799557	0.034566877
637799558	-0.196975914
637799559	-0.124419915
637799560	-0.21122794
637799561	-0.214136664
637799562	0.053030229
637799563	0.023552815
637799564	0.021082523
637799565	-0.161658203
637799566	0.266399795
637799567	-0.010768316
637799568	0.14066058
637799569	-0.052724834
637799570	0.214450362
637799571	-0.169539545
637799572	-0.149394984
637799573	-0.287297662
637799574	-0.244635611
637799575	-0.016369051
637799576	-0.287064507
637799577	-0.141395056
637799578	-0.249225455
637799579	0.156137535
637799580	-0.161443789
637799581	-0.178356092
637799582	-0.424205719
637799583	-0.466240766
637799584	-0.348322565
637799585	0.019963828
637799586	-0.400303459
637799587	-0.279700544
637799588	0.168276656
637799589	-0.227980507
637799590	-0.55216672
637799591	-0.29079001
637799592	0.113494529
637799594	-0.082077595
637799595	0.014712377
637799596	-0.106141212
637799597	0.135891812
637799598	-0.145770564
637799599	-0.242602235
637799600	-0.236637595
637799601	-0.10144156
637799602	0.118409976
637799603	0.175968731
637799604	0.335893384
637799605	0.007834335
637799606	0.065222423
637799607	0.046417789
637799608	0.268626911
637799609	0.048097371
637799610	0.252240928
637799611	0.143505388
637799612	-0.106080189
637799613	0.032626494
637799614	0.032879428
637799615	0.281197571
637799616	-0.326304605
637799617	0.227043135
637799618	-0.155358807
637799619	0.062449246
637799620	-0.13550538
637799621	-0.012406249
637799622	-0.144956304
637799623	-0.049068805
637799624	-0.009290707
637799625	0.34216859
637799626	0.081240379
637799627	-0.174131918
637799628	0.354339142
637799629	0.323105543
637799630	0.231374983
637799631	-0.068425949
637799632	-0.152928057
637799634	0.134298773
637799635	0.099669018
637799636	-0.308357096
637799637	-0.1661452
637799638	0.005265873
637799639	-0.147041093
637799640	-0.191265269
637799641	-0.08222468
637799643	0.148270839
637799644	-0.117601324
637799645	-0.429545703
637799646	-0.522502416
637799647	-0.076092187
637799648	-0.161368994
637799649	-0.203778515
637799650	-0.257188502
637799651	0.115646658
637799652	-0.134949284
637799653	-0.08559015
637799654	-0.174147874
637799655	-0.23638037
637799656	-0.305794356
637799657	0.011465417
637799658	-0.123411733
637799659	0.29087208
637799660	0.113818264
637799661	0.475677753
637799662	0.172508915
637799663	-0.106440605
637799664	-0.23731058
637799665	0.039944617
637799666	0.113229821
637799667	0.031492891
637799668	0.053588207
637799669	-0.105649966
637799670	-0.322914895
637799671	-0.145393612
637799672	0.050710226
637799673	0.038394232
637799674	-0.054733013
637799675	0.080053116
637799676	0.144463769
637799677	-0.098641912
637799678	-0.041971693
637799679	0.159333286
637799680	-0.054425169
637799681	-0.105300506
637799682	-0.115717481
637799683	-0.133809559
637799684	-0.218691035
637799685	0.234557472
637799687	-0.129265145
637799688	-0.189589416
637799689	0.048101086
637799690	0.004515399
637799691	0.238642948
637799692	-0.004296314
637799693	-0.00183378
637799694	-0.003727691
637799695	-0.061444468
637799696	0.015062916
637799697	0.329865973
637799698	-0.168927605
637799699	0.137793961
637799700	-0.096283115
637799701	0.221184024
637799702	0.063715775
637799703	0.117016991
637799704	0.231360737
637799705	0.129411463
637799706	0.01985427
637799707	-0.038189827
637799708	-0.090174646
637799709	0.208317153
637799710	-0.03433313
637799711	-0.068696804
637799712	-0.289971415
637799713	-0.021988445
637799714	-0.01884894
637799715	-0.12808123
637799716	-0.303338476
637799717	-0.236675498
637799718	-0.216212916
637799719	0.02665265
637799720	-0.235645972
637799721	-0.15893841
637799722	-0.199700207
637799723	0.296927222
637799724	0.208716804
637799725	0.030266511
637799726	-0.249060758
637799727	0.065078401
637799728	-0.16685707
637799729	0.092094934
637799730	-0.30770106
637799731	-0.162027899
637799732	-0.051667871
637799733	0.175413274
637799734	0.048734475
637799735	0.038443937
637799737	0.018453009
637799738	0.162289091
637799739	-0.11766334
637799740	-0.092712801
637799741	0.172135634
637799742	0.137442202
637799743	0.009142229
637799744	0.178465527
637799745	-0.104746264
637799746	0.014031966
637799747	-0.247983773
637799748	-0.058686044
637799749	-0.302514531
637799750	-0.18070768
637799751	-0.000257376
637799752	-0.098643055
637799753	-0.249642544
637799754	-0.254223436
637799755	-0.07521968
637799756	-0.169498473
637799757	-0.086509388
637799758	-0.162449945
637799759	-0.026851649
637799760	0.107688661
637799761	0.201109719
637799762	-0.048448728
637799763	-0.062362068
637799764	0.084552461
637799765	-0.460154379
637799766	0.284251578
637799767	-0.237888932
637799768	-0.013136446
637799769	0.133884843
637799770	0.109626264
637799771	-0.345677981
637799772	-0.119393674
637799773	0.398828488
637799774	0.176171914
637799775	0.251081427
637799776	-0.094330102
637799777	0.019001299
637799778	-0.074222779
637799779	0.222493127
637799780	0.008233844
637799781	-0.049066096
637799782	0.029569634
637799783	0.105446706
637799784	-0.01200041
637799785	-0.300039985
637799786	-0.176949771
637799787	0.027152547
637799788	-0.039864466
637799789	0.051281149
637799790	0.139216281
637799791	-0.222887768
637799793	0.017435935
637799794	0.069903246
637799795	0.16087587
637799796	0.008916385
637799797	-0.148799596
637799798	-0.123444622
637799799	-0.200435816
637799800	-0.178896894
637799801	0.295878234
637799802	0.027262182
637799803	-0.30799274
637799804	-0.07397434
637799805	0.126996594
637799806	0.168415422
637799807	0.266221371
637799808	0.047259698
637799809	-0.221487227
637799810	-0.057001862
637799811	0.050562826
637799812	-0.050027762
637799813	-0.106255758
637799814	-0.041473179
637799815	-0.119585085
637799816	-0.05755884
637799817	0.03029014
637799818	0.06128064
637799819	0.046300688
637799820	-0.099663292
637799821	-0.293640743
637799822	-0.035066187
637799823	-0.034548529
637799824	0.147718527
637799825	-0.072988205
637799826	0.12051854
637799827	-0.108658004
637799828	-0.310752316
637799829	-0.452009613
637799830	-0.056462976
637799831	0.133489751
637799832	0.039832982
637799833	-0.057302516
637799834	-0.077861681
637799835	-0.059912147
637799836	0.164453642
637799837	0.02529103
637799838	0.314243749
637799839	0.213576381
637799840	-0.209558264
637799841	0.056069866
637799842	0.07207314
637799843	-0.176390793
637799844	-0.352593068
637799845	-0.083583041
637799846	-0.134608295
637799847	0.010543676
637799848	-0.287282909
637799849	-0.108305769
637799850	-0.062392898
637799851	-0.106793086
637799852	-0.138547992
637799853	0.114155805
637799854	0.702791739
637799855	0.652338649
637799856	0.633235336
637799857	-0.228654559
637799858	0.334254956
637799859	0.23914691
637799860	0.220542677
637799861	-0.140873398
637799862	0.066452455
637799863	-0.410967958
637799864	0.025433906
637799865	-0.262965147
637799866	-0.098130949
637799867	-0.20570272
637799868	-0.070893331
637799869	-0.01989929
637799870	-0.147237152
637799871	-0.254205777
637799872	0.096912745
637799873	-0.001421837
637799874	-0.253909287
637799875	0.015240056
637799876	-0.260998057
637799877	-0.166871017
637799878	-0.425058948
637799879	-0.001535726
637799880	0.253463118
637799881	0.082683372
637799882	0.038400108
637799883	-0.16201901
637799884	0.04737023
637799885	0.151587605
637799886	0.173997445
637799887	0.127722526
637799888	-0.211518319
637799889	0.175233834
637799890	-0.065485202
637799891	0.129349336
637799892	-0.361233741
637799893	0.012709387
637799894	-0.110883781
637799895	0.00802144
637799896	-0.292218651
637799897	-0.170204868
637799898	-0.42815178
637799899	-0.210407475
637799900	0.064226648
637799901	-0.101125136
637799902	-0.045280061
637799903	0.134732021
637799904	-0.051312808
637799905	-0.220799046
637799906	-0.254921445
637799907	-0.012705023
637799908	-0.034564036
637799909	-0.08095368
637799910	-0.244769613
637799911	-0.501634004
637799912	0.092582111
637799913	0.230419245
637799914	0.063096824
637799915	-0.11127558
637799916	0.054524822
637799917	0.352976241
637799918	0.111455811
637799919	-0.034827894
637799921	0.102612586
637799922	-0.240807267
637799923	-0.22333142
637799924	0.098365938
637799925	0.295240996
637799926	0.116256918
637799927	-0.133142638
637799928	0.093778044
637799929	0.018331417
637799930	0.045335701
637799931	0.015263321
637799932	-0.697248579
637799933	0.010409709
637799934	-0.144550489
637799935	0.199325772
637799936	-0.114775488
637799937	-0.134902786
637799938	-0.125750249
637799939	-0.091804068
637799940	-0.071146518
637799941	0.10519835
637799942	0.064547731
637799943	-0.134715339
637799944	0.236302676
637799945	0.063468972
637799946	0.132229871
637799947	0.08271057
637799948	0.013999314
637799949	-0.245690889
637799950	-0.049429766
637799951	0.082933779
637799952	0.083259335
637799953	-0.142485658
637799954	-0.007048625
637799955	-0.141932622
637799956	-0.281976747
637799957	-0.124875403
637799958	-0.185132894
637799959	-0.062216237
637799960	-0.021075758
637799961	-0.127792993
637799962	-0.157086464
637799963	-0.094095431
637799964	-0.104251402
637799965	0.461993449
637799966	-0.230398775
637799967	-0.232381757
637799968	0.02322468
637799969	0.055811073
637799970	-0.231172928
637799971	-0.079329249
637799972	-0.072391894
637799973	-0.013999859
637799974	0.37117297
637799975	0.242497663
637799976	-0.165357287
637799977	-0.176011487
637799978	-0.03070526
637799979	-0.108084896
637799980	-0.144596047
637799981	-0.051063702
637799982	0.067416601
637799983	-0.187813111
637799984	-0.127850376
637799985	0.242647257
637799986	-0.071607609
637799987	-0.050933239
637799988	-0.104917005
637799989	-0.506273636
637799990	-0.335479783
637799991	-0.111099289
637799992	-0.05138011
637799993	-0.360438152
637799994	-0.139299705
637799995	-0.075843753
637799996	0.00534636
637799997	0.017905942
637799998	-0.218046615
637799999	-0.155647403
637800000	-0.324064447
637800001	-0.219003795
637800002	-0.038986795
637800003	0.238095071
637800004	-0.265178407
637800005	-0.390284845
637800006	-0.575054178
637800007	-0.372697996
637800008	-0.174671276
637800009	-1.00E-04
637800010	0.142974964
637800011	0.044960976
637800012	-0.175935365
637800013	0.1825995
637800014	0.220063449
637800015	-0.06716053
637800016	-0.20959822
637800017	0.023313305
637800018	0.039365616
637800019	0.020269478
637800020	-0.523562883
637800021	-0.02227658
637800022	0.019704177
637800023	0.129099607
637800024	-0.200515327
637800025	0.223001945
637800026	-0.076184884
637800027	-0.013475149
637800028	0.165092653
637800029	-0.205186126
637800030	0.201510803
637800031	0.056016466
637800032	-0.025954672
637800033	-0.17021698
637800034	0.032921663
637800035	0.336539525
637800037	0.018671488
637800038	-0.086084108
637800039	-0.012300381
637800040	0.071100256
637800041	-0.091726503
637800042	0.203845737
637800043	5.65E-05
637800044	-0.361928521
637800045	-0.53547572
637800046	-0.400312388
637800047	0.035725009
637800048	-0.089000564
637800049	0.078321198
637800052	-0.101222743
637800053	0.10555504
637800054	0.123296736
637800055	0.122450817
637800056	0.173258684
637800057	0.000963539
637800058	-0.038208798
637800059	0.168384615
637800060	0.090125641
637800061	-0.131616035
637800062	-0.053498945
637800063	-0.03700255
637800064	0.233261713
637800065	-0.38199043
637800066	-0.38460815
637800067	-0.331102456
637800068	-0.188733838
637800070	-0.264087972
637800071	-0.13749495
637800072	0.072407924
637800073	-0.375265514
637800074	0.191729954
637800075	-0.105860572
637800076	0.094263739
637800077	0.004618593
637800078	-0.129322901
637800079	-0.107564633
637800080	-0.197763055
637800081	-0.150193759
637800082	0.066970115
637800083	-0.459969765
637800084	-0.225336935
637800085	0.188581922
637800086	0.011075323
637800087	0.090364578
637800088	0.136614469
637800089	-0.097117079
637800090	-0.118179231
637800091	-0.132117491
637800092	-0.091713756
637800093	-0.443195277
637800094	-0.058240545
637800095	0.197010033
637800096	-1.21E-05
637800097	-0.284780402
637800098	-1.329848738
637800099	-0.064512611
637800101	0.25766315
637800102	0.227909874
637800103	-0.126772625
637800104	-0.003963656
637800105	-0.071777544
637800106	0.051029817
637800107	-0.112086777
637800108	-0.142508412
637800109	-0.029894555
637800110	-0.031110899
637800111	0.195066338
637800112	0.008726168
637800113	0.08397999
637800114	-0.161816629
637800115	0.07957393
637800116	-0.001465924
637800117	-0.23065081
637800118	-0.303062858
637800119	-0.343753793
637800120	0.097327636
637800121	0.023082666
637800122	0.225696209
637800123	0.125930004
637800124	-0.139248203
637800125	-0.156090687
637800126	-0.109524621
637800127	0.180648483
637800128	-0.346975286
637800129	-0.230177658
637800130	-0.02176451
637800131	0.042226581
637800132	0.157880538
637800133	0.001832674
637800134	-0.059605208
637800135	-0.131294933
637800136	0.064067794
637800137	-0.224452779
637800138	0.082700968
637800139	-0.014382316
637800140	-0.130681302
637800141	-0.029188727
637800142	-0.138112838
637800143	-0.163662485
637800144	-0.068914198
637800145	0.028977167
637800146	0.036644099
637800147	-0.045113535
637800148	-0.134431092
637800149	-0.12826963
637800150	-0.139268196
637800151	-0.09441828
637800152	0.168379051
637800153	0.004281537
637800154	-0.164176743
637800156	-0.019662128
637800157	0.091869803
637800158	0.193626445
637800159	0.080003211
637800160	0.081657354
637800161	-0.21014025
637800162	-0.053605879
637800163	-0.030337454
637800164	0.041603347
637800165	-0.053299898
637800166	-0.050465273
637800167	-0.106422642
637800168	-0.134128607
637800169	0.039865417
637800170	-0.248857852
637800171	-0.122619604
637800172	-0.102100127
637800173	-0.049923241
637800174	-0.031284697
637800175	-0.097565063
637800176	0.105521188
637800177	-0.031498362
637800178	0.236525629
637800179	-0.02702087
637800180	0.020388814
637800181	0.073096
637800182	-0.046793778
637800183	-0.294540649
637800184	-0.100142556
637800185	-0.099243535
637800186	-0.234182524
637800187	-0.206395623
637800188	-0.015278851
637800189	-0.229886915
637800190	-0.386700763
637800191	0.047054505
637800192	-0.047235698
637800194	0.027821254
637800195	-0.032559805
637800197	-0.180371771
637800198	-0.838649012
637800199	0.090221753
637800200	-0.080343409
637800201	0.317087051
637800202	0.056165183
637800203	0.147185478
637800204	0.273501781
637800205	0.057126565
637800206	-0.192745848
637800207	-0.156706687
637800208	0.048134808
637800209	-0.095733907
637800210	-0.046663168
637800211	0.060327435
637800212	0.118568264
637800213	-0.193582932
637800214	-0.244087938
637800215	-0.016395971
637800216	0.189649934
637800217	-0.54279623
637800218	-0.342986675
637800219	-0.077816188
637800220	-0.264719494
637800221	0.224612807
637800222	-0.340986491
637800223	-0.15266481
637800224	-0.166300254
637800225	-0.690538695
637800226	-0.105254315
637800227	0.074839346
637800228	0.04269383
637800229	0.232026282
637800230	0.086556849
637800231	-0.097246334
637800232	0.174806795
637800233	-0.189317695
637800234	0.211811863
637800235	-0.415425817
637800236	0.05026001
637800237	-0.056354879
637800238	-0.00012349
637800239	0.094713965
637800240	-0.101633586
637800241	0.104149837
637800242	0.004253113
637800243	-0.01415079
637800244	-0.250799369
637800245	-0.089675639
637800246	-0.012263382
637800247	0.205146848
637800248	-0.314968068
637800249	-0.056922235
637800250	0.068239063
637800251	-0.018460717
637800252	-0.052214961
637800253	0.10704476
637800254	-0.291708707
637800255	-0.294828739
637800256	-0.11310086
637800257	-0.00778064
637800258	-0.001491014
637800259	-0.050649156
637800260	-0.005618352
637800261	-0.388818808
637800262	-0.235171099
637800263	-0.025117513
637800264	0.249127509
637800265	-0.154582449
637800266	0.048241302
637800267	0.113049967
637800268	-0.030647329
637800269	-0.200781595
637800270	-0.151623421
637800271	-0.384006725
637800272	0.086386622
637800273	0.08553858
637800274	0.164603964
637800275	0.28482
637800276	0.106598054
637800277	0.081435087
637800278	-0.26006487
637800279	-0.435887381
637800280	0.12385308
637800281	0.037198943
637800282	0.275806963
637800283	-0.054560701
637800284	0.056919613
637800285	0.015172599
637800286	-0.222067887
637800287	-0.173575221
637800288	0.102429311
637800289	0.048301558
637800290	-0.993072055
637800291	0.216391643
637800292	0.209239785
637800293	-0.14372758
637800294	0.027046724
637800295	0.280905265
637800296	-0.008309176
637800297	0.092823875
637800298	-0.013782891
637800299	-0.202875443
637800300	-0.134955982
637800301	0.060037435
637800302	-0.00038305
637800303	-0.054288583
637800304	0.095733983
637800305	0.017614945
637800306	-0.06623062
637800307	0.21856786
637800308	0.085564328
637800309	0.044603556
637800310	0.292990117
637800311	0.038482754
637800312	-0.235403929
637800313	-0.113573792
637800314	0.10118156
637800315	0.046315658
637800316	-0.097258413
637800317	-0.119297654
637800318	0.163612861
637800319	-0.013594203
637800320	-0.039155943
637800321	-0.255937929
637800322	-0.0109114
637800323	0.253608587
637800324	-0.108939529
637800325	0.211510319
637800326	0.137842676
637800327	-0.16406013
637800328	-0.001188875
637800329	0.025305293
637800330	0.198403012
637800331	-0.010834772
637800332	-0.170004777
637800333	0.035403638
637800334	-0.257707892
637800335	0.144667784
637800336	0.008798153
637800337	0.233707917
637800338	-0.103813107
637800339	0.008065732
637800340	0.097639889
637800341	0.11981883
637800342	0.102102262
637800343	-0.119461621
637800344	-0.090749155
637800345	-0.232402203
637800346	-0.241230375
637800347	0.092179716
637800348	-0.239175236
637800349	-0.079026401
637800350	0.10180489
637800351	0.020765024
637800352	-0.097700982
637800353	-0.290979675
637800354	-0.297544171
637800355	-0.03078937
637800356	-0.436981243
637800357	0.007338853
637800358	0.094635047
637800359	-0.018086222
637800360	-0.015563622
637800361	0.242098841
637800362	0.045095127
637800363	-0.36112122
637800364	-0.24871605
637800365	0.02570538
637800366	0.043650804
637800367	0.099943753
637800368	0.068153163
637800369	0.197425066
637800370	0.049666625
637800371	0.092937969
637800372	0.183579357
637800373	-0.003896052
637800374	0.222967366
637800375	0.259393791
637800376	0.061887078
637800377	-0.100233235
637800378	0.297892747
637800379	-0.159514019
637800380	0.083637461
637800381	-0.301841563
637800382	0.192540161
637800383	0.055606
637800384	0.298873322
637800385	0.288547492
637800386	-0.206668606
637800387	-0.022546043
637800389	-0.15190565
637800390	-0.034305424
637800391	-0.214162131
637800392	-0.698866744
637800393	-0.46886035
637800394	-0.040464967
637800395	0.111172018
637800396	-0.045868085
637800397	-0.092036249
637800398	0.155804292
637800399	-0.091347505
637800400	-0.014007335
637800401	0.021892376
637800402	0.251755532
637800403	-0.356534902
637800404	-0.106912322
637800405	-0.323691665
637800406	-0.080636148
637800407	-0.210276637
637800408	-0.075577233
637800411	0.007353088
637800412	0.141802282
637800413	0.027071873
637800414	-0.281132825
637800415	-0.284476897
637800416	-0.145780059
637800417	0.013876893
637800418	-0.049542606
637800419	-0.108975846
637800420	-0.120128553
637800421	-0.152256005
637800422	0.07605713
637800423	0.097095538
637800424	0.055143381
637800425	0.021006798
637800426	-0.251383086
637800427	-0.283021706
637800428	0.063293318
637800429	-0.139511223
637800430	-0.075793774
637800431	-0.108477557
637800432	-0.290499316
637800433	-0.083247106
637800434	-0.036733092
637800435	0.020140412
637800436	-0.518205834
637800437	-0.32929861
637800438	0.384645341
637800439	-0.234457595
637800440	-0.142428824
637800441	-0.122143332
637800442	-0.511804906
637800443	0.091450918
637800444	-0.218797606
637800445	0.197463328
637800446	0.279602835
637800447	0.06588491
637800448	0.046009071
637800449	0.166382656
637800450	0.117758741
637800451	-0.092177298
637800452	-0.205363298
637800453	0.087187921
637800454	0.028762282
637800455	0.01583716
637800456	0.156544932
637800457	0.174680779
637800458	-0.176265416
637800459	0.07667342
637800460	-0.083459644
637800461	-0.006996901
637800462	-0.1697442
637800463	-0.097425739
637800464	-0.055970744
637800465	-0.221104153
637800466	-0.022748594
637800467	0.176542579
637800468	0.107703846
637800469	-0.080907532
637800470	-0.11409523
637800471	-0.013273587
637800472	-0.137402783
637800473	0.013114129
637800474	-0.055198731
637800475	0.04915207
637800476	0.153399753
637800477	-0.064814021
637800478	0.12527557
637800479	-0.161817248
637800480	0.271662463
637800481	0.097927725
637800482	0.007751521
637800483	-0.047652435
637800484	-0.19197168
637800485	-0.078871634
637800486	-0.052493168
637800487	0.300163349
637800488	0.208870742
637800489	-0.042281147
637800490	-0.04917595
637800491	-0.18773813
637800492	-0.02286975
637800493	0.147387583
637800494	0.378239572
637800495	0.020285465
637800496	0.028534363
637800497	0.290971432
637800498	0.257890574
637800499	0.033618641
637800500	0.070417474
637800501	-0.100356921
637800502	0.342127571
637800503	0.203329265
637800504	-0.000356607
637800505	-0.079568526
637800506	-0.013742802
637800507	-0.087633921
637800508	0.141472825
637800509	-0.033560796
637800510	-0.097791818
637800511	-0.294351762
637800512	-0.018935503
637800513	0.093816279
637800514	-0.08587384
637800515	-0.000542757
637800516	-0.056240835
637800517	-0.109486067
637800518	-0.049554731
637800519	-0.113785488
637800520	0.042375976
637800521	-0.130874393
637800522	0.102335545
637800523	-0.032842266
637800524	-0.694287109
637800525	-0.214185869
637800526	-0.078269465
637800527	-0.724932171
637800528	-0.069663891
637800529	0.104713555
637800530	0.235200374
637800531	-0.148575077
637800532	0.026595587
637800533	0.076721497
637800534	0.028252288
637800535	-0.092815748
637800536	0.122583037
637800537	0.058111119
637800538	0.035272488
637800539	-0.130480779
637800540	-0.105591275
637800541	-0.09021807
637800542	-0.064383194
637800543	-8.28E-05
637800544	0.016081305
637800545	0.215316108
637800546	-0.153783033
637800547	-0.056893326
637800548	-0.13330122
637800549	-0.157364665
637800550	0.150983126
637800551	0.408045791
637800552	0.26397967
637800553	-0.210400459
637800554	-0.14982479
637800555	0.113951906
637800556	0.011553941
637800557	-0.107757186
637800558	-0.004468548
637800559	0.042404189
637800560	-0.014121749
637800561	-0.161285549
637800562	-0.213294567
637800563	-0.092905906
637800564	-0.002646965
637800565	-0.233615011
637800566	-0.125246044
637800567	0.06662869
637800568	0.313503975
637800569	0.097832997
637800570	-0.278900061
637800571	-0.043162442
637800572	-0.148632025
637800573	-0.233130292
637800574	-0.03593763
637800575	0.014708676
637800576	0.268726371
637800577	0.154306221
637800578	-0.26885163
637800579	0.013569368
637800580	0.284564019
637800581	0.369635906
637800582	0.055112703
637800583	-0.123121999
637800584	0.080123229
637800585	0.124661034
637800586	-0.25613203
637800587	0.107007334
637800588	0.017903152
637800589	0.255259773
637800590	0.114891134
637800591	0.005938407
637800592	-0.164659127
637800593	-0.118588805
637800594	-0.20828386
637800595	-0.061689168
637800596	-0.313857304
637800597	-0.306495605
637800598	-0.095024729
637800599	-0.243467167
637800600	-0.181662884
637800601	0.223053251
637800602	0.073944212
637800603	0.036314786
637800604	0.270635181
637800605	0.188904604
637800606	0.06095608
637800607	0.091993434
637800608	-0.070166635
637800609	0.03567416
637800610	0.041431876
637800611	0.088017544
637800612	-0.107470322
637800613	-0.063692253
637800614	-0.084230067
637800615	-0.143013119
637800616	-0.532761192
637800617	-0.026391098
637800618	-0.119497189
637800619	-0.079734682
637800620	-0.063687472
637800621	-0.197952902
637800622	0.225150795
637800623	0.179556506
637800624	-0.050088085
637800625	0.062701995
637800626	-0.00112362
637800627	-0.14213131
637800628	-0.293047359
637800629	0.074478615
637800630	-0.382234445
637800631	0.345978876
637800632	-0.122536372
637800633	-0.057309799
637800634	0.041830939
637800635	-0.17967208
637800636	-0.091458768
637800637	-0.211144257
637800638	-0.069760749
637800639	0.117903821
637800640	-0.011420339
637800641	-0.129487809
637800642	-0.009350552
637800643	-0.06657968
637800644	-0.247009995
637800645	-0.325005953
637800646	-0.213773538
637800647	-0.13055699
637800648	-0.229925595
637800650	-0.074054649
637800651	-0.000993023
637800652	0.125861122
637800653	-0.05869446
637800654	0.080812842
637800655	0.075701129
637800657	0.135326978
637800658	0.142524804
637800659	0.205731856
637800660	0.18231445
637800661	0.046296851
637800662	0.038267923
637800663	0.205249819
637800664	0.022429426
637800665	0.132472117
637800666	0.282478002
637800667	0.126556454
637800668	0.369538551
637800669	0.26474115
637800670	0.113961074
637800671	0.273092807
637800672	0.316093031
637800673	0.0997453
637800674	0.17568523
637800675	0.194646747
637800676	-0.03064671
637800677	0.128766669
637800678	0.06443615
637800679	0.075336994
637800680	0.137521857
637800681	0.135130223
637800682	0.392204413
637800683	-0.199026911
637800684	-0.039580669
637800685	-0.388243612
637800686	0.05103201
637800687	-0.063689645
637800688	-0.148486501
637800689	-0.067423782
637800690	-0.170331554
637800691	0.085862609
637800692	-0.021950985
637800693	0.005139917
637800694	0.033287809
637800695	-0.283872135
637800696	0.188919319
637800697	-0.043835261
637800698	-0.119641392
637800699	0.107454514
637800700	-0.089659748
637800701	-0.508664329
637800702	-0.201124934
637800703	0.182357502
637800704	-0.220415826
637800705	-0.049654923
637800706	-0.078557491
637800707	0.025233983
637800708	0.055494265
637800709	0.102652028
637800710	0.231076189
637800711	0.060169433
637800712	0.029520967
637800713	0.132359137
637800714	-0.681597636
637800715	0.491798929
637800716	-0.222320291
637800717	-0.370863223
637800718	0.078090875
637800719	-0.108296272
637800720	-0.185798184
637800721	0.068040409
637800722	-0.094775404
637800723	-0.247560522
637800724	-0.174001704
637800725	0.017842353
637800726	-0.278127186
637800727	0.220258544
637800728	0.449731161
637800729	-0.161552045
637800730	-0.10747725
637800731	-0.011636816
637800732	0.360311524
637800733	-0.351246142
637800734	0.105476587
637800735	-0.103386459
637800736	0.279940067
637800737	-0.083955943
637800738	0.082948153
637800740	0.227132199
637800741	0.214928336
637800742	0.163551883
637800743	-0.035714196
637800744	-0.078702119
637800745	-0.573410362
637800746	0.017924687
637800747	0.000694546
637800748	-0.104515904
637800749	-0.475483244
637800750	0.034009022
637800751	0.191159027
637800752	0.184077427
637800753	-0.031320617
637800754	-0.662793152
637800755	-0.837098694
637800756	-0.406413708
637800757	0.205258196
637800758	-0.118114469
637800759	0.044070986
637800760	-0.103748172
637800761	-0.290542709
637800762	-0.184944161
637800763	0.42142781
637800764	0.151853825
637800765	-0.206400724
637800766	-0.180824455
637800767	-0.177903055
637800768	-0.039107709
637800769	-0.347706176
637800770	-0.344622599
637800771	-0.116170419
637800772	-0.245422145
637800773	0.148119349
637800774	-0.326571173
637800775	0.088751392
637800776	-0.060484254
637800777	-0.185268185
637800778	-0.133279692
637800779	0.20061199
637800780	-0.091140448
637800781	-0.555285361
637800782	-0.560515318
637800783	-0.25259582
637800784	-0.740849012
637800785	0.192627938
637800786	0.11247645
637800787	0.037661959
637800788	-0.213343268
637800789	0.131551139
637800790	0.126877138
637800791	0.303563052
637800792	-0.272854111
637800793	-0.074903879
637800794	-0.182348779
637800795	-0.153923089
637800796	-0.033561134
637800797	-0.120146949
637800798	-0.052622933
637800799	0.290623619
637800800	-0.347524466
637800801	-0.293979783
637800802	-0.149966268
637800803	-0.157730763
637800804	0.088509968
637800805	-0.103297556
637800806	0.380770033
637800807	0.362320912
637800808	0.145166124
637800809	0.203651596
637800810	0.207293811
637800811	-0.190719829
637800812	0.217182689
637800813	-0.004336137
637800814	-0.32193687
637800815	-0.040383742
637800816	0.125308337
637800817	0.006192268
637800818	0.135116448
637800819	-0.073316376
637800820	-0.27062201
637800821	-0.062340735
637800822	0.185659242
637800823	0.054048115
637800824	0.123810841
637800825	-0.224216745
637800826	0.047836626
637800827	-0.145413877
637800828	-0.265286989
637800829	0.015002077
637800830	-0.262660017
637800831	-0.226582983
637800832	-0.276128745
637800833	-0.120813606
637800834	-0.214945558
637800835	-0.191457074
637800836	-0.57741528
637800837	0.133174453
637800838	-0.331753019
637800839	-0.183683128
637800840	-0.066545561
637800841	-0.046890712
637800842	-0.151019662
637800843	-0.114606693
637800844	-0.013960656
637800845	0.129953676
637800846	-0.206530227
637800847	0.047038163
637800848	0.282992487
637800849	-0.3121199
637800850	-0.241692379
637800851	-0.233203277
637800852	-0.287027611
637800853	-0.027788791
637800854	0.069681455
637800855	-0.163403165
637800856	0.083409526
637800857	-0.028520567
637800858	0.086970925
637800859	0.060799393
637800860	-0.032693038
637800861	-0.198499482
637800862	-0.152032707
637800863	-0.068746226
637800864	0.213386694
637800865	-0.102404626
637800866	-0.146072652
637800867	0.170797937
637800868	0.126429748
637800869	-0.099828035
637800870	0.248407847
637800871	-0.098482917
637800872	-0.102221462
637800873	0.12688531
637800874	0.035484448
637800875	-0.007784972
637800876	0.056153984
637800877	-0.035231066
637800878	-0.045580812
637800879	0.088543415
637800880	0.119306497
637800881	-0.073074134
637800882	-0.167734596
637800883	-0.231982978
637800884	0.16776177
637800885	-0.047163361
637800886	0.05454445
637800887	0.216512641
637800888	-0.06761791
637800889	0.020911804
637800890	0.453029267
637800891	0.189982983
637800892	0.150353096
637800893	-0.162916637
637800894	-0.134297145
637800895	-0.073047275
637800896	0.074363264
637800897	-0.306737316
637800898	0.005268852
637800899	-0.058792479
637800900	0.126560935
637800901	0.12188046
637800902	0.040011876
637800903	0.104719203
637800905	0.05333022
637800906	0.008019611
637800907	-0.236119114
637800908	-0.107410185
637800909	-0.131634409
637800910	-0.468606219
637800911	-0.26050188
637800912	-0.085565653
637800913	0.073347789
637800914	-0.108441326
637800915	0.0517135
637800916	-0.036318738
637800917	-0.153619038
637800918	0.565895429
637800919	0.307347745
637800920	0.038968074
637800921	-0.170153226
637800922	-0.278568859
637800923	0.069200121
637800924	0.036167296
637800925	-0.193484243
637800926	-0.191751412
637800927	-0.195765342
637800928	-0.130418467
637800929	-0.244743541
637800930	-0.179653406
637800931	-0.23353357
637800932	-0.204661529
637800933	-0.337764403
637800934	-0.316653665
637800935	-0.359256404
637800936	0.420560463
637800937	-0.146236256
637800938	-0.088228377
637800939	-0.062516647
637800940	-0.08046739
637800941	0.019432406
637800942	-0.176854186
637800943	0.019904463
637800944	-0.066213562
637800945	0.067983647
637800946	-0.139091715
637800947	-0.318413956
637800948	-0.245118573
637800949	-0.120810929
637800950	-0.148250771
637800951	0.231687458
637800952	0.230387363
637800953	0.12953393
637800954	-0.111939094
637800955	-0.186869557
637800956	-0.451187589
637800957	-0.254868993
637800958	0.181570745
637800959	-0.431195955
637800960	-0.068879449
637800961	0.012040838
637800962	-0.121864941
637800963	0.100332237
637800964	0.047685106
637800965	-0.008677184
637800966	-0.079095903
637800967	-0.011406596
637800968	-0.03355652
637800969	0.132510693
637800970	0.060055516
637800971	-0.154452016
637800972	-0.265466984
637800973	0.093454808
637800974	0.018273884
637800975	-0.272595638
637800976	-0.229539708
637800978	-0.131773036
637800979	-0.527719404
637800980	-0.251405353
637800981	-0.197296086
637800982	-0.073613199
637800983	-0.293826988
637800984	-0.189897001
637800985	-0.400879755
637800986	-0.015017097
637800987	0.072642396
637800988	-0.015452435
637800989	0.152381986
637800990	-0.115174213
637800991	-0.166061611
637800992	-0.167912361
637800993	0.149081726
637800994	-0.014308213
637800995	0.307861099
637800996	0.077529919
637800997	-0.118572298
637800998	0.159337786
637800999	0.16853547
637801000	-0.195940551
637801001	0.464665973
637801002	-0.204639296
637801003	-0.25440224
637801004	-0.369934461
637801005	0.108654848
637801006	-0.333319368
637801007	-0.340327285
637801008	0.0971087
637801009	-0.38559608
637801010	0.092626834
637801011	0.076075838
637801012	-0.001384665
637801013	-0.06933731
637801014	0.172421158
637801015	0.051760403
637801016	0.058724066
637801017	-0.060775146
637801018	-0.054006667
637801019	0.141928004
637801020	0.145911025
637801021	0.027934518
637801022	-0.306059247
637801023	-0.06702447
637801024	0.101743819
637801025	-0.055923385
637801029	-0.112192939
637801030	-0.128855383
637801031	-0.120838588
637801032	-0.091636188
637801033	0.00888828
637801034	0.090954675
637801035	-0.168242073
637801036	-0.176362202
637801037	0.247055621
637801038	-0.178967959
637801040	-0.080617032
637801041	0.258534064
637801042	-0.010246137
637801043	0.185029601
637801044	-0.992603919
637801045	-0.961006033
637801046	0.099953764
637801047	-0.038781894
637801048	0.061379129
637801049	-0.148281778
637801050	0.097389336
637801051	0.393459735
637801052	-0.280856054
637801053	-0.041579234
637801054	-0.272559876
637801055	-0.289487239
637801056	-0.132342983
637801057	-0.192437602
637801058	-0.36044942
637801059	-0.224882148
637801060	-0.09339971
637801061	0.294194128
637801062	0.073579854
637801063	-0.223556826
637801064	0.037696975
637801065	0.180746378
637801066	-0.133633556
637801067	-0.034943579
640711016	-0.747114642
640711017	-0.390373003
640711018	-0.439968793
640711019	-0.563628125
640711020	-0.505130573
640711021	-0.70348324
640711022	-0.678609054
640711023	-0.943035549
640711024	0
640711025	0
640711026	0
640711027	0
640711028	0
640711029	-0.875259801
640711030	-0.113215768
640711031	-1.218083343
640711032	-0.844979288
640711033	-0.614257584
640711034	-0.241167814
640711035	-0.700535697
640711036	-0.633737013
640711037	-0.218863659
640711038	0.205854866
640711039	-0.698091647
640711040	-0.577775009
640711041	-0.157362368
640711042	-0.560643741
640711043	-0.724524833
640711044	-0.401595294
640711045	0.006486576
640711046	-0.491016875
640711047	-0.105497537
640711048	-0.596698268
640711049	-0.953065889
640711050	-0.494046884
640711051	-0.501681155
640711052	-0.701138071
640711053	-0.546883608
640711054	-0.326277208
640711055	-1.099763593
640711056	-0.336618493
640711057	-0.509528607
640711058	-0.569867274
640711059	-0.746870855
640711060	-0.196544326
640711061	-1.418741089
640711062	-0.816996291
640711063	-0.018409213
640711064	-0.365610951
640711065	-0.374936659
640711066	0.245377834
640711067	-0.622721828
640711068	-0.82257637
637798356	0.033042098
637798357	0.335663925
637798358	0.165657078
637798359	-0.024532015
637798360	-0.264616658
637798361	0.065712884
637798362	0.200772724
637798363	-0.052030886
637798364	-0.201234336
637798365	-0.230709837
637798366	-0.130299096
637798367	-0.172648083
637798368	0.022467511
637798369	-0.076570299
637798370	-0.253058725
637798371	-0.111175819
637798372	-0.158447948
637798373	-0.15573407
637798374	-0.024482419
637798375	0.088040163
637798376	-0.163191433
637798377	0.025232949
637798378	-0.049624946
637798379	-0.156026126
637798380	-0.121725565
637798381	-0.130865616
637798382	-0.534878223
637798383	-0.302802574
637798384	-0.191977638
637798385	0.115752665
637798386	0.450183874
637798387	-0.233552548
637798388	0.158055458
637798389	-0.121929792
637798390	-0.213178792
637798391	-0.153724829
637798392	-0.216179543
637798393	-0.376648381
637798394	0.105053396
637798395	-0.071969135
637798396	0.046748861
637798397	-0.235538267
637798398	-0.225146867
637798399	0.011548863
637798400	-0.132587674
637798401	-0.297508604
637798402	0.186792505
637798403	0.117033404
637798404	-0.124116184
637798405	0.030919822
pANS_predictedORF_1	0.175787228
pANS_predictedORF_2	0.158887895
pANS_predictedORF_3	-0.254418145
pANS_predictedORF_4	-0.309226002
pANS_predictedORF_5	-0.247757051
pANS_predictedORF_6	0.126646544
pANS_predictedORF_7	-0.148833115
pANS_predictedORF_8	0.175787228
