Reporter Identifier	VALUE
637798406	-0.039537484
637798407	-0.103172343
637798408	-0.213057651
637798409	-0.460901058
637798410	0.086852818
637798411	-0.042418194
637798412	0.104785418
637798413	0.239478695
637798414	-0.387982041
637798415	0.102750646
637798416	-0.411421301
637798417	-0.354590549
637798418	-0.650196264
637798419	0.036706646
637798420	-0.023470764
637798421	-0.080515421
637798422	-0.195671261
637798423	-0.089139448
637798424	-0.124552888
637798425	-0.100336285
637798426	-0.142379144
637798427	0.204859925
637798428	0.210464884
637798429	-0.255553223
637798430	-0.027205776
637798431	0.136211664
637798432	-0.124012619
637798433	-0.085952165
637798434	0.088084935
637798435	0.02186497
637798436	0.046219476
637798437	-0.002427657
637798438	-0.03747967
637798439	-0.091474646
637798440	0.188659504
637798441	0.135261046
637798442	-0.140736405
637798443	-0.112255366
637798444	0.754870265
637798445	0.248332913
637798446	0.360491019
637798448	-0.379439869
637798449	0.097551552
637798450	-0.051556619
637798451	0.239538444
637798452	0.09210802
637798453	0.192101066
637798454	-0.152090829
637798455	-0.215126383
637798456	-0.534694729
637798457	-0.416385326
637798458	-0.739303488
637798459	-0.364331266
637798460	-0.307556131
637798461	-0.56473111
637798462	-0.221037065
637798463	-0.078213481
637798464	0.214523794
637798465	0.131326849
637798466	0.013123158
637798467	-0.007920046
637798468	-0.316980237
637798469	-0.104145734
637798470	-0.02465103
637798471	-0.401493099
637798472	-0.07429164
637798473	-0.273985463
637798474	-0.018249205
637798475	0.485578305
637798476	0.130872391
637798477	-0.06622226
637798478	0.018672228
637798479	-0.27871181
637798480	-0.36647459
637798481	-0.248289606
637798482	-0.235740492
637798483	-0.245856198
637798484	-0.180725646
637798485	-0.185415197
637798486	-0.011695943
637798487	-0.272557585
637798488	-0.343941351
637798489	-0.029818769
637798490	-0.147277095
637798491	0.204864382
637798492	0.290915225
637798493	0.129412276
637798494	0.186223561
637798495	-0.076315114
637798496	0.043262135
637798497	0.031385675
637798498	-0.291680054
637798499	-0.044837934
637798500	0.005417026
637798501	-0.124606867
637798502	0.306182903
637798503	-0.074285415
637798504	-0.289308524
637798505	-0.032254466
637798506	0.474778967
637798507	-0.502855337
637798508	0.264107609
637798509	-0.068863722
637798510	-0.003018779
637798511	0.029251532
637798512	0.126847402
637798513	0.139319106
637798514	0.0407791
637798515	0.163176352
637798516	0.23709906
637798517	0.029473006
637798518	-0.000919259
637798519	0.067496879
637798520	-0.485938562
637798521	0.034476105
637798522	0.013769138
637798523	-0.004150513
637798524	-0.438366805
637798525	-0.198373858
637798526	-0.245678253
637798527	0.091856004
637798528	-0.199288999
637798529	0.018717669
637798530	0.04901358
637798531	0.169374122
637798532	-0.397498926
637798533	-0.353080802
637798534	0.138339559
637798535	0.095932004
637798536	0.554355817
637798537	-0.086113686
637798538	0.009695764
637798539	-0.215956713
637798540	-0.041545267
637798541	-0.276438533
637798542	-0.119133293
637798543	-0.051302845
637798544	-0.045264055
637798545	-0.237667721
637798546	0.181764137
637798547	-0.410278398
637798548	-0.207599886
637798549	0.086875629
637798550	0.023346831
637798551	0.102872111
637798552	0.050450937
637798553	0.135976842
637798554	0.33716489
637798555	0.052858285
637798556	-0.06682753
637798557	-0.194120797
637798558	-0.072916717
637798559	-0.35515423
637798560	0.014387204
637798561	0.006065494
637798562	-0.507562816
637798563	0.708615795
637798564	-0.562080883
637798565	-0.090551904
637798566	-0.095574777
637798567	-0.503310293
637798568	-0.144908159
637798569	0.005002034
637798570	-0.385479621
637798571	-0.155919539
637798572	-0.161828963
637798573	-0.552235145
637798574	0.093957021
637798575	-0.025902396
637798576	0.025656163
637798577	-0.171410651
637798578	0.213582059
637798579	-0.119058418
637798580	0.088885765
637798581	-0.177031444
637798582	-0.174090349
637798583	0.083971611
637798584	-0.086156462
637798585	-0.13749226
637798586	-0.282943896
637798587	-0.505231392
637798588	0.077033448
637798589	-0.019124942
637798590	-0.033019981
637798591	0.155103091
637798592	0.301647233
637798593	-0.068332202
637798594	-0.313237785
637798595	-0.24623076
637798596	-0.053393205
637798597	-0.05271281
637798598	-0.080136633
637798599	0.129634823
637798600	-0.095887195
637798601	0.015161015
637798602	-0.278829407
637798603	-0.139485577
637798604	0.362557554
637798605	0.331187163
637798606	0.682707351
637798607	0.350670754
637798608	0.3323652
637798609	0.136369953
637798610	0.054669507
637798611	-0.070146857
637798612	0.069402094
637798613	-0.006179123
637798614	0.07710582
637798615	-0.017039644
637798616	0.075850991
637798617	-0.021482096
637798618	-0.081864884
637798619	0.10816753
637798620	-0.108595052
637798621	0.397150497
637798622	-0.126943057
637798623	-0.166776544
637798624	-0.234929542
637798625	0.071147081
637798626	-0.37106528
637798627	-0.030245415
637798628	-0.126113538
637798629	-0.068130699
637798630	-0.149094864
637798631	-0.308120792
637798632	-0.542311037
637798633	-0.400345104
637798634	0.069634848
637798635	-1.114195404
637798636	0.220584769
637798637	0.065741093
637798638	0.012503945
637798639	-0.509111763
637798640	0.197799971
637798641	0.033103566
637798642	0.153604421
637798643	0.081642741
637798644	-0.125386392
637798645	0.018090848
637798646	0.056036709
637798647	-0.025686707
637798648	-0.086706537
637798649	0.131331294
637798650	0.856752802
637798651	0.498425462
637798652	-0.090060647
637798653	-0.103306348
637798654	-0.123326513
637798655	0.146408192
637798656	-0.037190052
637798657	-0.059690077
637798658	0.080785406
637798659	-0.48582195
637798660	-0.836212721
637798661	0.3877059
637798662	0.410086209
637798663	0.125656948
637798664	0.136871698
637798665	0.140436012
637798666	-0.277617406
637798667	0.068921968
637798668	-0.406787588
637798669	0.027998282
637798670	-0.037369746
637798671	-0.093478366
637798672	0.115704846
637798673	0.169022554
637798674	-0.0826863
637798675	0.213386392
637798676	-0.083555567
637798677	0.150667592
637798678	-0.062715312
637798679	0.026794722
637798680	-0.213232945
637798681	-0.066090414
637798682	-0.014091782
637798683	0.088514262
637798684	0.389709473
637798685	0.394269497
637798686	-0.070334497
637798687	-0.245495119
637798688	-0.459590196
637798689	-0.10295095
637798690	-0.72725438
637798691	-0.692983904
637798692	-0.482010458
637798693	-0.147180302
637798694	-0.476554959
637798695	-0.450128551
637798696	0.112017498
637798697	-0.133351564
637798698	0.13639215
637798699	-0.239553466
637798700	-0.401434591
637798701	-0.493743928
637798702	-0.053230051
637798703	0.071745429
637798704	-0.039713236
637798705	0.090377805
637798706	-0.095649748
637798707	0.068514066
637798708	0.569196024
637798709	0.02100161
637798710	1.125405732
637798711	-0.071282013
637798712	0.031343103
637798713	0.04663598
637798714	0.016443384
637798715	0.111476517
637798716	-0.183146622
637798717	-0.060031436
637798718	0.071783157
637798719	-0.105964405
637798720	-0.152683748
637798721	-0.0461462
637798722	0.566648895
637798723	0.2845174
637798724	0.108242259
637798725	0.07706575
637798726	-0.085047469
637798727	0.09635349
637798728	-0.004910743
637798729	-0.017346153
637798730	0.279337455
637798731	-0.149151968
637798732	-0.08823012
637798733	-0.187308458
637798734	-0.263903493
637798735	-0.306513406
637798736	-0.813766687
637798737	-0.767129459
637798738	-0.857509303
637798739	-0.908611904
637798740	-0.819559161
637798741	-0.887637414
637798742	-0.762120139
637798743	-0.886722358
637798744	-0.107920092
637798745	-0.196662687
637798746	0.333115738
637798747	0.168267071
637798748	0.155226473
637798749	0.040862956
637798750	0.075188249
637798751	-0.080874307
637798752	0.108109809
637798753	-0.158696281
637798754	0.173140984
637798755	0.006772448
637798756	0.039072416
637798757	-0.041192453
637798758	0.068769805
637798759	0.299821669
637798760	-0.044176395
637798761	-0.002508075
637798762	-0.237417907
637798763	0.012853638
637798764	-0.005838542
637798765	-0.060677289
637798766	-0.152064422
637798767	-0.240305787
637798768	-0.03872176
637798769	-0.150726396
637798770	-0.232601101
637798771	-0.490974533
637798772	0.085476082
637798773	-0.128470193
637798774	0.115962352
637798775	0.700814289
637798776	0.565626154
637798777	0.231825631
637798778	-0.288877403
637798779	-0.210422979
637798780	-1.029822928
637798781	0.012128924
637798782	-0.090654615
637798783	0.006648702
637798784	0.186984
637798785	-0.233165434
637798786	0.005863086
637798787	0.268108022
637798788	0.206580816
637798789	0.524851237
637798790	0.102726717
637798791	-0.562910668
637798792	-0.055923983
637798793	-0.037201095
637798794	-0.219438755
637798795	-0.123497366
637798796	0.03340223
637798797	0.51229647
637798798	-0.05894158
637798799	-0.142886167
637798800	-0.090594753
637798801	-0.358989405
637798802	-0.059967213
637798803	-0.021468051
637798804	-0.022932341
637798805	-0.433547462
637798806	-0.156877691
637798807	0.161319966
637798808	-0.033463319
637798809	-0.102270001
637798810	-0.049517692
637798811	-0.239513768
637798812	-0.098301681
637798813	0.301854876
637798814	-0.037386886
637798815	-0.053641489
637798816	-0.054274406
637798817	-0.237333735
637798818	-0.287856812
637798819	-0.135273566
637798820	0.001626841
637798821	-0.33226573
637798822	-0.014278653
637798823	0.15361192
637798824	0.357854529
637798825	-0.377700906
637798826	0.164210675
637798827	0.277621437
637798828	0.562412163
637798829	0.054486511
637798830	0.083356884
637798831	-0.804480821
637798832	0.137927227
637798833	-0.141905892
637798834	0.134380336
637798835	0.394232518
637798836	-0.142828916
637798837	-0.074647858
637798838	0.10930632
637798839	0.165810401
637798840	0.152253327
637798841	0.02510359
637798842	0.025453506
637798843	-0.170686502
637798844	-0.05210814
637798845	-0.357990494
637798846	-0.049234358
637798847	-0.02257481
637798848	0.121123529
637798849	-0.239672424
637798850	-0.413331347
637798851	0.010497104
637798852	-0.160028149
637798853	-0.003555456
637798854	-0.055369308
637798855	-0.118079124
637798856	-0.243443864
637798857	0.053506222
637798858	-0.341327437
637798860	0.11017262
637798861	-0.147043772
637798862	0.026743617
637798863	-0.244456858
637798864	-0.112694815
637798865	0.142688105
637798866	0.150209016
637798867	0.185405353
637798868	0.135764554
637798869	0.058885358
637798870	0.011999328
637798871	-0.471944767
637798872	-1.265110285
637798873	-0.227913919
637798874	-0.175517712
637798875	-0.226848056
637798876	-0.661433338
637798877	0.233955345
637798878	-0.112214966
637798879	0.11296517
637798880	-0.381741047
637798881	-0.091366797
637798882	-0.075182796
637798883	0.268186475
637798884	0.043118539
637798885	-0.098356232
637798886	-0.415452704
637798887	0.267421867
637798888	0.272240973
637798889	-0.076388693
637798890	-0.296391831
637798891	-0.422326893
637798892	-0.57246203
637798893	-0.392542438
637798894	-0.251972011
637798895	0.225874115
637798896	-0.159177148
637798897	-0.307739399
637798898	0.060423286
637798899	-0.100630429
637798900	0.383607956
637798901	0.019512443
637798902	-0.078419047
637798903	-0.025745473
637798904	0.032452351
637798905	0.407972197
637798906	0.644753836
637798907	-0.241042047
637798908	-0.132871355
637798909	-0.067676703
637798910	0.006795987
637798911	-0.053780127
637798912	-0.689814887
637798913	-0.564683919
637798914	-0.541633998
637798915	-0.211278006
637798916	-0.127018952
637798917	0.073119801
637798918	-0.103985536
637798919	0.189854694
637798920	-0.018920505
637798921	-0.156229755
637798922	0.067131639
637798923	-0.075492488
637798924	0.067860119
637798926	0.031883545
637798927	-0.308647446
637798928	-0.247584219
637798929	-0.304798914
637798930	0.047929423
637798931	-0.185172922
637798932	0.079691544
637798933	-0.206578161
637798934	-0.091730599
637798935	0.395531498
637798936	0.054127845
637798937	0.07288258
637798938	-0.102816206
637798939	-0.028314499
637798940	-0.320650711
637798941	-0.312705226
637798942	-0.396606442
637798943	0.008991467
637798944	-0.686429293
637798945	-0.570312925
637798946	-0.479728211
637798947	-0.017859339
637798948	-0.165688522
637798949	0.015902767
637798950	-0.048099729
637798951	0.25788762
637798952	-0.010546386
637798953	0.107400411
637798954	0.277074508
637798955	-0.028487888
637798956	0.089466483
637798957	-0.019510466
637798958	-0.249694178
637798959	1.171709771
637798960	-0.020622453
637798961	-0.148474178
637798962	-0.560821313
637798963	-0.005632927
637798964	0.876076213
637798965	0.510751485
637798966	0.156394413
637798967	-0.027451496
637798968	-0.08640239
637798969	-0.001330673
637798970	0.046812275
637798971	0.001925957
637798972	0.04038997
637798973	0.163573818
637798974	-0.002270869
637798975	0.24826123
637798976	-0.033560218
637798977	0.232757594
637798978	-0.025523185
637798979	0.175385354
637798980	0.052069427
637798981	0.914913308
637798982	-0.030732367
637798983	-0.191923957
637798984	0.115097974
637798985	-0.190055634
637798986	-0.495332463
637798987	-0.308307507
637798988	-0.073214923
637798989	0.315782389
637798990	-0.097340127
637798991	-0.330450078
637798992	-0.565419262
637798993	-0.647303389
637798994	-0.019678941
637798998	-0.177972561
637798999	0.003592781
637799000	-0.192106252
637799001	0.135302186
637799002	0.10401081
637799003	0.039433385
637799004	-0.014845037
637799005	0.247153151
637799006	0.341682386
637799007	0.087814229
637799008	0.111882166
637799009	-0.279403828
637799010	0.981837896
637799011	0.090222441
637799012	-0.178302655
637799013	-0.321998052
637799014	-0.496007716
637799015	-0.694447511
637799016	-0.002131278
637799017	-0.196387777
637799018	0.075518912
637799019	-0.307657685
637799020	-0.280895634
637799021	-0.188690767
637799022	-0.165641281
637799023	-0.251351264
637799024	-0.121991661
637799025	-0.301957363
637799026	-0.093945221
637799027	-0.123021807
637799028	0.04150355
637799029	-0.332499677
637799030	-0.155150361
637799031	0.135652355
637799032	0.148193731
637799033	-0.066140758
637799035	-0.176825225
637799036	-0.145785457
637799037	-0.191746342
637799038	-0.088694849
637799039	0.014122618
637799040	-0.130258748
637799041	-0.012218954
637799042	0.151159366
637799043	-0.38829591
637799044	-0.37751009
637799045	-0.525342796
637799046	-0.485951576
637799047	-0.279570845
637799048	-0.384653175
637799049	-0.122725022
637799050	-0.305919894
637799051	-0.64332983
637799052	-0.243656584
637799053	0.141666331
637799054	0.033718721
637799055	-0.027090762
637799056	0.283949676
637799057	-0.413059512
637799058	-0.249792649
637799059	0.376558887
637799060	0.09687622
637799061	-0.080001292
637799062	-0.145780394
637799063	0.35553658
637799064	-0.060210091
637799065	-0.190820403
637799066	-0.290018906
637799067	0.01109463
637799068	0.044426357
637799069	-0.384732864
637799070	-0.322868401
637799071	0.203717076
637799072	0.065173901
637799073	0.167363924
637799074	0.295208287
637799075	0.096354258
637799076	0.076878979
637799077	-0.023973374
637799078	0.212443017
637799079	-0.317954976
637799080	0.840745617
637799081	0.000994895
637799082	0.189749311
637799083	0.141351483
637799084	0.056811388
637799085	-0.181494202
637799086	-0.382598732
637799087	-0.14876107
637799088	0.015739515
637799089	0.12685201
637799090	-0.157888142
637799091	-0.375199483
637799092	0.708559936
637799093	-0.143214596
637799094	-0.02154132
637799095	-0.097500974
637799096	-0.175365068
637799097	0.359700073
637799098	0.613928242
637799099	0.488626789
637799100	0.083375763
637799101	-0.018239318
637799102	-0.136396956
637799103	0.208169905
637799104	0.46288252
637799105	0.166184787
637799106	-0.097263103
637799107	0.042207878
637799108	-0.093872702
637799109	-0.08438172
637799110	-0.204410255
637799111	-0.272406665
637799112	-0.093367522
637799113	-0.247668976
637799114	-0.078412883
637799115	0.52956584
637799116	0.379120759
637799117	0.202838309
637799118	0.013436795
637799119	-0.061684416
637799121	-0.427895304
637799122	0.160408181
637799123	-0.041970064
637799124	-0.082475207
637799125	0.045980082
637799126	-0.072338917
637799127	0.167898008
637799128	0.151781642
637799129	-0.071906328
637799130	-0.026198322
637799131	-0.208834479
637799132	-0.049791106
637799133	0.357286337
637799134	0.111786392
637799135	-0.082547896
637799136	-0.046301257
637799137	-0.044202799
637799138	-0.071876885
637799139	0.000349684
637799140	-0.083287885
637799141	-0.046370051
637799142	0.030714602
637799143	0.021604597
637799144	0.093517508
637799146	-0.225176298
637799147	-0.237665417
637799148	-0.113674504
637799149	-0.177297049
637799150	-0.085026374
637799151	-0.096330161
637799152	-0.06430022
637799153	0.043658272
637799154	-0.231516228
637799155	0.069429446
637799157	-0.21192121
637799158	0.027127701
637799159	0.03459712
637799160	-0.13662056
637799161	-0.067213855
637799162	-0.126656748
637799163	-0.011230313
637799164	0.077765824
637799165	0.081314554
637799166	0.064461329
637799167	0.046410283
637799168	0.062060677
637799169	0.024462563
637799170	-0.297153224
637799171	0.415534503
637799172	-0.108594118
637799173	-0.341485901
637799174	-0.723982373
637799175	-0.450865846
637799176	-0.507099125
637799177	-0.22128366
637799178	-0.097953284
637799179	-0.094928171
637799180	0.035358208
637799181	0.078097151
637799182	-0.391011144
637799184	0.497814407
637799185	0.362717085
637799186	0.373001107
637799187	-0.226811104
637799188	-0.134722682
637799189	-0.22553153
637799190	-0.098278235
637799191	-0.120946979
637799192	-0.48557575
637799193	0.042053957
637799194	0.133457647
637799195	-0.120821985
637799196	0.110945755
637799197	0.643863202
637799198	-0.001997258
637799199	-0.09372332
637799200	0.185738572
637799201	-0.115182444
637799202	-0.291225981
637799203	-0.056729885
637799204	-0.068242196
637799205	0.113812599
637799206	-0.288283288
637799207	-0.012026427
637799208	0.115674219
637799209	-0.17405779
637799210	-0.018271313
637799211	0.031536779
637799212	0.111319837
637799213	0.753418392
637799214	0.173350536
637799215	-0.119261556
637799216	-0.113758625
637799217	-0.185650677
637799218	-0.014376751
637799220	-0.079316934
637799221	-0.06091036
637799222	-0.066191807
637799223	-0.068399212
637799224	0.252591037
637799225	-0.299831613
637799226	-0.001280127
637799227	0.049068316
637799228	-0.007234903
637799229	0.120986619
637799230	0.098817355
637799231	-0.057095861
637799232	0.086990145
637799233	-0.203696423
637799234	-0.153221466
637799235	-0.745108219
637799236	-0.344211397
637799237	0.031483739
637799238	-0.0747403
637799239	-0.070477239
637799240	0.035755834
637799241	0.07504651
637799242	0.012116912
637799243	-0.418047625
637799244	0.110463861
637799245	-0.024616853
637799246	-0.419613888
637799247	-0.146783465
637799248	0.047633122
637799249	-0.118299979
637799250	1.909597863
637799251	-0.109389903
637799252	0.060544455
637799253	0.049786653
637799254	-0.089339097
637799255	-0.153616085
637799256	-0.263145274
637799257	-0.156570394
637799258	-0.19772193
637799259	-0.220562014
637799260	-0.271601439
637799261	-0.206320589
637799262	0.173326677
637799263	0.215904888
637799264	-0.444653447
637799265	-0.163039868
637799266	-0.689824747
637799267	-0.364342561
637799268	-0.286336665
637799270	-0.223110414
637799271	-0.586113009
637799272	-0.523696909
637799273	-0.592911446
637799274	-0.362641664
637799275	-0.225127206
637799276	-0.182457467
637799277	-0.02101543
637799278	0.211275998
637799279	-0.126765979
637799280	-0.339024537
637799281	-0.068772278
637799282	-0.095604983
637799283	-0.110638209
637799284	-0.049147427
637799285	0.238638103
637799286	-0.135091741
637799287	-0.092258581
637799288	-0.041263607
637799289	-0.329743153
637799290	-0.240535834
637799291	-0.098420786
637799292	-0.174527323
637799293	0.12362488
637799294	0.188311673
637799295	0.268686574
637799296	-0.116932961
637799297	-0.154077719
637799298	-0.265555404
637799299	-0.552872643
637799300	-0.36715436
637799301	-0.448346117
637799302	-0.491917847
637799303	-0.62856913
637799304	-0.125856523
637799305	-0.000407039
637799307	-0.378413203
637799308	-0.174186514
637799309	0.162309171
637799310	-0.074182822
637799311	-0.045118985
637799312	0.066231308
637799313	0.119096942
637799314	0.125474711
637799315	0.383193783
637799316	0.071623417
637799317	-0.557813477
637799318	-0.073432047
637799319	-0.013105715
637799320	-0.072798574
637799321	-0.18743374
637799322	-0.184563713
637799323	-0.542461698
637799324	-0.472277051
637799325	-0.093674783
637799326	-0.138657839
637799327	-0.270348929
637799328	0.011811121
637799329	0.188987813
637799330	0.088736359
637799331	0.035932764
637799332	-0.364615741
637799333	-0.061055632
637799334	-0.180195147
637799335	-0.030993204
637799336	-0.191505268
637799337	-0.075364471
637799338	-0.028936023
637799339	0.104417002
637799340	-0.000679934
637799341	-0.061282585
637799343	-0.112663261
637799344	-0.212844723
637799345	-0.279356459
637799346	-0.492667067
637799347	-0.026436057
637799348	-0.159457529
637799349	-0.150924708
637799350	0.005586111
637799351	-0.072226613
637799352	0.08711972
637799353	-0.295585397
637799354	-0.049026673
637799355	0.097469054
637799356	0.214059021
637799357	-0.072656006
637799358	0.264066829
637799359	-0.231966035
637799360	0.162886792
637799361	-0.124003362
637799362	-0.136710599
637799363	-0.061125998
637799364	-0.165401753
637799366	0.13763898
637799367	-0.043464621
637799368	-0.011580121
637799369	0.19951845
637799370	-0.147797475
637799371	0.264796698
637799372	-0.10390169
637799373	-0.075537256
637799374	-0.179611516
637799375	-0.249912769
637799376	-0.319095188
637799377	0.202070305
637799378	-0.259871259
637799379	0.087628952
637799380	-0.120222315
637799381	-0.174269556
637799382	0.011012416
637799383	-0.148302907
637799384	0.086855637
637799385	-0.006618924
637799386	-0.176229074
637799387	0.341819066
637799388	-0.009470498
637799389	0.011085539
637799390	0.334625074
637799391	0.022548728
637799392	0.17538558
637799393	-0.083380414
637799394	0.007625224
637799395	0.058892828
637799396	-0.484983264
637799397	-0.217527357
637799398	0.069234642
637799399	-0.052024901
637799400	0.227980774
637799401	0.01117369
637799402	0.182388346
637799403	-0.052813821
637799404	0.008131275
637799405	-0.000516169
637799406	-0.235208798
637799407	-0.089605576
637799408	0.550112047
637799409	-0.213687189
637799410	-0.076735205
637799411	0.145583772
637799412	-0.242834597
637799413	0.112290081
637799414	0.006001692
637799415	-0.117042011
637799416	-0.452512935
637799417	-0.167033928
637799418	-0.434878743
637799419	-0.246292134
637799420	-0.299952492
637799422	-0.049391315
637799423	0.068173048
637799424	-0.198313315
637799425	0.031400893
637799426	-0.075808445
637799427	-0.098397309
637799428	-0.119538371
637799429	0.055290228
637799430	0.059398727
637799431	0.121124226
637799432	0.277090144
637799433	-0.170340536
637799434	0.05374392
637799435	0.002603136
637799436	-0.012935263
637799437	-0.171902155
637799438	-0.240856061
637799439	0.149976593
637799440	0.217786653
637799441	0.004066279
637799442	0.078034463
637799443	-0.006104052
637799444	0.046115147
637799445	0.015251629
637799448	-0.036366065
637799449	-0.096612998
637799450	0.011919309
637799451	-0.471160967
637799452	-0.365543037
637799453	-0.002518846
637799454	0.135616275
637799455	0.077220592
637799456	0.171546642
637799457	-0.063999255
637799458	-0.295105
637799459	-0.040122476
637799460	-0.19417742
637799461	-0.503212143
637799462	0.187145092
637799463	0.107697279
637799464	0.245799458
637799465	-0.029592775
637799466	0.00628041
637799467	-0.155287848
637799468	-0.284752515
637799469	0
637799470	0
637799471	-0.169398685
637799472	-0.148875531
637799473	0.094513679
637799474	0.012199676
637799475	-0.002897117
637799476	0.076073415
637799477	0.078116713
637799478	0.206089279
637799479	0.270893153
637799480	0.135660563
637799481	0.26603867
637799482	0.20823915
637799483	0.455468935
637799484	0.628754393
637799485	0.359225978
637799486	0.16195221
637799489	-0.040891492
637799490	0.085201723
637799491	0.102188952
637799492	-0.373884588
637799493	-0.055427777
637799494	0.064982514
637799495	0.022092915
637799497	-0.120800693
637799498	-0.07534759
637799499	-0.002704209
637799500	0.012938867
637799501	-0.251295114
637799502	0.013658023
637799503	-0.175464941
637799504	0.03137989
637799505	-0.104302263
637799506	-0.209934393
637799508	-0.183751234
637799509	-0.062350226
637799510	0.02241522
637799511	0.109881542
637799512	-0.495404322
637799513	-0.26833105
637799514	-0.397565008
637799515	0.060776684
637799516	0.064133551
637799517	0.517266769
637799518	-0.060088036
637799519	0.008975565
637799520	0.294607506
637799521	0.559823751
637799522	0.379197142
637799523	-0.287653165
637799524	-0.014589689
637799525	-0.007934621
637799526	-0.024553046
637799527	-0.28185208
637799528	0.054024648
637799529	0.089513104
637799530	0.02466743
637799531	-0.139467943
637799532	-0.230116095
637799533	0.140078302
637799534	0.261576599
637799535	-0.020758778
637799536	0.27431244
637799537	0.293720861
637799538	0.059270842
637799539	0.222193609
637799540	0.16326712
637799541	0.079917711
637799542	-0.436575549
637799543	-0.451606144
637799544	-0.237104331
637799545	-0.191855468
637799546	-0.529512246
637799547	0.029960317
637799548	-0.30167874
637799549	-0.372862567
637799550	-0.01867602
637799551	0.040685907
637799552	-0.082416131
637799553	-0.006044775
637799554	-0.066464164
637799555	0.052675887
637799556	0.08046184
637799557	-0.708056045
637799558	0.026987095
637799559	-0.046907319
637799560	0.378539589
637799561	0.026072514
637799562	-0.152308654
637799563	-0.217618872
637799564	-0.018121499
637799565	-0.112029738
637799566	0.065795487
637799567	0.050618701
637799568	-0.222484456
637799569	-0.18166936
637799570	-0.034495879
637799571	0.192998615
637799572	0.080961284
637799573	0.210883563
637799574	0.590647485
637799575	0.045301599
637799576	0.051332488
637799577	-0.055370576
637799578	-0.352453966
637799579	-0.186670058
637799580	0.085916506
637799581	-0.019621122
637799582	0.655610054
637799583	0.565607451
637799584	0.17659641
637799585	-0.082864828
637799586	0.155222083
637799587	-0.242091426
637799588	0.030289704
637799589	0.095491208
637799590	0.262468818
637799591	0.173488708
637799592	-0.001117255
637799594	-0.087367082
637799595	0.051151898
637799596	-0.125532442
637799597	-0.089814522
637799598	0.213288406
637799599	0.004457511
637799600	0.082713731
637799601	-0.438680169
637799602	-0.324720222
637799603	-0.372062966
637799604	-0.386382647
637799605	-0.139860706
637799606	-0.250543088
637799607	-0.463775212
637799608	-0.278758792
637799609	-0.194905375
637799610	0.013283574
637799611	0.056081233
637799612	0.231150778
637799613	0.02365934
637799614	0.182219375
637799615	-0.259546618
637799616	0.178406457
637799617	0.097538132
637799618	0.029633497
637799619	-0.335013597
637799620	-0.04727689
637799621	0.084961483
637799622	0.390137475
637799623	0.115433359
637799624	-0.036003793
637799625	-0.256423224
637799626	0.060800148
637799627	-0.04538672
637799628	-0.088053373
637799629	-0.043644872
637799630	0.088149079
637799631	-0.067440178
637799632	-0.227400354
637799634	-0.027094641
637799635	-0.297078006
637799636	-0.665341842
637799637	0.101610657
637799638	-0.07251326
637799639	0.132126531
637799640	-0.008404188
637799641	-0.009923078
637799643	-0.045506622
637799644	-0.048359589
637799645	0.445620998
637799646	0.206074176
637799647	-0.031094106
637799648	0.007599281
637799649	0.147130372
637799650	-0.306516359
637799651	-0.070917985
637799652	-0.157328584
637799653	0.035507003
637799654	-0.093413582
637799655	0.183248945
637799656	0.426346503
637799657	0.350347096
637799658	-0.210550079
637799659	-0.125709217
637799660	-0.700449858
637799661	-0.686225378
637799662	-0.20706483
637799663	0.204956533
637799664	0.188539336
637799665	-0.229997957
637799666	-0.567571983
637799667	-0.527662125
637799668	-0.060582808
637799669	-0.412826389
637799670	0.17183295
637799671	0.138077551
637799672	0.021688219
637799673	-0.295551827
637799674	-0.064484849
637799675	-0.066845242
637799676	0.039872614
637799677	0.211530506
637799678	0.130696615
637799679	0.149102512
637799680	0.094033652
637799681	-0.246879064
637799682	-0.152927498
637799683	-0.393649767
637799684	-0.081033896
637799685	-0.178289929
637799687	-0.092054452
637799688	-0.152560596
637799689	-0.059447469
637799690	-0.161689854
637799691	-0.280484741
637799692	-0.228074681
637799693	0.088565198
637799694	-0.07268157
637799695	-0.135961365
637799696	0.102896418
637799697	-0.167099557
637799698	0.221804379
637799699	-0.070683436
637799700	-0.166607451
637799701	-0.131207366
637799702	0.201763134
637799703	0.091217617
637799704	-0.193197938
637799705	0.353464566
637799706	-0.03253352
637799707	-0.297110079
637799708	-0.214526806
637799709	0.016107839
637799710	0.03562557
637799711	-0.041171115
637799712	0.254208107
637799713	0.036521309
637799714	-0.074578617
637799715	-0.020051262
637799716	-0.003172145
637799717	-0.465072526
637799718	0.14231706
637799719	0.02123456
637799720	-0.7218795
637799721	-0.088279623
637799722	-0.05034305
637799723	-0.512176879
637799724	-0.04475016
637799725	0.044927345
637799726	0.090828504
637799727	-0.193516107
637799728	-0.183878006
637799729	0.156195065
637799730	0.001007684
637799731	0.10484331
637799732	-0.34479341
637799733	-0.263029413
637799734	-0.463433569
637799735	-0.08846756
637799737	0.073843647
637799738	-0.256677317
637799739	-0.163595009
637799740	0.06959744
637799741	-0.119058009
637799742	-0.150690097
637799743	-0.076742839
637799744	-0.247538008
637799745	0.131022235
637799746	-0.200161267
637799747	0.190885671
637799748	0.277927245
637799749	0.077687049
637799750	0.05603108
637799751	0.159689423
637799752	-0.191892793
637799753	0.104668772
637799754	-0.081159922
637799755	-0.043583542
637799756	-0.148461759
637799757	-0.077725835
637799758	0.031786409
637799759	-0.019966118
637799760	-0.176275328
637799761	-0.027115176
637799762	-0.007348756
637799763	1.166033449
637799764	0.120660996
637799765	0.179914425
637799766	-0.0478915
637799767	0.34252023
637799768	0.323139941
637799769	-0.271457747
637799770	-0.237363909
637799771	-0.224470121
637799772	-0.075737971
637799773	-0.303742802
637799774	-0.447728339
637799775	-0.340311438
637799776	-0.302741626
637799777	-0.226730982
637799778	-0.016876701
637799779	0.106341079
637799780	0.111309835
637799781	-0.064687839
637799782	-0.180540818
637799783	0.062250129
637799784	0.087937279
637799785	0.176522798
637799786	-0.164590172
637799787	-0.204677554
637799788	-0.136037345
637799789	0.193180989
637799790	-0.162156199
637799791	-0.032280789
637799793	-0.031067198
637799794	-0.308125465
637799795	-0.110339788
637799796	-0.406834649
637799797	0.181559248
637799798	-0.097466978
637799799	-0.039738767
637799800	0.208130414
637799801	-0.254088275
637799802	0.174124876
637799803	0.375755496
637799804	-0.021668591
637799805	-0.550990145
637799806	0.188355365
637799807	0.014931155
637799808	-0.00744486
637799809	-0.216736851
637799810	0.260773956
637799811	-0.147956002
637799812	0.260452607
637799813	-0.374716413
637799814	0.07546464
637799815	-0.710225246
637799816	0.138035505
637799817	-0.106895284
637799818	0.006530339
637799819	0.036112323
637799820	-0.258332644
637799821	-0.032644829
637799822	-0.326628029
637799823	0.409296363
637799824	-0.13860833
637799825	0.002192317
637799826	-0.180607508
637799827	0.113102455
637799828	0.070354422
637799829	0.642839072
637799830	-0.057814356
637799831	-0.078002152
637799832	-0.241811658
637799833	-0.20805332
637799834	0.44761268
637799835	0.001983003
637799836	0.095662227
637799837	-0.01827008
637799838	0.17276024
637799839	0.011594255
637799840	0.012732376
637799841	0.05917043
637799842	-0.095191926
637799843	0.380129078
637799844	0.445261158
637799845	0.163513287
637799846	-0.349485778
637799847	-0.388504074
637799848	-0.005101362
637799849	0.001934808
637799850	-0.319773181
637799851	0.019084201
637799852	0.177005712
637799853	-0.687111159
637799854	-0.974639047
637799855	-0.77700563
637799856	-0.287049442
637799857	-0.221378622
637799858	-0.666292511
637799859	-0.49418322
637799860	-0.052683725
637799861	0.14848534
637799862	-0.08938172
637799863	0.196272987
637799864	-0.087881329
637799865	0.158367305
637799866	-0.200949884
637799867	-0.248900351
637799868	-0.041658497
637799869	0.202016632
637799870	-0.245368659
637799871	-0.654742412
637799872	-0.072351778
637799873	-0.130645117
637799874	-0.069645652
637799875	-0.338817614
637799876	0.124196105
637799877	0.015090477
637799878	0.272633386
637799879	-0.362064114
637799880	-0.223484172
637799881	-0.017545773
637799882	0.051518492
637799883	-0.182032044
637799884	0.121313374
637799885	-0.318611725
637799886	-0.180814224
637799887	-0.090961275
637799888	0.013876239
637799889	-0.110818705
637799890	-0.03865874
637799891	0.075402068
637799892	0.30061527
637799893	0.181159042
637799894	-0.21189893
637799895	-0.021506069
637799896	-0.299778958
637799897	-0.441296184
637799898	0.20160838
637799899	0.113289338
637799900	-0.384175809
637799901	-0.195424422
637799902	-0.041676602
637799903	-0.206385049
637799904	-0.339831762
637799905	0.018103116
637799906	0.041118235
637799907	-0.064834298
637799908	-0.080511042
637799909	-0.113130294
637799910	-0.258436468
637799911	-0.502148852
637799912	0.043147592
637799913	-0.237700608
637799914	-0.1092368
637799915	0.03013182
637799916	-0.3502019
637799917	-0.344322243
637799918	-0.346750825
637799919	-0.268493505
637799921	-0.017571224
637799922	-0.169552028
637799923	-0.052122046
637799924	0.056544561
637799925	0.08955403
637799926	-0.064118698
637799927	-0.081968871
637799928	-0.03291016
637799929	-0.179935645
637799930	0.05381904
637799931	-0.134392841
637799932	0.402723405
637799933	-0.084696594
637799934	-0.364991251
637799935	-0.063151166
637799936	0.065467584
637799937	0.222509631
637799938	-0.161957456
637799939	0.102258694
637799940	-0.255615618
637799941	-0.265155567
637799942	-0.135126667
637799943	0.296300327
637799944	-0.067276365
637799945	-0.244152029
637799946	-0.256732048
637799947	-0.140037815
637799948	-0.031874794
637799949	0.334128098
637799950	0.266291758
637799951	0.044798807
637799952	-0.310987264
637799953	-0.320155061
637799954	-0.274307009
637799955	-0.069273199
637799956	-0.146858388
637799957	0.062675151
637799958	-0.606975465
637799959	0.146677925
637799960	0.223182816
637799961	0.414243256
637799962	0.037883568
637799963	-0.077724077
637799964	-0.198768359
637799965	-0.019846717
637799966	0.171208832
637799967	-0.256435431
637799968	0.098083682
637799969	0.116200248
637799970	-0.018634582
637799971	0.019845938
637799972	-0.040325712
637799973	-0.158513738
637799974	-0.114913304
637799975	-0.035649064
637799976	-0.113163658
637799977	0.162468268
637799978	0.054038417
637799979	0.192553746
637799980	-0.122229845
637799981	-0.117592095
637799982	0.066403261
637799983	0.226309217
637799984	0.148553007
637799985	-0.432496724
637799986	-0.077871408
637799987	-0.235180266
637799988	-0.191887125
637799989	0.657961583
637799990	1.15305244
637799991	-0.160813837
637799992	0.113852057
637799993	0.145598196
637799994	-0.569048926
637799995	-0.615709127
637799996	-0.164980867
637799997	-0.021036872
637799998	-0.097130392
637799999	0.081432706
637800000	0.949507573
637800001	-0.233698392
637800002	-0.287253406
637800003	-0.349497617
637800004	0.180720058
637800005	0.743862364
637800006	0.682170885
637800007	0.652744441
637800008	0.051843129
637800009	0.117626287
637800010	-0.163072767
637800011	0.018982526
637800012	0.098872356
637800013	-0.063621885
637800014	0.061372828
637800015	0.134640516
637800016	-0.035200652
637800017	-0.109400039
637800018	-0.093976934
637800019	-0.079634618
637800020	0.609955677
637800021	-0.323599499
637800022	-0.016714281
637800023	-0.163921011
637800024	-0.14444513
637800025	-0.159915878
637800026	-0.387648053
637800027	-0.316711482
637800028	-0.176715235
637800029	-0.785762109
637800030	-0.176440872
637800031	-0.175497323
637800032	0.060245889
637800033	-0.056884801
637800034	0.021978857
637800035	0.159581869
637800037	0.078236905
637800038	0.072999599
637800039	0.108454583
637800040	-0.534863386
637800041	-0.150267251
637800042	-0.11876685
637800043	-0.637898916
637800044	0.784523798
637800045	1.162876834
637800046	1.102594073
637800047	-0.630546354
637800048	-0.130244731
637800049	-0.452934496
637800052	-0.401996651
637800053	-0.297304974
637800054	-0.150038293
637800055	-0.117945678
637800056	-0.081405441
637800057	0.182243775
637800058	0.109854629
637800059	0.296671927
637800060	0.063740714
637800061	0.049026539
637800062	-0.038942173
637800063	0.082482431
637800064	-0.268511776
637800065	0.127409894
637800066	0.74192145
637800067	0.488864997
637800068	-0.033349366
637800070	-0.546985492
637800071	-0.071089292
637800072	0.02581147
637800073	0.269735279
637800074	-0.051808099
637800075	-0.370759874
637800076	-0.051773159
637800077	-0.073678423
637800078	-0.118484221
637800079	-0.02836114
637800080	0.187440125
637800081	0.089284117
637800082	0.050331999
637800083	0.546571266
637800084	0.149059947
637800085	-0.108972725
637800086	-0.394765898
637800087	-0.17186893
637800088	-0.201988853
637800089	-0.199057953
637800090	0.231506132
637800091	0.293298965
637800092	0.249122274
637800093	0.861945701
637800094	-0.006236779
637800095	-0.083812614
637800096	-0.00202493
637800097	0.19003874
637800098	2.035258871
637800099	-0.068752877
637800101	0.084131282
637800102	-0.187280963
637800103	-0.022764888
637800104	0.077258283
637800105	-0.029628004
637800106	0.580651609
637800107	0.167745314
637800108	0.214494958
637800109	0.280095042
637800110	0.043920458
637800111	-0.355612856
637800112	-0.287364465
637800113	0.067364082
637800114	-0.141841116
637800115	0.000517512
637800116	-0.121499614
637800117	-0.239761219
637800118	-0.569512418
637800119	-0.493328945
637800120	-0.122540791
637800121	-0.083538629
637800122	-0.073246515
637800123	-0.194421204
637800124	0.138988948
637800125	0.071643954
637800126	0.154121853
637800127	-0.242213701
637800128	0.033314235
637800129	0.059672468
637800130	0.118437451
637800131	-0.104934105
637800132	-0.038192033
637800133	-0.423391966
637800134	0.234274005
637800135	0.131533962
637800136	-0.03308057
637800137	0.18593442
637800138	-0.143639166
637800139	0.210299298
637800140	0.287275298
637800141	-0.204438336
637800142	0.091290922
637800143	-0.425131254
637800144	-0.162502735
637800145	-0.374047014
637800146	0.027209644
637800147	0.019897997
637800148	-0.609346831
637800149	-0.369009185
637800150	-0.315192799
637800151	-0.193105924
637800152	0.159985359
637800153	-0.109827576
637800154	0.058979671
637800156	-0.146147743
637800157	-0.108278457
637800158	-0.177420534
637800159	0.091881956
637800160	-0.065467606
637800161	-4.79E-05
637800162	-0.070072
637800163	-0.068978522
637800164	0.063967266
637800165	-0.257523969
637800166	-0.159647337
637800167	0.121421766
637800168	0.156934086
637800169	0.164464784
637800170	-0.195156536
637800171	-0.065694924
637800172	-0.201903713
637800173	-0.15499314
637800174	-0.039471543
637800175	-0.256082183
637800176	-0.038252364
637800177	-0.089222661
637800178	-0.146772433
637800179	0.100875601
637800180	0.104149137
637800181	-0.616926406
637800182	-0.00805763
637800183	-0.133842338
637800184	-0.036626569
637800185	-0.391574623
637800186	0.105476216
637800187	0.100558814
637800188	0.056373821
637800189	0.164985372
637800190	0.142868882
637800191	-0.140405166
637800192	0.051200222
637800194	0.057225803
637800195	-0.153981922
637800197	0.237400528
637800198	1.492530534
637800199	0.132792331
637800200	-0.297184417
637800201	-0.127392576
637800202	-0.031742262
637800203	0.126475563
637800204	0.121258861
637800205	-0.20310849
637800206	0.049147859
637800207	-0.098755962
637800208	-0.052621169
637800209	0.434989154
637800210	0.308056558
637800211	0.050875097
637800212	-0.088137079
637800213	-0.308139131
637800214	-0.238305559
637800215	-0.367806203
637800216	-0.090531961
637800217	0.167272536
637800218	0.243958894
637800219	-0.221840641
637800220	0.092000371
637800221	0.050937023
637800222	-0.309438114
637800223	0.021631437
637800224	-0.016670649
637800225	1.349335066
637800226	-0.065528783
637800227	-0.218482805
637800228	-0.323433387
637800229	0.003624858
637800230	-0.097978675
637800231	-0.090906629
637800232	0.107145371
637800233	-0.301240413
637800234	-0.201414025
637800235	-0.043449686
637800236	-0.23654348
637800237	0.005058441
637800238	-0.06358644
637800239	0.136007766
637800240	-0.054998756
637800241	-0.394566565
637800242	-0.013560326
637800243	-0.20294917
637800244	-0.149447516
637800245	0.282339802
637800246	0.026880405
637800247	0.055082269
637800248	0.045234678
637800249	0.216218915
637800250	-0.140789092
637800251	0.026924128
637800252	-0.317211789
637800253	0.126338733
637800254	-0.043558636
637800255	0.015361513
637800256	0.10100549
637800257	0.072810823
637800258	-0.034229724
637800259	0.163373333
637800260	0.02767032
637800261	0.333889002
637800262	-0.220634824
637800263	-0.291576219
637800264	-0.091658727
637800265	0.084267731
637800266	-0.031921608
637800267	-0.11014932
637800268	0.40557659
637800269	0.32140999
637800270	0.121303018
637800271	0.647800738
637800272	-0.072040911
637800273	-0.433440423
637800274	-0.159670984
637800275	-0.076185364
637800276	-0.03890089
637800277	-0.01567495
637800278	0.219776224
637800279	0.387623828
637800280	-0.024104071
637800281	-0.214033233
637800282	-0.010299667
637800283	0.078177884
637800284	-0.002187669
637800285	-0.282292063
637800286	-0.47798063
637800287	-0.172984008
637800288	-0.248470156
637800289	-0.146347336
637800290	1.49248369
637800291	0.239729237
637800292	-0.53313446
637800293	-0.398848823
637800294	-0.270046285
637800295	-0.135803436
637800296	-0.116418262
637800297	0.012033769
637800298	-0.045484905
637800299	0.267794997
637800300	0.12316836
637800301	-0.049693522
637800302	0.130685551
637800303	-0.528590514
637800304	-0.194800722
637800305	-0.156329771
637800306	0.088816903
637800307	-0.098307021
637800308	0.057164366
637800309	-0.073657801
637800310	-0.238228652
637800311	-0.130156804
637800312	0.099201259
637800313	-0.02119386
637800314	-0.049239536
637800315	-0.19839682
637800316	-0.025585787
637800317	0.268261113
637800318	0.174366802
637800319	0.080446627
637800320	0.120282587
637800321	0.252581168
637800322	0.041906882
637800323	-0.398098568
637800324	-0.205563274
637800325	-0.009597438
637800326	-0.293211908
637800327	-0.097338307
637800328	-0.299081992
637800329	-0.031508189
637800330	-0.066493645
637800331	-0.052938175
637800332	-0.54442289
637800333	0.083311597
637800334	0.259252826
637800335	0.033180207
637800336	0.2058214
637800337	0.084480455
637800338	-0.126383336
637800339	-0.418749629
637800340	-0.199480179
637800341	-0.170769736
637800342	-0.060771509
637800343	-0.022509724
637800344	-0.178961416
637800345	-0.172222264
637800346	-0.106562218
637800347	-0.000544128
637800348	0.014533383
637800349	-0.134265893
637800350	-0.0375169
637800351	-0.379259071
637800352	-0.349046757
637800353	-0.035917538
637800354	0.013930123
637800355	-0.117646688
637800356	0.421528994
637800357	-0.174029042
637800358	-0.089815174
637800359	-0.124653755
637800360	0.007642835
637800361	-0.039968215
637800362	-0.427130223
637800363	0.182765195
637800364	0.0344468
637800365	-0.537957821
637800366	0.010219093
637800367	-0.218298561
637800368	-0.220956201
637800369	-0.243844803
637800370	-0.24292136
637800371	-0.117941531
637800372	-0.094431678
637800373	-0.029574911
637800374	-0.326451955
637800375	-0.260259204
637800376	-0.305608051
637800377	0.226290718
637800378	0.121021405
637800379	-0.037651708
637800380	0.10829561
637800381	0.014007006
637800382	1.12E-01
637800383	0.011113174
637800384	-0.09350342
637800385	-0.001562059
637800386	-0.25866116
637800387	-0.111082158
637800389	0.037879614
637800390	0.053892138
637800391	-0.199924535
637800392	0.489302491
637800393	0.445301514
637800394	-0.172103674
637800395	-0.331991592
637800396	-0.13663697
637800397	-0.323575003
637800398	-0.403181661
637800399	-0.427356989
637800400	0.211599297
637800401	0.388112505
637800402	-0.162025317
637800403	0.37331299
637800404	0.076998074
637800405	0.01817882
637800406	-0.180322429
637800407	-0.16187985
637800408	-0.094894831
637800411	0.027231894
637800412	-0.171781146
637800413	0.211101495
637800414	-0.605981562
637800415	0.086912004
637800416	0.238342293
637800417	0.02318923
637800418	-0.396869107
637800419	1.05E-01
637800420	0.378603933
637800421	0.690535906
637800422	-0.200968512
637800423	-0.182315549
637800424	-0.318345743
637800425	-0.063940914
637800426	-0.08356508
637800427	-0.31289415
637800428	-0.635788028
637800429	-0.393337262
637800430	0.02266673
637800431	0.094650941
637800432	1.090920542
637800433	-0.349777268
637800434	0.007702172
637800435	0.163069475
637800436	0.750839065
637800437	0.032374645
637800438	0.176720138
637800439	0.064834133
637800440	0.080780823
637800441	-0.075857301
637800442	-0.693617325
637800443	-0.003130216
637800444	0.445354847
637800445	-0.206327714
637800446	-0.044484155
637800447	0.246183081
637800448	-0.468753492
637800449	-0.194539937
637800450	-0.048047301
637800451	0.056839392
637800452	0.060098263
637800453	-0.176782707
637800454	0.145796072
637800455	-0.083644081
637800456	0.054240246
637800457	0.085281527
637800458	-0.075262391
637800459	-0.241205844
637800460	-0.136486865
637800461	-0.007872839
637800462	-0.033335122
637800463	0.042619307
637800464	-0.084526981
637800465	-0.001722184
637800466	-0.005442939
637800467	0.026732511
637800468	-0.032865461
637800469	0.001685756
637800470	-0.105087866
637800471	-0.246154654
637800472	-0.288400835
637800473	0.08812858
637800474	0.417154382
637800475	-0.271038311
637800476	-0.171329862
637800477	0.104937375
637800478	-0.031423265
637800479	0.013676026
637800480	0.096327738
637800481	-0.013434611
637800482	0.111540428
637800483	-0.425389632
637800484	0.168710445
637800485	0.039264187
637800486	0.068727459
637800487	-0.130038293
637800488	-0.278905949
637800489	-0.163859328
637800490	0.129384016
637800491	0.457217644
637800492	0.201315686
637800493	-0.057420535
637800494	0.000159879
637800495	0.043412899
637800496	0.091557126
637800497	-0.209143475
637800498	0.200604904
637800499	-0.17725151
637800500	0.063835019
637800501	0.075292658
637800502	-0.287534156
637800503	-0.083331474
637800504	0.266797452
637800505	-0.036627288
637800506	-0.332457489
637800507	0.034677538
637800508	-0.02869381
637800509	-0.39661957
637800510	0.087100549
637800511	0.12084385
637800512	-0.110038973
637800513	0.271506117
637800514	0.1106585
637800515	0.147574686
637800516	0.179539016
637800517	-0.084213893
637800518	-0.149854967
637800519	-0.059627896
637800520	-0.03224666
637800521	0.067360739
637800522	-0.051389657
637800523	0.158286889
637800524	0.7594008
637800525	0.338086221
637800526	-0.228698857
637800527	0.830429109
637800528	0.075740734
637800529	-0.039050012
637800530	-0.318981613
637800531	-0.595444431
637800532	-0.189845005
637800533	-0.020648644
637800534	-0.235099002
637800535	-0.48758421
637800536	-0.13079106
637800537	-0.044546931
637800538	0.038795207
637800539	0.084005628
637800540	0.030167938
637800541	0.169272313
637800542	0.076824219
637800543	-0.061684886
637800544	0.092434556
637800545	-0.081692807
637800546	-0.118915169
637800547	-0.110322948
637800548	0.431737642
637800549	-0.056960554
637800550	-0.417645739
637800551	-0.47798517
637800552	-0.76579024
637800553	0.034266072
637800554	0.076136554
637800555	0.022387779
637800556	-0.244180257
637800557	-0.166985439
637800558	-0.113744613
637800559	-0.037952164
637800560	0.084728186
637800561	-0.02415813
637800562	0.131514435
637800563	0.002422854
637800564	-0.288007624
637800565	0.007793037
637800566	0.037316543
637800567	-0.567414941
637800568	-0.090881196
637800569	-0.220578417
637800570	-0.181171447
637800571	-0.371258416
637800572	0.207444696
637800573	-0.51836647
637800574	-0.05577652
637800575	-0.225659428
637800576	-0.219392806
637800577	-0.010046042
637800578	-0.034419733
637800579	-0.022798727
637800580	-0.059656426
637800581	-0.235058395
637800582	-0.138923341
637800583	-0.358504795
637800584	-0.470347973
637800585	0.026629401
637800586	-0.202919321
637800587	-0.027724544
637800588	-0.173362892
637800589	0.116510612
637800590	0.049573626
637800591	0.018970622
637800592	0.015203707
637800593	-0.035557875
637800594	-0.188011529
637800595	-0.019647225
637800596	0.369835612
637800597	0.39438647
637800598	-0.215459275
637800599	-0.290989428
637800600	-0.202566105
637800601	-0.604665392
637800602	-0.231842057
637800603	-0.311604313
637800604	-0.104765307
637800605	-0.045707568
637800606	-0.249660683
637800607	0.033715002
637800608	-0.141449001
637800609	-0.02786422
637800610	0.104366773
637800611	-0.021875509
637800612	-0.132330422
637800613	-0.12175738
637800614	0.110236963
637800615	-0.206718234
637800616	-0.149238334
637800617	0.128934441
637800618	0.102467707
637800619	0.218769422
637800620	0.378266799
637800621	0.314991232
637800622	0.130544743
637800623	-0.080972272
637800624	0.072565702
637800625	0.033759845
637800626	0.131383485
637800627	0.028655571
637800628	-0.025437839
637800629	0.061883847
637800630	0.550384253
637800631	-0.034909822
637800632	0.225140082
637800633	0.396898065
637800634	0.021445131
637800635	0.160355269
637800636	-0.017288603
637800637	0.215199495
637800638	0.001452238
637800639	-0.140714247
637800640	0.056179033
637800641	0.387737792
637800642	0.0166715
637800643	0.051713486
637800644	0.357162459
637800645	0.617277351
637800646	0.311298618
637800647	0.258998584
637800648	-0.018896974
637800650	-0.054559029
637800651	0.022790814
637800652	-0.069783252
637800653	-0.09844046
637800654	-0.211442619
637800655	-0.235911559
637800657	-0.370817836
637800658	-0.487645888
637800659	-0.227701162
637800660	-0.114831342
637800661	-0.311504306
637800662	-0.218136096
637800663	-0.047990476
637800664	-0.198118396
637800665	-0.157592887
637800666	-0.078518438
637800667	-0.390177582
637800668	-0.259199924
637800669	-0.15960974
637800670	-0.301663497
637800671	-0.040619613
637800672	-0.237179875
637800673	-0.16673799
637800674	-0.236025951
637800675	-0.141139762
637800676	-0.430712736
637800677	-0.26371273
637800678	-0.325384086
637800679	-0.462964562
637800680	-0.227011794
637800681	-0.407450716
637800682	-0.193590238
637800683	0.00310037
637800684	0.158048828
637800685	0.130831971
637800686	-0.243094951
637800687	-0.057782242
637800688	-0.034840534
637800689	0.035656848
637800690	0.093694027
637800691	-0.370013454
637800692	-0.477861475
637800693	-0.100526353
637800694	-0.008711888
637800695	0.307902931
637800696	-0.075693004
637800697	-0.02647222
637800698	-0.040443169
637800699	-0.143267469
637800700	0.055553352
637800701	0.455643826
637800702	0.151679868
637800703	-0.134066865
637800704	-0.459366844
637800705	-0.130768697
637800706	-0.076344913
637800707	-0.141494479
637800708	0.091948922
637800709	-0.123394031
637800710	0.011048979
637800711	-0.168592643
637800712	-0.069301463
637800713	0.074597343
637800714	1.22272249
637800715	0.032164515
637800716	0.173942298
637800717	0.087598787
637800718	-0.25272945
637800719	-0.013688011
637800720	-0.479276676
637800721	-0.010268972
637800722	-0.219859356
637800723	0.179997579
637800724	-0.007445677
637800725	0.21849568
637800726	0.333174896
637800727	0.025712242
637800728	-0.150411192
637800729	-0.012194515
637800730	0.117842743
637800731	0.058706618
637800732	0.326006357
637800733	-0.085167363
637800734	0.233399554
637800735	0.182862359
637800736	0.092518688
637800737	-0.043984091
637800738	-0.016990305
637800740	-0.034299785
637800741	-0.002363375
637800742	-0.118931693
637800743	-0.137203643
637800744	-0.033057041
637800745	0.379106802
637800746	0.029538243
637800747	-0.292771325
637800748	-0.261278718
637800749	0.15954157
637800750	0.113284122
637800751	-0.0135377
637800752	-0.142057032
637800753	0.04463755
637800754	0.585841672
637800755	0.49769969
637800756	0.335934194
637800757	-0.559608694
637800758	-0.090470447
637800759	-0.179879894
637800760	-0.047469135
637800761	0.686263527
637800762	0.663970452
637800763	-0.991865009
637800764	-0.707643319
637800765	0.290979715
637800766	-0.11756574
637800767	0.128691454
637800768	-0.103916064
637800769	0.127963555
637800770	0.206930905
637800771	0.144394227
637800772	0.082046917
637800773	-0.122068069
637800774	0.730372224
637800775	-0.146837334
637800776	0.117345527
637800777	0.07194501
637800778	0.045039895
637800779	-0.0482834
637800780	-0.073119074
637800781	0.85752403
637800782	0.834505648
637800783	0.956486188
637800784	1.441806932
637800785	0.127631512
637800786	-0.058888858
637800787	-0.23177696
637800788	-0.02918875
637800789	-0.023704437
637800790	-0.217184421
637800791	-0.313696201
637800792	-0.233762202
637800793	-0.164724735
637800794	0.192145198
637800795	0.076466077
637800796	0.006553261
637800797	0.143838757
637800798	-0.300997485
637800799	0.023120864
637800800	0.236971748
637800801	0.23527264
637800802	-0.245648323
637800803	-0.017225594
637800804	-0.049671995
637800805	-0.09034296
637800806	-0.3089233
637800807	-0.437413576
637800808	-0.158944046
637800809	-0.055640119
637800810	0.091082648
637800811	0.057841039
637800812	0.000882085
637800813	-0.126863563
637800814	-0.112096197
637800815	0.068467018
637800816	-0.179495157
637800817	0.001174353
637800818	-0.066267638
637800819	0.031407785
637800820	0.112229907
637800821	-0.097455936
637800822	-0.31876443
637800823	-0.255705164
637800824	-0.201491083
637800825	0.198309171
637800826	0.088764248
637800827	0.080881863
637800828	0.048310047
637800829	-0.07842068
637800830	-0.035924727
637800831	-0.044212272
637800832	0.809811539
637800833	0.498967705
637800834	0.301086549
637800835	0.428259823
637800836	0.869180989
637800837	0.19558563
637800838	-0.227137871
637800839	0.018485787
637800840	-0.651132118
637800841	0.18087388
637800842	0.272882458
637800843	0.148004918
637800844	-0.324875282
637800845	-0.441024456
637800846	-0.038026839
637800847	-0.055377467
637800848	-0.301616589
637800849	-0.213808678
637800850	0.028963415
637800851	-0.310185934
637800852	0.199518982
637800853	0.037458055
637800854	0.247625197
637800855	0.121726584
637800856	-0.128599467
637800857	-0.471758504
637800858	-0.205555979
637800859	-0.263947212
637800860	0.121135636
637800861	0.013478456
637800862	-0.094298547
637800863	-0.122755362
637800864	-0.009605263
637800865	-0.255623461
637800866	0.201476333
637800867	-0.027099633
637800868	-0.026334737
637800869	-0.350670601
637800870	0.148684256
637800871	-0.005954086
637800872	0.394305664
637800873	-0.384908336
637800874	-0.575445489
637800875	0.081399707
637800876	-0.123853518
637800877	0.207161266
637800878	0.145142849
637800879	0.327868382
637800880	0.059364275
637800881	0.054688648
637800882	-0.273770349
637800883	0.137853924
637800884	-0.341669415
637800885	-0.119260719
637800886	-0.059984743
637800887	-0.016402459
637800888	0.003877299
637800889	-0.300848207
637800890	-0.064204675
637800891	-0.466737872
637800892	-0.439776821
637800893	0.094274974
637800894	-0.195389394
637800895	0.04916023
637800896	-0.011239943
637800897	-0.407262595
637800898	0.188530603
637800899	0.13441758
637800900	0.178338143
637800901	0.079837775
637800902	0.088195543
637800903	-0.197903245
637800905	-0.06659751
637800906	-0.281676682
637800907	0.298439109
637800908	-0.678055343
637800909	-0.494106616
637800910	0.63364401
637800911	-0.166349246
637800912	-0.789893536
637800913	0.102920749
637800914	0.184579445
637800915	-0.379694957
637800916	-0.333574857
637800917	0.165513748
637800918	-0.213279661
637800919	0.005719694
637800920	-0.139598987
637800921	0.004363404
637800922	0.216685456
637800923	0.248717325
637800924	-0.056471006
637800925	0.029232977
637800926	0.249489552
637800927	-0.020525737
637800928	-1.01526849
637800929	-0.37442776
637800930	-0.389490035
637800931	-0.288722307
637800932	-0.281747886
637800933	-0.042553071
637800934	-0.068215858
637800935	0.053611568
637800936	-0.093623267
637800937	0.046430054
637800938	-0.0700104
637800939	-0.358554226
637800940	-1.513634252
637800941	0.05369517
637800942	-0.073169495
637800943	0.205627733
637800944	0.0113455
637800945	0.125612246
637800946	-0.127120613
637800947	0.691083271
637800948	0.843431442
637800949	0.523077354
637800950	-0.068472251
637800951	-0.065448962
637800952	-0.269416056
637800953	0.073287013
637800954	0.084713422
637800955	0.103984016
637800956	0.291546828
637800957	0.10336034
637800958	-0.009249284
637800959	-0.787341136
637800960	-0.308846627
637800961	-0.445045318
637800962	-0.133779859
637800963	-0.271985398
637800964	0.086572598
637800965	-0.007788283
637800966	0.017315505
637800967	-0.309223887
637800968	0.195210786
637800969	-0.307012047
637800970	-0.287465003
637800971	-0.017713075
637800972	0.070407344
637800973	-0.508659223
637800974	-0.428694646
637800975	-0.121121805
637800976	0.043150151
637800978	-0.046279361
637800979	-0.317591556
637800980	-0.590121506
637800981	-0.238145266
637800982	0.006386743
637800983	0.309872801
637800984	0.040798016
637800985	0.278291152
637800986	-0.07202476
637800987	-0.298748766
637800988	-0.378421689
637800989	-0.288827835
637800990	-0.269870953
637800991	-0.547718582
637800992	0.124276857
637800993	0.088007215
637800994	0.126395733
637800995	-0.277123387
637800996	-0.117021352
637800997	-0.112369141
637800998	0.015936783
637800999	0.028482408
637801000	0.054616955
637801001	0.22487015
637801002	0.126668627
637801003	0.133467997
637801004	0.238499241
637801005	0.690922549
637801006	0.531983108
637801007	0.792894721
637801008	-0.027372118
637801009	-0.096455577
637801010	-0.137098974
637801011	-0.216716186
637801012	-0.03023773
637801013	0.103004477
637801014	-0.506980625
637801015	-0.576140115
637801016	-0.234140651
637801017	-0.311866242
637801018	-0.263001624
637801019	-0.33885673
637801020	-0.42792225
637801021	0.048985922
637801022	-1.083125566
637801023	0.087204346
637801024	0.137961339
637801025	0.096610162
637801029	-0.013767627
637801030	0.072389659
637801031	-0.16447229
637801032	-0.088631946
637801033	-0.319882259
637801034	-0.301710504
637801035	0.041696039
637801036	-0.079944235
637801037	-0.164829179
637801038	-0.043542721
637801040	-0.156378626
637801041	0.069454014
637801042	-0.14149773
637801043	-0.372740533
637801044	1.147858393
637801045	1.378653601
637801046	-0.351089819
637801047	0.32970652
637801048	-0.009240676
637801049	0.125254111
637801050	-0.247998026
637801051	0.110138913
637801052	0.098343787
637801053	-0.048561405
637801054	0.316873129
637801055	0.201804052
637801056	0.334748644
637801057	0.307391722
637801058	0.433294586
637801059	0.268339632
637801060	-0.333191295
637801061	-0.043881398
637801062	-0.432160343
637801063	0.348802897
637801064	-0.183369019
637801065	-0.001122565
637801066	-0.587527881
637801067	0.164421998
640711016	0.035854771
640711017	-0.132002587
640711018	-0.296247178
640711019	-0.066718015
640711020	-0.405739713
640711021	-0.042218335
640711022	0.200529349
640711023	-0.143510134
640711024	0
640711025	0
640711026	0
640711027	0
640711028	0
640711029	0.111261068
640711030	0.263164759
640711031	-0.644329676
640711032	0.342441448
640711033	0.663446042
640711034	-0.18251762
640711035	-0.336562552
640711036	-0.049279625
640711037	-0.032684564
640711038	-0.090817731
640711039	-0.214482604
640711040	0.06929539
640711041	0.269852381
640711042	-0.353185134
640711043	-0.474248139
640711044	0.349059041
640711045	-0.034175344
640711046	0.112061995
640711047	0.004063962
640711048	-0.103507219
640711049	-0.138127672
640711050	-0.233849858
640711051	-0.320894406
640711052	0.018187065
640711053	0.089960286
640711054	0.142789344
640711055	-0.411318202
640711056	0.144031844
640711057	-0.339032383
640711058	-0.029696613
640711059	-0.176729655
640711060	-0.12115991
640711061	-0.471797063
640711062	-0.29176579
640711063	0.163132847
640711064	0.060327655
640711065	0.275687103
640711066	0.200416207
640711067	-0.115581176
640711068	-0.190278706
637798356	-0.019235416
637798357	-0.016176913
637798358	-0.012890603
637798359	-0.073245919
637798360	-0.228376128
637798361	-0.111003321
637798362	-0.033795113
637798363	0.05422608
637798364	-0.109169333
637798365	0.120130533
637798366	-0.001308096
637798367	-0.033533838
637798368	0.112333981
637798369	0.070609733
637798370	-0.055086213
637798371	0.001146743
637798372	-0.166570827
637798373	-0.053532726
637798374	-0.067892143
637798375	-0.048526335
637798376	-0.192764579
637798377	-0.098611882
637798378	-0.178364516
637798379	-0.157720327
637798380	-0.297889359
637798381	-0.070344186
637798382	-0.153538791
637798383	0.25846414
637798384	-0.213506216
637798385	-0.376840486
637798386	0.120524219
637798387	0.027304339
637798388	-0.03434506
637798389	-0.034455445
637798390	0.123778587
637798391	-0.155367016
637798392	-0.102245908
637798393	-0.076683654
637798394	0.130913185
637798395	0.115341906
637798396	-0.091216555
637798397	-0.335007621
637798398	-0.24804504
637798399	-0.018588005
637798400	-0.369259183
637798401	-0.029960985
637798402	-0.370993128
637798403	-0.074950929
637798404	-0.13978436
637798405	-0.01755916
pANS_predictedORF_1	-0.127895647
pANS_predictedORF_2	-0.000969903
pANS_predictedORF_3	0.015386385
pANS_predictedORF_4	-0.034244265
pANS_predictedORF_5	0.013997095
pANS_predictedORF_6	0.102687416
pANS_predictedORF_7	-0.069654013
pANS_predictedORF_8	-0.127895647
