Reporter Identifier	VALUE
637798406	0.114810638
637798407	-0.106143266
637798408	0.045645398
637798409	-0.852041801
637798410	0.274382026
637798411	-0.063585098
637798412	0.098673075
637798413	-0.19700538
637798414	-0.386897713
637798415	0.14219888
637798416	-0.627113634
637798417	-0.346754953
637798418	-0.291899987
637798419	-0.193229887
637798420	0.085819916
637798421	-0.063732776
637798422	-0.022627074
637798423	-0.38278481
637798424	0.421791198
637798425	0.021833286
637798426	-0.116001655
637798427	-0.174696562
637798428	-0.148898951
637798429	0.329195574
637798430	0.208552966
637798431	-0.123070598
637798432	-0.02990633
637798433	0.52709861
637798434	0.059774424
637798435	-0.049205386
637798436	-0.028231051
637798437	0.474861519
637798438	-0.163419825
637798439	0.05333056
637798440	0.192071595
637798441	0.104518261
637798442	-0.166226799
637798443	-0.119674468
637798444	0.270992328
637798445	0.26160693
637798446	-0.044849584
637798448	-0.528725362
637798449	-0.131814117
637798450	-0.181032438
637798451	0.112257597
637798452	-0.238561449
637798453	-0.215549506
637798454	-0.649321814
637798455	-0.714088912
637798456	-0.084962953
637798457	-0.072316979
637798458	-0.16262649
637798459	-0.190776426
637798460	-0.067237235
637798461	-0.075276883
637798462	0.12507409
637798463	-0.001379124
637798464	0.095444136
637798465	0.126885823
637798466	0.042186914
637798467	0.076500098
637798468	0.015593295
637798469	-0.065494109
637798470	-0.046196707
637798471	0.176372021
637798472	-0.058782799
637798473	-0.088087007
637798474	-0.170948185
637798475	0.416748991
637798476	-0.112814362
637798477	-0.185298673
637798478	-0.174676382
637798479	0.011886014
637798480	0.343734645
637798481	-0.236967917
637798482	-0.076447566
637798483	-0.148850457
637798484	-0.127913465
637798485	0.062053848
637798486	-0.086596795
637798487	-0.045817421
637798488	-0.223816463
637798489	-0.058345235
637798490	-0.050730695
637798491	0.361405861
637798492	0.321708764
637798493	0.260891002
637798494	0.046352512
637798495	-0.043609905
637798496	-0.313316366
637798497	-0.06561956
637798498	-0.499641001
637798499	-0.254638518
637798500	-0.060667666
637798501	0.114173252
637798502	0.272338917
637798503	0.023782254
637798504	-0.126157396
637798505	-0.294033143
637798506	0.496175234
637798507	-0.40565529
637798508	0.097681883
637798509	0.058297036
637798510	-0.05675058
637798511	-0.036586127
637798512	-0.186803717
637798513	-0.066805151
637798514	0.083355524
637798515	0.116608151
637798516	0.109725113
637798517	0.031500435
637798518	0.034264718
637798519	0.212648314
637798520	-0.790711497
637798521	0.006067331
637798522	0.135934953
637798523	0.132683932
637798524	-0.223728987
637798525	-0.187211801
637798526	0.176637238
637798527	-0.0259214
637798528	0.102212533
637798529	-0.028704144
637798530	0.014736679
637798531	-0.049506463
637798532	-0.267150325
637798533	-0.067796314
637798534	0.091230869
637798535	0.12991474
637798536	0.269807514
637798537	0.190115391
637798538	-0.104492871
637798539	0.116510216
637798540	-0.034562617
637798541	-0.027173927
637798542	0.054636731
637798543	-0.284864398
637798544	-0.20289876
637798545	-0.377504128
637798546	-0.145300599
637798547	0.140796954
637798548	-0.103533243
637798549	-0.29853872
637798550	-0.107247848
637798551	0.443725842
637798552	0.026992052
637798553	0.038656413
637798554	0.208819822
637798555	-0.134600524
637798556	-0.182847279
637798557	-0.052557665
637798558	-0.096204981
637798559	-0.172438588
637798560	0.196469911
637798561	0.033926821
637798562	-0.497938036
637798563	0.34871763
637798564	-0.3866989
637798565	-0.015108174
637798566	0.263315997
637798567	-0.329945864
637798568	0.066021418
637798569	0.053574012
637798570	-0.131435819
637798571	-0.108197669
637798572	-0.056101081
637798573	-0.584713122
637798574	-0.090317872
637798575	0.118304898
637798576	0.089495217
637798577	-0.119033576
637798578	-0.048995968
637798579	-0.212309497
637798580	-0.146602105
637798581	0.021462364
637798582	0.045352609
637798583	0.089199714
637798584	-0.010780842
637798585	-0.212942348
637798586	0.23562485
637798587	0.020242172
637798588	-0.066049272
637798589	-0.309933528
637798590	-0.033106075
637798591	0.00980491
637798592	-0.046459125
637798593	0.109156302
637798594	-0.140332578
637798595	-0.003901322
637798596	-0.07215558
637798597	-0.323090841
637798598	-0.393590836
637798599	-0.000742799
637798600	-0.080854137
637798601	0.157646781
637798602	0.28633275
637798603	-0.118566721
637798604	0.332212097
637798605	0.214572569
637798606	0.446690928
637798607	0.290409429
637798608	0.162813437
637798609	0.178919417
637798610	0.161993193
637798611	0.145881641
637798612	0.009743348
637798613	-0.018641027
637798614	-0.126235539
637798615	-0.176662292
637798616	0.015178392
637798617	0.131766579
637798618	-0.142060582
637798619	0.334100891
637798620	-0.326780729
637798621	0.067178921
637798622	0.033894229
637798623	-0.17052639
637798624	-0.28136377
637798625	-0.10312624
637798626	-0.046929112
637798627	-0.007338247
637798628	-0.008543552
637798629	-0.120496488
637798630	-0.267414261
637798631	-0.644069824
637798632	-0.322026424
637798633	-0.118224325
637798634	-0.305470049
637798635	-0.206080397
637798636	0.292879119
637798637	0.131563228
637798638	0.232521866
637798639	-0.140689426
637798640	0.012835984
637798641	-0.084278779
637798642	-0.317699438
637798643	0.022695891
637798644	0.019917336
637798645	-0.052358627
637798646	-0.266553742
637798647	0.137355888
637798648	-0.151438217
637798649	0.109400821
637798650	0.902653226
637798651	0.970780404
637798652	-0.161127379
637798653	-0.020550657
637798654	-0.170636449
637798655	-0.152099228
637798656	-0.073997459
637798657	-0.053842274
637798658	0.32479646
637798659	0.196171886
637798660	-0.236496857
637798661	0.209659537
637798662	0.21410577
637798663	0.069838492
637798664	-0.10810981
637798665	-0.56324689
637798666	-0.140272515
637798667	-0.062246664
637798668	-0.12806835
637798669	-0.186667532
637798670	-0.099040419
637798671	-0.257088182
637798672	-0.086607974
637798673	0.288158689
637798674	-0.168385476
637798675	-0.26715739
637798676	-0.049544774
637798677	-0.096826939
637798678	-0.103759304
637798679	-0.008188829
637798680	0.132764539
637798681	0.005255598
637798682	-0.084146871
637798683	0.115541345
637798684	0.524192902
637798685	0.356835749
637798686	-0.068722483
637798687	0.069158833
637798688	-0.369343345
637798689	0.017158488
637798690	-0.258079314
637798691	-0.603499838
637798692	-0.400524803
637798693	-0.121799159
637798694	-0.228818711
637798695	-0.061351033
637798696	-0.040664223
637798697	0.218987802
637798698	0.032409997
637798699	-0.410702288
637798700	-0.451896505
637798701	-0.791455334
637798702	-0.179359795
637798703	-0.044310998
637798704	-0.070498978
637798705	-0.019589228
637798706	-0.09212236
637798707	-0.115552159
637798708	0.403234176
637798709	-0.009249167
637798710	0.688486237
637798711	0.331652092
637798712	-0.003261917
637798713	0.175788656
637798714	-0.05928873
637798715	0.150232805
637798716	0.149383108
637798717	-0.064342538
637798718	0.434855291
637798719	-0.157746465
637798720	-0.008472731
637798721	-0.239098368
637798722	0.367523364
637798723	0.065733553
637798724	-0.139669235
637798725	0.032391911
637798726	-0.058163621
637798727	-0.262111232
637798728	0.059162224
637798729	0.01024663
637798730	0.011263563
637798731	-0.351979365
637798732	-0.262395445
637798733	-0.171287843
637798734	0.244294968
637798735	-0.19078728
637798736	-0.678630717
637798737	-0.445974913
637798738	-0.682927924
637798739	-0.595834912
637798740	-0.73289511
637798741	-0.577852556
637798742	-0.487652997
637798743	-0.740543889
637798744	-0.10195072
637798745	-0.143280862
637798746	0.05291617
637798747	-0.05978816
637798748	-0.014651138
637798749	-0.380021289
637798750	-0.280862496
637798751	-0.084548217
637798752	-0.077832492
637798753	0.147224237
637798754	0.034451651
637798755	0.106643987
637798756	0.048349921
637798757	-0.183456415
637798758	-0.007449462
637798759	-0.041780851
637798760	-0.121361627
637798761	-0.082784654
637798762	-0.020239625
637798763	0.070037635
637798764	-0.050049758
637798765	-0.19147271
637798766	-0.027095153
637798767	-1.057930107
637798768	-0.312821048
637798769	-0.074981052
637798770	0.114607073
637798771	-0.162168012
637798772	0.082233078
637798773	-0.116016444
637798774	-0.1362729
637798775	0.65932656
637798776	0.596642533
637798777	0.364142491
637798778	-0.074459183
637798779	-0.137317267
637798780	0.073066735
637798781	-0.105335866
637798782	-0.16412096
637798783	-0.789124206
637798784	-0.09897987
637798785	-0.308171441
637798786	0.007808975
637798787	-0.41464288
637798788	-0.043738646
637798789	0.29344804
637798790	0.214485736
637798791	-0.50733237
637798792	0.094656728
637798793	-0.196842157
637798794	-0.151621618
637798795	-0.15044096
637798796	0.210760974
637798797	0.347104316
637798798	-0.141020661
637798799	-0.074019607
637798800	0.165827601
637798801	0.18328143
637798802	-0.134701395
637798803	0.009571131
637798804	-0.205307407
637798805	-0.329870122
637798806	-0.370020305
637798807	0.189457784
637798808	-0.119275323
637798809	-0.357920781
637798810	-0.457444479
637798811	-0.072654551
637798812	0.170034147
637798813	-0.737855274
637798814	0.13196472
637798815	0.092258234
637798816	0.017488732
637798817	-0.01170066
637798818	-0.079234372
637798819	-0.278049933
637798820	0.058004403
637798821	-0.279356856
637798822	-0.128495259
637798823	-0.248211567
637798824	-0.399403699
637798825	-0.441030348
637798826	0.225514573
637798827	-0.223909423
637798828	0.425107387
637798829	0.19691806
637798830	-0.566942028
637798831	-0.596541739
637798832	-0.164159006
637798833	-0.245043514
637798834	-0.114402314
637798835	-0.200443961
637798836	-0.277691252
637798837	0.022765435
637798838	0.088774886
637798839	0.024198701
637798840	-0.272388491
637798841	-0.186554988
637798842	-0.04977572
637798843	0.115111856
637798844	0.132545409
637798845	-0.466900841
637798846	-0.168030592
637798847	-0.071586182
637798848	-0.843091854
637798849	-0.047829489
637798850	0.196420463
637798851	0.123189662
637798852	-0.759785052
637798853	0.066872366
637798854	0.129633535
637798855	-0.109013275
637798856	-0.506078055
637798857	0.014021813
637798858	-0.255295227
637798860	0.014330322
637798861	-0.077877005
637798862	0.151034701
637798863	-0.284625024
637798864	-0.036020579
637798865	0.126769105
637798866	-0.015770127
637798867	-0.168917796
637798868	0.086679775
637798869	0.055643185
637798870	-0.013280347
637798871	-0.517150443
637798872	-1.206627988
637798873	-0.668552497
637798874	0.0522942
637798875	-0.165674859
637798876	-0.392675078
637798877	-0.070618719
637798878	-0.116303745
637798879	0.149646436
637798880	-0.586101154
637798881	-0.792818702
637798882	0.245898743
637798883	0.250519002
637798884	-0.252930756
637798885	-0.057974304
637798886	-0.024852622
637798887	0.166560789
637798888	0.235148231
637798889	-0.717405999
637798890	-0.666773951
637798891	-0.099577018
637798892	-0.170288288
637798893	-0.204033969
637798894	-0.295883959
637798895	0.365717413
637798896	-0.044102478
637798897	0.106101924
637798898	-0.147699088
637798899	-0.150783008
637798900	0.457221636
637798901	-0.06416955
637798902	-0.431090649
637798903	-0.014737371
637798904	-0.175123955
637798905	0.256965563
637798906	0.59446707
637798907	0.484943587
637798908	0.098916497
637798909	0.035548339
637798910	-0.128242692
637798911	-0.077752256
637798912	-1.097103059
637798913	-0.244924636
637798914	-0.618652944
637798915	-0.259781465
637798916	-0.411647621
637798917	-0.058325798
637798918	-0.180310926
637798919	-0.349868821
637798920	0.115643455
637798921	-0.310026285
637798922	0.063726198
637798923	-0.131886178
637798924	0.077748444
637798926	-0.220235058
637798927	0.055197632
637798928	-0.076264076
637798929	-0.166806865
637798930	0.133841277
637798931	0.030097567
637798932	-0.659961226
637798933	0.049549066
637798934	0.013573929
637798935	0.347804609
637798936	0.095255173
637798937	0.237497917
637798938	0.046952635
637798939	0.098466896
637798940	-0.003387181
637798941	-0.067105658
637798942	-0.153049239
637798943	-0.441043707
637798944	-0.474923948
637798945	-0.329231657
637798946	-0.366454935
637798947	0.021226583
637798948	-0.016668602
637798949	0.0573013
637798950	-0.102040865
637798951	0.069332584
637798952	-0.360898117
637798953	-0.096869327
637798954	0.254656701
637798955	-0.164043676
637798956	-0.135809252
637798957	-0.057462519
637798958	0.067565538
637798959	0.093854111
637798960	-0.240133867
637798961	0.056654457
637798962	-0.199129275
637798963	-0.07155932
637798964	0.417164667
637798965	0.251577167
637798966	-0.054991938
637798967	0.0397101
637798968	-0.273620685
637798969	-0.062725332
637798970	0.04128698
637798971	0.054992161
637798972	-0.085190334
637798973	-0.112753064
637798974	-0.047287724
637798975	0.063017712
637798976	-0.538076781
637798977	-0.206383083
637798978	0.203364205
637798979	0.274208369
637798980	0.33212512
637798981	0.452262885
637798982	-0.099206723
637798983	-0.621284763
637798984	0.070154856
637798985	-0.34970792
637798986	-0.551740368
637798987	-0.258390417
637798988	-0.005449463
637798989	0.364477586
637798990	0.00494112
637798991	0.084545515
637798992	-0.354496107
637798993	-0.587976955
637798994	-0.153468779
637798998	-0.24082667
637798999	-0.034677602
637799000	-0.011092627
637799001	0.219964215
637799002	0.214972113
637799003	0.229761943
637799004	-0.063365671
637799005	0.10245835
637799006	-0.109672018
637799007	-0.050974254
637799008	-0.221618
637799009	-0.755816679
637799010	0.963516129
637799011	0.101324586
637799012	-0.068370048
637799013	-0.631337918
637799014	-0.514123774
637799015	-0.551713621
637799016	-0.170390609
637799017	0.043063357
637799018	-0.00101947
637799019	-0.035655245
637799020	-0.345080142
637799021	-0.270159731
637799022	-0.042247332
637799023	-0.209060852
637799024	0.081396871
637799025	-0.086093101
637799026	-0.23203021
637799027	-0.113491584
637799028	0.12378668
637799029	-0.263153385
637799030	-0.294618031
637799031	0.034259764
637799032	0.184942957
637799033	0.034347224
637799035	-0.153586661
637799036	0.031041385
637799037	-0.060099296
637799038	-0.077733543
637799039	0.041226919
637799040	0.045766006
637799041	-0.000796584
637799042	-0.336045318
637799043	0.091489124
637799044	0.207292237
637799045	-0.126070441
637799046	-0.273421304
637799047	0.19009436
637799048	-0.14917337
637799049	-0.073810399
637799050	-0.176301459
637799051	-0.168120693
637799052	-0.002134132
637799053	0.101278308
637799054	-0.098470993
637799055	0.153298027
637799056	0.478872515
637799057	-0.367871119
637799058	-0.210015365
637799059	0.406120351
637799060	0.531045112
637799061	0.249114994
637799062	-0.14773982
637799063	0.107687659
637799064	0.188620417
637799065	-0.313378369
637799066	-0.070500856
637799067	-0.347494565
637799068	-0.425791673
637799069	-0.414990894
637799070	-0.207200012
637799071	-0.329135584
637799072	0.050675557
637799073	-0.098292648
637799074	0.256930009
637799075	0.007962995
637799076	0.049362176
637799077	-0.062261887
637799078	-0.021485954
637799079	-0.849542435
637799080	0.134024741
637799081	-0.216287921
637799082	0.18621076
637799083	0.175229912
637799084	0.15887231
637799085	0.055649338
637799086	-0.55925671
637799087	0.053349096
637799088	-0.129945996
637799089	0.114151723
637799090	0.062755219
637799091	-0.762577115
637799092	0.181401004
637799093	-0.155864602
637799094	-0.250055833
637799095	0.040891715
637799096	-0.179881894
637799097	0.123751612
637799098	0.150037304
637799099	0.308067883
637799100	0.14855476
637799101	0.079436621
637799102	-0.248733424
637799103	-0.074355597
637799104	0.107191554
637799105	0.002800895
637799106	-0.264364897
637799107	-0.170280612
637799108	-0.004377574
637799109	-0.292274318
637799110	0.137843879
637799111	-1.142025245
637799112	-0.259955011
637799113	-0.092078534
637799114	0.071858796
637799115	0.535215592
637799116	0.352945065
637799117	0.347492808
637799118	-0.067173664
637799119	0.08678608
637799121	-0.355651323
637799122	-0.788833166
637799123	-0.02033546
637799124	-0.221056608
637799125	-0.002894837
637799126	-0.045843952
637799127	-0.048479405
637799128	-0.58764559
637799129	0.004679796
637799130	0.038851075
637799131	-0.299051436
637799132	-0.011676455
637799133	-0.162387348
637799134	-0.047342951
637799135	-0.082151406
637799136	0.088008847
637799137	-0.051138976
637799138	-0.06413788
637799139	0.006238166
637799140	0.024631292
637799141	-0.10382638
637799142	-0.02362112
637799143	0.111098625
637799144	0.034589616
637799146	0.00116719
637799147	0.007100917
637799148	-0.061050906
637799149	-0.087311778
637799150	0.006772984
637799151	0.090486361
637799152	0.12959066
637799153	0.107719142
637799154	0.035762979
637799155	0.100100537
637799157	0.350664849
637799158	-0.008506068
637799159	-0.003132535
637799160	-0.207944801
637799161	0.256785824
637799162	-0.183597647
637799163	-0.047516058
637799164	-0.025947271
637799165	0.123634049
637799166	0.094418235
637799167	0.1053881
637799168	-0.056164716
637799169	-0.073471674
637799170	0.326450385
637799171	0.341434347
637799172	0.208389967
637799173	0.098610366
637799174	0.040339204
637799175	0.119644316
637799176	0.032704663
637799177	0.006079601
637799178	0.089060359
637799179	0.126746158
637799180	0.078354639
637799181	0.030603996
637799182	0.158091345
637799184	0.398612411
637799185	0.340541016
637799186	0.305675589
637799187	0.086566871
637799188	0.007873918
637799189	-0.263155827
637799190	-0.226643025
637799191	-0.16691961
637799192	-0.518831525
637799193	0.160647706
637799194	-0.073414446
637799195	-0.129554191
637799196	0.128460388
637799197	0.548721399
637799198	-0.08806913
637799199	0.053946876
637799200	0.066535881
637799201	-0.024908244
637799202	-0.109507391
637799203	-0.134306591
637799204	-0.345997012
637799205	-0.127154049
637799206	-0.44280625
637799207	-0.033222966
637799208	-0.095997156
637799209	-0.36295217
637799210	0.216311694
637799211	0.056917379
637799212	0.262324668
637799213	0.416433595
637799214	-0.005660073
637799215	-0.022564999
637799216	-0.392939407
637799217	-0.160142093
637799218	-0.078195358
637799220	0.076253769
637799221	0.122153444
637799222	0.027688898
637799223	-0.028338479
637799224	0.146392918
637799225	-0.267143815
637799226	-0.038758472
637799227	0.027700496
637799228	-0.013077622
637799229	0.131304574
637799230	0.132196071
637799231	0.076379208
637799232	0.086556091
637799233	0.041598696
637799234	0.042832628
637799235	-0.350317746
637799236	-0.234984486
637799237	-0.156011821
637799238	-0.119332031
637799239	0.127747667
637799240	0.033566433
637799241	-0.059378301
637799242	-0.136772569
637799243	-0.082365122
637799244	0.252893908
637799245	0.175205337
637799246	-0.300839563
637799247	-0.092459519
637799248	-0.207378584
637799249	-0.06820315
637799250	1.936114928
637799251	-0.05925942
637799252	-0.101523759
637799253	-0.00651231
637799254	0.001201687
637799255	-0.165683091
637799256	-0.014025975
637799257	0.07152702
637799258	0.081645644
637799259	-0.405795487
637799260	-0.133946487
637799261	-0.054713095
637799262	0.039299361
637799263	-0.083665548
637799264	-0.12808988
637799265	-0.326922834
637799266	-0.869293542
637799267	-0.078326957
637799268	-0.105478667
637799270	-0.084135913
637799271	-0.802648228
637799272	-0.858265262
637799273	-0.94064275
637799274	-0.46693387
637799275	-0.461392579
637799276	-0.278828146
637799277	0.022533671
637799278	0.229037148
637799279	-0.038730797
637799280	-0.289442401
637799281	-0.07994029
637799282	-0.417319553
637799283	-0.414848253
637799284	-0.236283737
637799285	-0.337717426
637799286	0.115374416
637799287	-0.110485929
637799288	-0.202754035
637799289	-0.064534361
637799290	0.179679729
637799291	-0.144505624
637799292	0.137525995
637799293	0.074517562
637799294	-0.032266454
637799295	-0.063820592
637799296	0.010664456
637799297	-0.006052796
637799298	0.080718758
637799299	-0.402230542
637799300	0.20696147
637799301	-0.68539686
637799302	-0.219387222
637799303	-0.067001345
637799304	0.218392151
637799305	0.136787647
637799307	-0.05940415
637799308	-0.395298522
637799309	0.039132376
637799310	-0.274353905
637799311	0.044204184
637799312	-0.032180657
637799313	-0.024892657
637799314	-0.119268903
637799315	-0.234027871
637799316	0.039550366
637799317	-0.329802296
637799318	0.104557439
637799319	0.047466697
637799320	0.060317068
637799321	-0.152938494
637799322	-0.964824747
637799323	-0.6451367
637799324	0.16196593
637799325	-0.261783543
637799326	-0.194890124
637799327	-0.557234926
637799328	-0.121165981
637799329	0.014407205
637799330	-0.060785357
637799331	0.060477474
637799332	-0.327388375
637799333	-0.149673616
637799334	-0.556031369
637799335	-0.145518878
637799336	-0.294385181
637799337	-0.830062339
637799338	-0.09326253
637799339	-0.086966686
637799340	-0.118692549
637799341	-0.051322685
637799343	-0.071675188
637799344	0.039477773
637799345	-0.203235562
637799346	-0.526444497
637799347	-0.295398594
637799348	-0.238600543
637799349	-0.133022814
637799350	-0.018208506
637799351	-0.067721895
637799352	0.065138828
637799353	0.083188886
637799354	0.151966614
637799355	0.175016539
637799356	0.020568367
637799357	-0.271079759
637799358	-0.062802892
637799359	-0.356438613
637799360	0.1583503
637799361	0.075092379
637799362	-0.082292097
637799363	-0.101508183
637799364	-0.266980155
637799366	0.158377768
637799367	0.231188115
637799368	0.321730645
637799369	0.355238833
637799370	0.1089295
637799371	0.104125516
637799372	0.019318524
637799373	-0.024788802
637799374	-0.081112864
637799375	-0.223135608
637799376	-0.063841573
637799377	0.070504181
637799378	-0.126159838
637799379	-0.025578515
637799380	-0.148579557
637799381	0.027204586
637799382	-0.007899016
637799383	-0.273569844
637799384	-0.08342121
637799385	-0.029643431
637799386	-0.19436419
637799387	0.691372594
637799388	0.090296215
637799389	-0.024548865
637799390	0.327804802
637799391	-0.125205206
637799392	0.022151682
637799393	-0.498366736
637799394	0.182785567
637799395	-0.006121071
637799396	-0.154316866
637799397	-0.380850136
637799398	0.050799633
637799399	0.004976702
637799400	-0.116441474
637799401	-0.16729511
637799402	-0.031936826
637799403	-0.275434159
637799404	0.136562978
637799405	0.002212508
637799406	-0.119097936
637799407	-0.163649161
637799408	0.157893811
637799409	-0.083880575
637799410	0.119991061
637799411	-0.060795519
637799412	0.031085035
637799413	-0.082021272
637799414	-0.160906086
637799415	-0.120938864
637799416	-0.650087563
637799417	-0.214646818
637799418	-0.206051621
637799419	0.043612106
637799420	-0.235220731
637799422	0.082822745
637799423	-0.024978624
637799424	-0.039364437
637799425	-0.018804753
637799426	-0.340499198
637799427	-0.055131086
637799428	0.026130649
637799429	-0.017073313
637799430	0.164798477
637799431	-0.017524996
637799432	0.064498857
637799433	-0.058629768
637799434	-0.269970719
637799435	-0.300195497
637799436	-0.274293239
637799437	0.024288276
637799438	-0.10703193
637799439	0.275530521
637799440	0.000260284
637799441	-0.013304477
637799442	-0.019600819
637799443	0.003359299
637799444	0.047195739
637799445	-0.03378865
637799448	-0.161904307
637799449	-0.382922579
637799450	-0.056427518
637799451	-0.027206774
637799452	-0.006948778
637799453	-0.106985477
637799454	0.36965206
637799455	0.192723588
637799456	-0.008639319
637799457	-0.15670031
637799458	-0.138558051
637799459	0.0220743
637799460	-0.1163136
637799461	-0.248482809
637799462	0.432977951
637799463	-0.128079792
637799464	-0.201632714
637799465	-0.252294381
637799466	0.241452372
637799467	0.182256554
637799468	-0.05244189
637799469	0
637799470	0
637799471	-0.093040171
637799472	-0.205023082
637799473	-0.135960363
637799474	-0.559387253
637799475	-0.963167391
637799476	0.028185579
637799477	-0.175645227
637799478	-0.089485004
637799479	0.153465354
637799480	0.115962366
637799481	-0.02837904
637799482	0.147478101
637799483	-0.032136625
637799484	0.070989602
637799485	0.170772336
637799486	0.223166831
637799489	0.292881568
637799490	-0.194398353
637799491	0.039062989
637799492	-0.259205653
637799493	-0.075495514
637799494	0.082464619
637799495	0.041248534
637799497	-0.112619598
637799498	-0.144694187
637799499	0.207759437
637799500	-0.028665875
637799501	0.200409456
637799502	0.077339062
637799503	0.210442578
637799504	0.077613114
637799505	-0.298851509
637799506	-0.084029359
637799508	0.013638393
637799509	-0.047557811
637799510	-0.03245063
637799511	0.134899829
637799512	-0.606879057
637799513	-0.294068706
637799514	-0.384265036
637799515	0.003576629
637799516	-0.086560824
637799517	-0.253012274
637799518	0.050094726
637799519	0.101610797
637799520	0.201068849
637799521	0.490002193
637799522	0.39404753
637799523	0.122853419
637799524	-0.068645036
637799525	-0.08306446
637799526	-0.154175958
637799527	-0.171294841
637799528	-0.055282281
637799529	0.215095855
637799530	-0.013896762
637799531	-0.050466426
637799532	0.001936339
637799533	0.041552494
637799534	0.628511871
637799535	0.168754622
637799536	-0.191702964
637799537	0.044397398
637799538	0.193774012
637799539	0.115479609
637799540	0.142821706
637799541	0.195237464
637799542	-0.404174269
637799543	-0.572224919
637799544	0.058593347
637799545	0.083952888
637799546	-0.106941677
637799547	-0.040021733
637799548	-0.205617623
637799549	-0.313507956
637799550	0.09456516
637799551	-0.278607796
637799552	-0.271514743
637799553	-0.170576276
637799554	0.056299853
637799555	-0.126639532
637799556	-0.166396177
637799557	-0.306406559
637799558	0.058818312
637799559	0.148677527
637799560	0.127841446
637799561	-0.380690993
637799562	0.136603801
637799563	-0.250809594
637799564	-0.10417509
637799565	-0.069788345
637799566	-0.116796515
637799567	0.149421268
637799568	-0.220943392
637799569	-0.583063567
637799570	-0.008498838
637799571	-0.370261757
637799572	-0.256644264
637799573	0.036779994
637799574	0.203403209
637799575	-0.393236388
637799576	0.317448959
637799577	-0.277055518
637799578	-0.530652325
637799579	0.188401857
637799580	0.067443879
637799581	-0.062158826
637799582	0.510190738
637799583	0.548092779
637799584	-0.14329715
637799585	-0.015913473
637799586	0.050383722
637799587	0.063444581
637799588	0.233408621
637799589	0.112124233
637799590	0.847953385
637799591	-0.145200401
637799592	0.010501465
637799594	-0.262325973
637799595	0.001878056
637799596	0.008239797
637799597	0.255049788
637799598	0.092067036
637799599	-0.007421272
637799600	-0.336437362
637799601	-0.719927258
637799602	-0.736936545
637799603	-0.557759313
637799604	-0.540726781
637799605	0.018767875
637799606	-0.217940042
637799607	-0.128941379
637799608	-0.216378598
637799609	-0.222447366
637799610	0.078199755
637799611	0.052185352
637799612	-0.650429425
637799613	-0.108690105
637799614	-0.013631657
637799615	-0.14592351
637799616	-0.234094487
637799617	0.183686469
637799618	-0.215829095
637799619	-0.282005472
637799620	-0.04327404
637799621	-0.008121969
637799622	0.266393582
637799623	-0.232100717
637799624	-0.095224152
637799625	0.079759873
637799626	0.00505722
637799627	0.141848365
637799628	-0.098420309
637799629	-0.16690866
637799630	-0.035858105
637799631	-0.076704233
637799632	0.11097428
637799634	0.00730695
637799635	-0.041156922
637799636	-0.225892858
637799637	0.158968825
637799638	0.393908407
637799639	0.311575769
637799640	0.237877198
637799641	-0.064110077
637799643	0.015506739
637799644	-0.045861311
637799645	0.340856706
637799646	0.40943274
637799647	0.034366431
637799648	0.005169651
637799649	-0.361036542
637799650	-0.608770672
637799651	-0.017685547
637799652	-0.025097192
637799653	0.055409366
637799654	-0.319581481
637799655	0.058641088
637799656	0.63873639
637799657	0.088752742
637799658	0.019824177
637799659	-0.092239452
637799660	-0.679066814
637799661	-0.589199563
637799662	-0.015054436
637799663	0.412816535
637799664	0.176215529
637799665	-0.368196805
637799666	-0.306249973
637799667	-0.359013677
637799668	0.168706697
637799669	-0.388342793
637799670	-0.153482395
637799671	0.065050525
637799672	-0.142799351
637799673	-0.255090407
637799674	-0.216410359
637799675	-0.207312957
637799676	-0.050023741
637799677	-0.037931455
637799678	-0.238680566
637799679	0.18195281
637799680	0.110111259
637799681	0.10155869
637799682	-0.053746612
637799683	-0.729794294
637799684	0.032435856
637799685	0.093008467
637799687	-0.023027517
637799688	0.056754722
637799689	-0.050393293
637799690	-0.011976702
637799691	-0.263104202
637799692	0.048677119
637799693	0.001643881
637799694	-0.032420204
637799695	-0.019940199
637799696	-0.212289332
637799697	0.035906429
637799698	-0.160343898
637799699	-0.259388373
637799700	-0.409860965
637799701	-0.284469567
637799702	-0.007318596
637799703	-0.028085284
637799704	-0.098425361
637799705	0.029967672
637799706	-0.291810654
637799707	-0.178615498
637799708	-0.025847577
637799709	-0.154348314
637799710	0.154533641
637799711	-0.077698089
637799712	-0.038205675
637799713	-0.139079776
637799714	-0.049595161
637799715	-0.048152392
637799716	0.026128399
637799717	-0.433659544
637799718	0.013628616
637799719	0.078531154
637799720	0.208793764
637799721	-0.099615898
637799722	0.14932578
637799723	-0.149710052
637799724	-0.128336936
637799725	0.455880527
637799726	0.003046014
637799727	0.029703713
637799728	-0.014743842
637799729	0.179232789
637799730	-0.093855527
637799731	0.354288274
637799732	-0.224902142
637799733	-0.313684408
637799734	-0.514970084
637799735	0.196397222
637799737	0.117043698
637799738	-0.046563002
637799739	-0.056204794
637799740	-0.119752594
637799741	-0.037384696
637799742	-0.030248219
637799743	-0.28525643
637799744	-0.087623155
637799745	-0.036974968
637799746	0.000942943
637799747	-0.049614035
637799748	-0.057646522
637799749	-0.037108393
637799750	0.000791756
637799751	-0.059501539
637799752	0.027066409
637799753	-0.62756914
637799754	-0.180393571
637799755	0.108474349
637799756	-0.013065964
637799757	-0.024240169
637799758	-0.021724782
637799759	0.162314904
637799760	-0.092287857
637799761	-0.239989438
637799762	0.059089068
637799763	-0.119895604
637799764	0.185398892
637799765	-0.002873889
637799766	-0.108832454
637799767	0.220500476
637799768	0.256409319
637799769	-0.569536387
637799770	-0.469213302
637799771	-0.17762805
637799772	-0.243457819
637799773	-0.093691876
637799774	-0.357184511
637799775	-0.383413114
637799776	-0.416405138
637799777	-0.303269027
637799778	0.122203813
637799779	-0.006806242
637799780	-0.228940813
637799781	-0.158214928
637799782	-0.186576869
637799783	-0.12712822
637799784	-0.062726635
637799785	0.510130832
637799786	-0.034709415
637799787	-0.063773761
637799788	-0.202465785
637799789	0.183901277
637799790	-0.053532663
637799791	-0.200068821
637799793	-0.344654803
637799794	0.014690245
637799795	-0.150901969
637799796	0.001400854
637799797	0.204446275
637799798	-0.207049454
637799799	-0.050672682
637799800	-0.053297739
637799801	-0.175598259
637799802	0.106679185
637799803	0.184791362
637799804	-0.02372754
637799805	-0.214708931
637799806	0.144239339
637799807	0.151483265
637799808	-0.166226143
637799809	-0.115413521
637799810	-0.033777545
637799811	-0.045672347
637799812	0.09775359
637799813	-0.060325056
637799814	0.198182619
637799815	-0.606430085
637799816	0.065441128
637799817	0.09455885
637799818	-0.218800901
637799819	-0.122112439
637799820	0.047376935
637799821	-0.320379427
637799822	-0.286559098
637799823	0.290365653
637799824	0.059814809
637799825	0.149918969
637799826	0.019130745
637799827	0.036336753
637799828	0.209421591
637799829	1.102531473
637799830	-0.027821888
637799831	-0.015375548
637799832	-0.009310423
637799833	0.249872674
637799834	0.47527977
637799835	0.114014336
637799836	0.123883424
637799837	0.059521031
637799838	-0.203107065
637799839	-0.481700418
637799840	-0.270132447
637799841	-0.029729221
637799842	-0.145813334
637799843	0.184185214
637799844	0.20715557
637799845	-0.014509213
637799846	-0.265433034
637799847	-0.067839785
637799848	0.26157562
637799849	0.151638549
637799850	-0.068605358
637799851	0.3422583
637799852	0.274344464
637799853	-1.218503187
637799854	-1.015550823
637799855	-0.484566922
637799856	-0.543847764
637799857	-0.526089962
637799858	-0.162091467
637799859	-0.6136677
637799860	-0.090734211
637799861	0.013894806
637799862	0.011175563
637799863	0.301403983
637799864	-0.031917073
637799865	-0.15480801
637799866	-0.598528007
637799867	0.043918741
637799868	0.014478906
637799869	0.024474407
637799870	-0.268232512
637799871	-0.162101083
637799872	-0.068706148
637799873	0.155407594
637799874	-0.112917092
637799875	-0.004241828
637799876	-0.016506345
637799877	0.375335385
637799878	0.231818452
637799879	-0.235209009
637799880	0.11072215
637799881	0.039784157
637799882	-0.149421529
637799883	-0.177103705
637799884	0.017658172
637799885	-0.220009495
637799886	-0.085540556
637799887	-0.133564105
637799888	-0.147302908
637799889	-0.006875635
637799890	0.019810034
637799891	-0.017881406
637799892	-0.032236984
637799893	-0.670524721
637799894	-0.530442062
637799895	-0.775798117
637799896	-0.492208566
637799897	0.045550019
637799898	0.167077519
637799899	0.11200628
637799900	-0.009376105
637799901	0.023478306
637799902	-0.117276093
637799903	0.089975007
637799904	-0.163751311
637799905	0.086825985
637799906	-0.042357928
637799907	-0.291957432
637799908	-0.164674253
637799909	-0.03383058
637799910	-0.180154496
637799911	-0.912646393
637799912	0.000770186
637799913	-0.11832475
637799914	-0.090211575
637799915	-0.085466119
637799916	-0.249461865
637799917	-0.240732186
637799918	-0.372838689
637799919	-0.265120805
637799921	0.14226116
637799922	0.037946464
637799923	0.064255104
637799924	0.231326481
637799925	-0.303305616
637799926	0.144165061
637799927	-0.08526388
637799928	0.066830577
637799929	0.208881374
637799930	0.019934059
637799931	-0.157702662
637799932	0.260488778
637799933	-0.00781867
637799934	0.158270272
637799935	0.22468657
637799936	0.120974793
637799937	0.244916457
637799938	-0.073407208
637799939	0.337645045
637799940	-0.02720129
637799941	-0.140082806
637799942	0.082179451
637799943	0.119881995
637799944	0.117485807
637799945	-0.116841778
637799946	-0.299506616
637799947	-0.220094748
637799948	-0.297395158
637799949	0.089161383
637799950	0.149186988
637799951	-0.162691158
637799952	-0.245902365
637799953	-0.29586826
637799954	-0.080016531
637799955	0.000804171
637799956	0.173647296
637799957	0.249801128
637799958	-0.197594783
637799959	0.045811785
637799960	0.08626807
637799961	0.03020827
637799962	-0.16047526
637799963	0.190588749
637799964	0.143626818
637799965	-0.088542097
637799966	0.022146929
637799967	-0.354714461
637799968	-0.164618725
637799969	-0.069869333
637799970	0.00170687
637799971	-0.087510341
637799972	-0.667398678
637799973	-0.922554745
637799974	-0.702229457
637799975	-0.387250583
637799976	-0.184096396
637799977	0.005064434
637799978	0.130599867
637799979	0.131650664
637799980	0.049462617
637799981	-0.374771309
637799982	0.044623419
637799983	0.200935099
637799984	0.252169988
637799985	-0.287742795
637799986	0.299268941
637799987	-0.270190466
637799988	-0.211135403
637799989	0.482627212
637799990	0.557717272
637799991	0.071086475
637799992	-0.003742748
637799993	-0.061855083
637799994	0.089739942
637799995	0.196036528
637799996	-0.002269984
637799997	-0.073562838
637799998	-0.201051438
637799999	-0.000333438
637800000	0.451619686
637800001	-1.20881653
637800002	-0.97356709
637800003	-0.958137245
637800004	0.117565647
637800005	0.821693639
637800006	0.848652783
637800007	0.576224638
637800008	0.364538179
637800009	0.09163717
637800010	-0.259734503
637800011	-0.016142077
637800012	0.093157958
637800013	-0.120155958
637800014	0.10674261
637800015	0.8242296
637800016	-0.106093605
637800017	0.068187211
637800018	-0.10757946
637800019	0.008045563
637800020	-0.012740297
637800021	-0.080175474
637800022	-0.256043232
637800023	-0.005699306
637800024	-0.112126476
637800025	-0.022693241
637800026	-0.284723937
637800027	-0.367329102
637800028	-0.197259671
637800029	-0.321488555
637800030	-0.104625883
637800031	-0.337301478
637800032	-0.359694095
637800033	0.074839925
637800034	-0.12367525
637800035	0.095447703
637800037	-0.281751477
637800038	-0.201655642
637800039	0.145595913
637800040	-0.536976932
637800041	-0.820583146
637800042	-0.172656702
637800043	-0.675592535
637800044	0.475939162
637800045	0.961970405
637800046	1.157232328
637800047	-0.2626763
637800048	-0.31953288
637800049	-0.18038071
637800052	-0.581133061
637800053	-0.42647222
637800054	-0.067579022
637800055	-0.131575001
637800056	-0.081554566
637800057	-0.305038771
637800058	0.161896182
637800059	0.320322734
637800060	0.224377589
637800061	0.003691933
637800062	-0.07683912
637800063	0.025590146
637800064	-0.535788483
637800065	0.008778127
637800066	-0.3513018
637800067	-0.210559834
637800068	-0.150048581
637800070	-0.441086741
637800071	-0.288470248
637800072	-0.08799329
637800073	0.26659606
637800074	-0.310259652
637800075	-0.413154356
637800076	-0.05097868
637800077	0.018619062
637800078	-0.085797317
637800079	0.036216607
637800080	0.087971241
637800081	0.281241508
637800082	-0.034958716
637800083	0.425826921
637800084	-0.031661704
637800085	0.149563926
637800086	-0.025639141
637800087	0.02500446
637800088	-0.065987202
637800089	0.003303883
637800090	0.263132849
637800091	0.418382472
637800092	0.515139937
637800093	0.433767011
637800094	-0.231865577
637800095	0.193386798
637800096	-0.14724577
637800097	0.02417468
637800098	1.331793705
637800099	0.088805263
637800101	-0.373387309
637800102	-0.264476734
637800103	-0.002294722
637800104	0.130632857
637800105	-0.092417734
637800106	0.499698844
637800107	0.822733197
637800108	0.481495199
637800109	0.285902249
637800110	0.047864509
637800111	-0.167511328
637800112	-0.374451585
637800113	0.068248533
637800114	-0.043035611
637800115	0.315899899
637800116	-0.04863297
637800117	-0.502732512
637800118	-0.174675324
637800119	-0.068553154
637800120	-0.024001246
637800121	-0.045070497
637800122	0.063250595
637800123	-0.079216155
637800124	0.020040929
637800125	-0.066040423
637800126	-0.149303986
637800127	0.045712885
637800128	-0.082032452
637800129	-0.13874804
637800130	-0.102729323
637800131	-0.063514947
637800132	0.018653919
637800133	-0.442508598
637800134	0.47121752
637800135	-0.079006681
637800136	-0.065512613
637800137	-0.059270921
637800138	-0.302270895
637800139	0.343159215
637800140	-0.018321717
637800141	-0.257984061
637800142	-0.071801684
637800143	0.162156797
637800144	-0.177325809
637800145	-0.16605642
637800146	-0.03137273
637800147	0.03350212
637800148	-0.460416936
637800149	-0.209438507
637800150	0.013322608
637800151	-0.260332046
637800152	-0.080592691
637800153	0.022055289
637800154	0.259187824
637800156	-0.136511322
637800157	-0.077608934
637800158	-0.343851806
637800159	-0.08176928
637800160	-0.251278261
637800161	0.058388491
637800162	0.112684817
637800163	0.149891618
637800164	0.31572938
637800165	-0.130539698
637800166	-0.209003504
637800167	0.161574061
637800168	0.114626083
637800169	0.251701673
637800170	-0.111325994
637800171	-0.029364214
637800172	-0.158097434
637800173	-0.144900303
637800174	-0.287369092
637800175	-0.044501081
637800176	0.011907957
637800177	0.222560329
637800178	0.050662224
637800179	-0.072407464
637800180	-0.219562992
637800181	-0.896422484
637800182	-0.132081239
637800183	0.077021584
637800184	-0.10924175
637800185	-0.033171794
637800186	0.002034906
637800187	0.057215616
637800188	-0.274062337
637800189	-0.067689018
637800190	-0.204980475
637800191	-0.135394728
637800192	-0.069016376
637800194	-0.1812509
637800195	-0.003811679
637800197	0.243846142
637800198	0.382712324
637800199	0.110691172
637800200	-0.091875627
637800201	-0.12659155
637800202	-0.547459252
637800203	-0.326538983
637800204	0.024334364
637800205	-0.054347091
637800206	-0.063039841
637800207	0.003117885
637800208	-0.001106652
637800209	0.488745784
637800210	0.277825504
637800211	-0.172665476
637800212	0.085069285
637800213	-0.078200781
637800214	-0.351461019
637800215	-0.57652532
637800216	-0.091119144
637800217	0.300484239
637800218	0.255727419
637800219	-0.249547319
637800220	-0.187659063
637800221	-0.231186591
637800222	-0.263833859
637800223	-0.113681356
637800224	0.152418588
637800225	0.965015406
637800226	-0.095094289
637800227	-0.184405991
637800228	-0.264744799
637800229	0.032386245
637800230	-0.023927135
637800231	0.106402812
637800232	-0.080065247
637800233	-0.429798045
637800234	-0.30890751
637800235	-0.047835576
637800236	-0.156126619
637800237	-0.126714204
637800238	-0.31770415
637800239	0.207695122
637800240	0.085522077
637800241	-0.063241609
637800242	0.055592015
637800243	-0.014644481
637800244	-0.153987606
637800245	0.280307408
637800246	0.130814131
637800247	-0.154160902
637800248	0.016402456
637800249	0.067509537
637800250	0.086627774
637800251	0.009670505
637800252	-0.130174566
637800253	-0.333011585
637800254	-0.339833067
637800255	0.07560965
637800256	0.004261969
637800257	0.022803887
637800258	-0.354506182
637800259	-0.358637393
637800260	-0.027346264
637800261	-0.216687094
637800262	-0.404909932
637800263	-0.261884631
637800264	-0.205318266
637800265	0.032915591
637800266	-0.065108099
637800267	-0.171476426
637800268	-0.16683628
637800269	-0.202481303
637800270	0.050824994
637800271	0.243186721
637800272	-0.454800004
637800273	-1.066132533
637800274	-0.268171096
637800275	-0.293446423
637800276	-0.206960159
637800277	-0.262168052
637800278	-0.213251205
637800279	0.461472095
637800280	0.055202683
637800281	-0.02276606
637800282	0.15984585
637800283	0.01253759
637800284	-0.045129547
637800285	0.139382464
637800286	-0.038756589
637800287	-0.073520338
637800288	0.163900734
637800289	0.150265291
637800290	1.222601206
637800291	0.239191618
637800292	-0.287651915
637800293	-0.354366513
637800294	-0.233891565
637800295	-0.081007151
637800296	0.027886574
637800297	0.146051975
637800298	0.030440101
637800299	-0.419671384
637800300	0.109048848
637800301	-0.016695338
637800302	-0.022086977
637800303	-0.5984393
637800304	-0.013651016
637800305	-0.077125593
637800306	0.414016591
637800307	-0.445985919
637800308	-0.107240845
637800309	-0.023169298
637800310	0.107453815
637800311	-0.057758869
637800312	0.41248918
637800313	0.087332396
637800314	0.238693405
637800315	-0.115832512
637800316	0.0222765
637800317	-0.604854659
637800318	-0.024374865
637800319	0.064189814
637800320	-0.063168088
637800321	-0.187290686
637800322	-0.06461676
637800323	-0.977775852
637800324	-0.14925745
637800325	-0.098255933
637800326	-0.132181808
637800327	0.156238299
637800328	0.081687033
637800329	0.027556218
637800330	-0.365298564
637800331	-0.239202496
637800332	-0.619301226
637800333	-0.126315168
637800334	0.318087221
637800335	-0.156585294
637800336	0.092812342
637800337	0.119762306
637800338	-0.038278768
637800339	-0.078527386
637800340	-0.093165335
637800341	-0.092494371
637800342	-0.009439605
637800343	-0.009510934
637800344	-0.073119159
637800345	-0.310488659
637800346	-0.400928831
637800347	-0.322380867
637800348	-0.29723017
637800349	-0.346015715
637800350	0.206836969
637800351	0.097489523
637800352	-0.165463948
637800353	-0.187708313
637800354	-0.529989898
637800355	-0.523031063
637800356	0.157214075
637800357	-0.381970412
637800358	-0.139503018
637800359	-0.020610267
637800360	0.18838271
637800361	0.067988387
637800362	-0.291206165
637800363	-0.128049542
637800364	-0.146775934
637800365	-0.395543806
637800366	-0.057943429
637800367	-0.225829917
637800368	-0.031328114
637800369	-0.04980202
637800370	-0.114248617
637800371	0.081734809
637800372	-0.127541443
637800373	-0.002674212
637800374	-0.230599478
637800375	-0.072815202
637800376	-0.053215309
637800377	-0.010396583
637800378	-0.047741905
637800379	0.019447084
637800380	-0.027319696
637800381	0.075673876
637800382	0.001725839
637800383	0.078583797
637800384	-0.261515024
637800385	-0.055016012
637800386	-0.526571638
637800387	-0.192311003
637800389	0.195873552
637800390	0.089919745
637800391	-0.303059013
637800392	0.475702184
637800393	0.289008117
637800394	0.017574243
637800395	0.010685795
637800396	-0.088690115
637800397	0.010249355
637800398	-0.125101602
637800399	-0.323271459
637800400	0.005379912
637800401	0.180568246
637800402	-0.081388255
637800403	0.50164886
637800404	-0.05512806
637800405	-0.286310318
637800406	0.004774007
637800407	-0.123831939
637800408	-0.157093514
637800411	0.000489883
637800412	-0.045371119
637800413	-0.01354493
637800414	-0.40531176
637800415	-0.02502627
637800416	-0.126874954
637800417	-0.078852016
637800418	-0.294131875
637800419	-0.056797492
637800420	-0.015703493
637800421	0.300315341
637800422	-0.184677414
637800423	-0.187576191
637800424	0.077591108
637800425	0.137896072
637800426	-0.062886197
637800427	-0.772661012
637800428	-0.312415342
637800429	-0.337118495
637800430	0.049166274
637800431	-0.343556407
637800432	0.477754038
637800433	-0.318911954
637800434	-0.006441912
637800435	-0.161169202
637800436	0.144922431
637800437	-0.009684469
637800438	-0.066080262
637800439	-0.136254452
637800440	0.036435739
637800441	-0.753677118
637800442	-0.611065619
637800443	0.12597332
637800444	-0.254140161
637800445	-0.174065161
637800446	0.00541699
637800447	0.403139556
637800448	0.190284503
637800449	-0.318684858
637800450	-0.163493884
637800451	-0.144046877
637800452	-0.044806121
637800453	-0.019104574
637800454	-0.046764843
637800455	-0.47593405
637800456	-0.067889518
637800457	0.05497552
637800458	-0.08037516
637800459	-0.16975642
637800460	-0.276732815
637800461	-0.565720922
637800462	-0.127309693
637800463	0.098681779
637800464	-0.06403985
637800465	-0.108877703
637800466	0.246442519
637800467	0.242989006
637800468	0.189627885
637800469	-0.019722827
637800470	-0.074165666
637800471	-0.561921916
637800472	-0.238106296
637800473	-0.028545649
637800474	0.26003105
637800475	-0.595428597
637800476	-0.210690041
637800477	-0.182455446
637800478	-0.223098301
637800479	-0.068370495
637800480	0.180850245
637800481	-0.048732652
637800482	-0.20403295
637800483	-0.626702142
637800484	0.104616396
637800485	-0.124478266
637800486	-0.115579095
637800487	0.054608764
637800488	-0.613708628
637800489	-0.235644562
637800490	-0.199605293
637800491	-0.050809439
637800492	0.087326937
637800493	0.322291304
637800494	0.252580118
637800495	0.22990454
637800496	-0.193866421
637800497	-0.141177821
637800498	0.271561068
637800499	-0.161412485
637800500	-0.024288258
637800501	-0.244007432
637800502	-0.173964689
637800503	-0.068172292
637800504	-0.355599135
637800505	0.018278572
637800506	-0.93745081
637800507	0.058773697
637800508	0.032215561
637800509	-0.260315044
637800510	0.118062708
637800511	-0.0618346
637800512	0.028968809
637800513	-0.155791919
637800514	-0.024343288
637800515	0.128848973
637800516	-0.13019882
637800517	-0.769163728
637800518	-0.186920362
637800519	-0.039407738
637800520	0.057004873
637800521	-0.010416012
637800522	-0.111670151
637800523	0.357514957
637800524	0.045292559
637800525	0.14546463
637800526	-0.361057421
637800527	0.854736739
637800528	0.036962857
637800529	-0.255759977
637800530	-0.278744813
637800531	-0.551430693
637800532	0.183244816
637800533	0.028292245
637800534	-0.462683834
637800535	-0.650472673
637800536	-0.022402067
637800537	0.019032878
637800538	0.008023673
637800539	0.059233095
637800540	-0.159296134
637800541	0.286418428
637800542	-0.081816148
637800543	-0.048553596
637800544	0.037924904
637800545	-0.059626139
637800546	-0.061191872
637800547	-0.000506
637800548	0.20486872
637800549	-0.414341814
637800550	-0.070815459
637800551	-0.491164736
637800552	-0.427560825
637800553	-0.000885219
637800554	0.129850427
637800555	0.203213491
637800556	-0.105809994
637800557	0.070900337
637800558	-0.21062749
637800559	-0.146183713
637800560	0.25977639
637800561	-0.082353749
637800562	-0.197433547
637800563	-0.052494881
637800564	-0.138895775
637800565	-0.367276598
637800566	-0.101845237
637800567	-0.291177187
637800568	0.14061692
637800569	0.094278781
637800570	0.010463824
637800571	-0.283057329
637800572	-0.009541036
637800573	-0.478218408
637800574	-0.11607666
637800575	0.120343099
637800576	-0.219947325
637800577	-0.14490884
637800578	0.153038119
637800579	-0.14039191
637800580	-0.041819064
637800581	0.094928734
637800582	-0.332988427
637800583	-0.176494084
637800584	0.007637982
637800585	0.087631213
637800586	-0.273037697
637800587	-0.102935786
637800588	0.117374946
637800589	0.26572646
637800590	-0.084217675
637800591	-0.009979077
637800592	0.02658767
637800593	-0.046485642
637800594	0.028649109
637800595	0.27643526
637800596	0.07726184
637800597	0.122877668
637800598	-0.06684621
637800599	-0.264283621
637800600	0.009463541
637800601	-0.205392723
637800602	-0.189178717
637800603	-0.583523581
637800604	-0.182276707
637800605	-0.343742524
637800606	-0.16766184
637800607	0.354615231
637800608	-0.547530172
637800609	0.03617596
637800610	0.078561609
637800611	-0.089021213
637800612	-0.109072149
637800613	-0.144752663
637800614	-0.185681914
637800615	-0.071741645
637800616	-0.397056758
637800617	-0.393519373
637800618	-0.081464044
637800619	0.287967343
637800620	-0.260545849
637800621	-0.115203917
637800622	-0.067130257
637800623	-0.349103725
637800624	-0.007264567
637800625	-0.483017725
637800626	0.141402947
637800627	0.202138982
637800628	0.000514706
637800629	0.177566792
637800630	0.353759303
637800631	-0.038277853
637800632	0.17690547
637800633	-0.176402921
637800634	0.024446908
637800635	-0.108736035
637800636	-0.011506274
637800637	0.301231827
637800638	0.018588838
637800639	-0.072977343
637800640	0.137575948
637800641	0.321371099
637800642	-0.117486814
637800643	-0.021585455
637800644	0.120207653
637800645	0.290433984
637800646	0.097510438
637800647	-0.113063364
637800648	0.254380348
637800650	0.072214583
637800651	0.093447481
637800652	0.002107774
637800653	-0.029380722
637800654	-0.152543216
637800655	-0.030212776
637800657	0.006788333
637800658	0.069903565
637800659	-0.053489252
637800660	-0.114787417
637800661	-0.126067158
637800662	0.087477429
637800663	0.181852673
637800664	-0.05684919
637800665	0.146794798
637800666	0.349110874
637800667	0.156455621
637800668	0.474426538
637800669	0.369458433
637800670	0.216737081
637800671	0.161010558
637800672	0.374850558
637800673	0.140030943
637800674	0.263563871
637800675	0.18689615
637800676	0.131300824
637800677	-0.129349718
637800678	-0.034483195
637800679	0.044973589
637800680	0.093350557
637800681	-0.18798944
637800682	-0.040534158
637800683	0.099461013
637800684	0.016305816
637800685	0.574123962
637800686	-0.192768692
637800687	0.103712603
637800688	0.200630727
637800689	-0.023898921
637800690	0.107204972
637800691	-0.580700633
637800692	-0.620794418
637800693	-0.03274482
637800694	0.040895125
637800695	-0.006686501
637800696	-0.759671596
637800697	-0.085858896
637800698	-0.04460524
637800699	0.027144529
637800700	0.312940927
637800701	0.552605642
637800702	0.182220471
637800703	-0.175563766
637800704	-0.286942685
637800705	-0.185385825
637800706	0.018002541
637800707	0.057404701
637800708	-0.080945452
637800709	0.002783701
637800710	0.149503721
637800711	0.048420646
637800712	0.091890856
637800713	-0.042606877
637800714	0.47382627
637800715	-0.058694788
637800716	-0.138082707
637800717	-0.073075939
637800718	0.114125721
637800719	0.10112787
637800720	0.455763828
637800721	-0.017493254
637800722	0.032737331
637800723	-0.008154607
637800724	-0.142485777
637800725	0.158232213
637800726	0.207501517
637800727	-0.112303654
637800728	-0.080219307
637800729	-0.131853185
637800730	-0.115576667
637800731	-0.07718612
637800732	-0.744722265
637800733	0.02548781
637800734	-0.020812926
637800735	0.220979393
637800736	0.189469469
637800737	-0.025481198
637800738	-0.057237741
637800740	0.126028244
637800741	-0.18470352
637800742	0.002171912
637800743	0.076416264
637800744	-0.006568744
637800745	0.475895677
637800746	0.007234374
637800747	-0.168982848
637800748	-0.443490779
637800749	0.130266289
637800750	-0.157343335
637800751	-0.010482062
637800752	-0.174813381
637800753	-0.136193831
637800754	0.826517572
637800755	0.840410325
637800756	0.309402004
637800757	-0.513376373
637800758	-0.17314445
637800759	-0.095846586
637800760	0.229017579
637800761	0.444390038
637800762	0.470817826
637800763	-0.326029097
637800764	-0.716320273
637800765	-0.011132476
637800766	0.039761434
637800767	0.283338881
637800768	-0.149948418
637800769	-0.118872033
637800770	-0.140452522
637800771	-0.345816266
637800772	0.064130943
637800773	-0.278487168
637800774	0.833817477
637800775	-0.1822002
637800776	0.018066905
637800777	0.186541651
637800778	0.206685811
637800779	-0.179156715
637800780	-0.470430842
637800781	0.463597558
637800782	0.905700142
637800783	1.146943619
637800784	0.822621421
637800785	-0.425351409
637800786	-0.230040547
637800787	-0.202942821
637800788	0.150619118
637800789	-0.12929131
637800790	0.096338939
637800791	0.288079355
637800792	-0.088822639
637800793	-0.56390373
637800794	0.347562936
637800795	-0.020336175
637800796	0.017568584
637800797	0.033829837
637800798	-0.137189012
637800799	0.13156841
637800800	0.436249638
637800801	-0.043140477
637800802	-0.646469787
637800803	0.076300299
637800804	0.056929776
637800805	-0.019502169
637800806	-0.20675831
637800807	-0.530845818
637800808	-0.056234078
637800809	-0.002864459
637800810	-0.105014421
637800811	0.008361518
637800812	-0.009663476
637800813	-0.300334225
637800814	-0.396632163
637800815	0.204277565
637800816	0.013997327
637800817	-0.227947761
637800818	0.105042483
637800819	-0.159928776
637800820	0.014730008
637800821	-0.115522659
637800822	-0.091227078
637800823	-0.251065031
637800824	-0.115759342
637800825	0.187224546
637800826	-0.332607038
637800827	-0.022652425
637800828	0.201313014
637800829	-0.040786033
637800830	-0.026729344
637800831	-0.214809282
637800832	0.655950315
637800833	0.79439526
637800834	0.250764568
637800835	0.504930562
637800836	0.916218436
637800837	0.214625296
637800838	0.012387903
637800839	0.134220938
637800840	0.176392657
637800841	0.085049704
637800842	0.114202524
637800843	-0.218790247
637800844	-0.224648466
637800845	-0.571871007
637800846	-0.054437786
637800847	0.030302944
637800848	-0.14353167
637800849	-0.004100983
637800850	-0.009305585
637800851	-0.045385928
637800852	0.321520221
637800853	0.02631703
637800854	0.166567141
637800855	0.228671462
637800856	-0.113686059
637800857	-0.484496631
637800858	0.178675334
637800859	0.04286211
637800860	0.365463165
637800861	0.144650273
637800862	0.053675437
637800863	0.117698029
637800864	-0.00177386
637800865	-0.17599889
637800866	-0.199674997
637800867	0.072246182
637800868	0.236048353
637800869	-0.004940776
637800870	0.05958571
637800871	0.051893183
637800872	0.38266163
637800873	0.181633104
637800874	-0.270822898
637800875	0.061740152
637800876	0.022903977
637800877	-0.136502963
637800878	0.035186784
637800879	0.173066373
637800880	0.226106408
637800881	0.090793108
637800882	-0.062481603
637800883	-0.129785892
637800884	0.167188214
637800885	-0.109090555
637800886	0.23456247
637800887	-0.372375931
637800888	0.105157937
637800889	0.057352223
637800890	0.003521546
637800891	0.05507052
637800892	-0.13335766
637800893	0.164471083
637800894	-0.068412986
637800895	-0.443147363
637800896	-0.050361529
637800897	0.359314531
637800898	-0.296512546
637800899	-0.292516196
637800900	-0.388423311
637800901	-0.245254591
637800902	-0.039104913
637800903	-0.085653554
637800905	-0.217718409
637800906	-0.100175021
637800907	0.225773165
637800908	-0.675037824
637800909	-0.088140999
637800910	1.106008944
637800911	0.027589247
637800912	-0.868125909
637800913	-0.017575684
637800914	0.033422469
637800915	-0.202555978
637800916	0.177568286
637800917	-0.16482554
637800918	-0.114600271
637800919	-0.048797861
637800920	-0.199844943
637800921	-0.189479009
637800922	-0.085814983
637800923	-0.181629747
637800924	-0.07912868
637800925	-0.26090782
637800926	-0.015948908
637800927	0.256906065
637800928	-0.392454667
637800929	-0.295623604
637800930	-0.173506707
637800931	-0.222975817
637800932	-0.268304428
637800933	-0.051664777
637800934	0.077794636
637800935	0.208201788
637800936	0.135920379
637800937	0.094605955
637800938	0.034733208
637800939	-0.140037932
637800940	-0.36980122
637800941	-0.144952252
637800942	-0.120701698
637800943	0.031312707
637800944	-0.038501804
637800945	-0.093247663
637800946	-0.687885891
637800947	0.33609446
637800948	0.43448124
637800949	0.337919607
637800950	-0.331263717
637800951	-0.133009336
637800952	-0.454147989
637800953	0.085634658
637800954	-0.1114979
637800955	0.097958535
637800956	0.201831001
637800957	0.04992806
637800958	-0.12461174
637800959	-0.710445337
637800960	0.073296864
637800961	0.031222218
637800962	-0.275580279
637800963	-0.189865893
637800964	-0.025529125
637800965	0.130045763
637800966	0.09811307
637800967	-0.25523048
637800968	0.150066433
637800969	-0.184529208
637800970	-0.156954368
637800971	0.032315046
637800972	0.009366708
637800973	0.161776614
637800974	-0.417931411
637800975	-0.035038564
637800976	-0.016590266
637800978	0.024570946
637800979	-0.260661394
637800980	-0.172953653
637800981	-0.371394235
637800982	0.018624993
637800983	-0.093444807
637800984	-0.067012167
637800985	0.25707933
637800986	0.051835933
637800987	-0.142460644
637800988	-0.317534049
637800989	-0.112232495
637800990	0.330406039
637800991	-0.494057651
637800992	0.169206013
637800993	0.191795513
637800994	-0.098477638
637800995	-0.102559602
637800996	-0.1389272
637800997	-0.514977855
637800998	0.324672867
637800999	-0.076549534
637801000	-0.20360488
637801001	0.202922818
637801002	0.356364069
637801003	0.246595825
637801004	0.459770349
637801005	0.316940076
637801006	0.534991011
637801007	0.603151739
637801008	-0.014102348
637801009	-0.21771867
637801010	-0.000480418
637801011	-0.473728334
637801012	-0.09134718
637801013	-0.001940647
637801014	-0.158194738
637801015	-0.613358196
637801016	-0.202136833
637801017	0.000871711
637801018	-0.200846689
637801019	-0.285511173
637801020	-0.400408811
637801021	-0.099293142
637801022	-0.240244033
637801023	0.025497733
637801024	-0.026951849
637801025	-0.022091666
637801029	0.084478447
637801030	-0.016851499
637801031	0.034540142
637801032	0.089034137
637801033	0.061404798
637801034	-0.150049981
637801035	-0.015536049
637801036	0.045717055
637801037	0.142143586
637801038	-0.206774464
637801040	0.010486646
637801041	-0.020099733
637801042	0.040230972
637801043	-0.009675096
637801044	1.422553948
637801045	1.134516114
637801046	-0.151009778
637801047	-0.154258101
637801048	0.182929439
637801049	-0.18042986
637801050	-0.541744478
637801051	-0.181658957
637801052	0.011998509
637801053	-0.218522908
637801054	0.180070649
637801055	0.270482837
637801056	0.440384118
637801057	0.367195101
637801058	0.282692651
637801059	0.153700227
637801060	-0.177473173
637801061	-0.332791506
637801062	-0.550147728
637801063	0.143640925
637801064	-0.378850441
637801065	-0.136588224
637801066	-0.182666238
637801067	0.146240985
640711016	-0.980318727
640711017	-0.152436123
640711018	-0.007165558
640711019	-1.043164893
640711020	-0.589794095
640711021	-0.719783548
640711022	-0.518462447
640711023	-1.463132563
640711024	0
640711025	0
640711026	0
640711027	0
640711028	0
640711029	-1.243970319
640711030	0.002124566
640711031	-1.498956374
640711032	-1.543084458
640711033	-2.039254275
640711034	-0.901437631
640711035	-1.039649736
640711036	-0.435167091
640711037	-0.188322123
640711038	-0.102154227
640711039	-0.166597733
640711040	-0.889253383
640711041	-0.579961894
640711042	-0.449520078
640711043	-0.571918244
640711044	-1.730860517
640711045	-0.545648577
640711046	-0.926872104
640711047	-0.650921296
640711048	-0.72070096
640711049	-1.217160796
640711050	-0.743632373
640711051	-0.967436259
640711052	-1.041866303
640711053	-0.868209264
640711054	-0.509325451
640711055	-1.333967464
640711056	-0.473741204
640711057	-0.959808336
640711058	-1.26236858
640711059	-0.473891649
640711060	-0.24470405
640711061	-2.537152857
640711062	-2.00289361
640711063	-1.439038208
640711064	-0.429923648
640711065	-0.373627134
640711066	-2.529385416
640711067	-0.503108213
640711068	-1.145580181
637798356	0.062221678
637798357	-0.056513698
637798358	-0.201675821
637798359	-0.037885733
637798360	-0.05579316
637798361	-0.146229063
637798362	0.058771666
637798363	0.048796433
637798364	0.095672038
637798365	0.005070296
637798366	-0.06712739
637798367	-0.169600008
637798368	0.101352607
637798369	0.012660927
637798370	0.017127849
637798371	0.040802398
637798372	0.110547405
637798373	0.303770509
637798374	-0.078379289
637798375	-0.080755002
637798376	0.006487441
637798377	0.033999024
637798378	-0.022725207
637798379	0.046080476
637798380	0.080744133
637798381	0.17746807
637798382	0.273869201
637798383	0.709524704
637798384	0.219832293
637798385	0.120229208
637798386	-0.007510327
637798387	0.204561388
637798388	-0.140985328
637798389	0.075488943
637798390	-0.127044773
637798391	-0.075547126
637798392	0.010872202
637798393	-0.076326109
637798394	-0.025715502
637798395	-0.057668021
637798396	0.011079193
637798397	-0.022967023
637798398	-1.115588304
637798399	-0.20073787
637798400	-0.696064079
637798401	0.138886276
637798402	-0.277897596
637798403	-0.064962253
637798404	-0.197408862
637798405	0.166734307
pANS_predictedORF_1	0.286617903
pANS_predictedORF_2	0.132765396
pANS_predictedORF_3	-0.095848221
pANS_predictedORF_4	-0.012638905
pANS_predictedORF_5	-0.019250887
pANS_predictedORF_6	0.065309029
pANS_predictedORF_7	-0.034510788
pANS_predictedORF_8	-0.034610525
